MIN=0	-10	-1	-1	-2	0	
MAX=12.5	10	1	1	2	50	
SCALE=5	5	0.5	0.5	1	10	
DEC=2	2	3	3	2	2	
DEF="Time" t / s	"Voltage" U_1 / V	"Current" I_1 / A	"Voltage" U_B2 / V	"Magnetic Flux" &F / Vs	"Frequency" f / Hz	
0	0	0.0005	0.0045	0	NAN	
0.01	0.005	0	-0.0005	2E-5	NAN	
0.02	0.015	0.001	0.015	9.25E-5	NAN	
0.03	0.02	0.002	0.0135	0.000235	NAN	
0.04	0.03	0.004	0.023	0.0004175	NAN	
0.05	0.04	0.005	0.0235	0.00065	NAN	
0.06	0.045	0.007	0.0335	0.000935	NAN	
0.07	0.055	0.0095	0.037	0.0012875	NAN	
0.08	0.06	0.012	0.0425	0.001685	NAN	
0.09	0.07	0.014	0.04	0.0020975	NAN	
0.1	0.08	0.016	0.047	0.0025325	NAN	
0.11	0.085	0.019	0.045	0.0029925	NAN	
0.12	0.095	0.0225	0.061	0.0035225	NAN	
0.13	0.1	0.025	0.0545	0.0041	NAN	
0.14	0.11	0.028	0.0635	0.00469	NAN	
0.15	0.12	0.031	0.0605	0.00531	NAN	
0.16	0.125	0.034	0.069	0.0059575	NAN	
0.17	0.135	0.037	0.0705	0.006655	NAN	
0.18	0.14	0.0395	0.077	0.0073925	NAN	
0.19	0.15	0.042	0.078	0.0081675	NAN	
0.2	0.16	0.044	0.0895	0.009005	NAN	
0.21	0.165	0.0455	0.088	0.0098925	NAN	
0.22	0.175	0.048	0.102	0.0108425	NAN	
0.23	0.18	0.05	0.0985	0.011845	NAN	
0.24	0.19	0.0515	0.109	0.0128825	NAN	
0.25	0.2	0.054	0.107	0.0139625	NAN	
0.26	0.205	0.056	0.1155	0.015075	NAN	
0.27	0.215	0.058	0.121	0.0162575	NAN	
0.28	0.22	0.0605	0.124	0.0174825	NAN	
0.29	0.23	0.062	0.1265	0.018735	NAN	
0.3	0.24	0.0645	0.1315	0.020025	NAN	
0.31	0.245	0.0675	0.1345	0.021355	NAN	
0.32	0.255	0.0695	0.148	0.0227675	NAN	
0.33	0.26	0.0715	0.143	0.0242225	NAN	
0.34	0.27	0.074	0.1555	0.025715	NAN	
0.35	0.28	0.0765	0.1495	0.02724	NAN	
0.36	0.285	0.0785	0.159	0.0287825	NAN	
0.37	0.295	0.081	0.1645	0.0304	NAN	
0.38	0.3	0.0835	0.1665	0.032055	NAN	
0.39	0.31	0.086	0.174	0.0337575	NAN	
0.4	0.32	0.0885	0.1725	0.03549	NAN	
0.41	0.325	0.091	0.181	0.0372575	NAN	
0.42	0.335	0.0935	0.183	0.0390775	NAN	
0.43	0.34	0.096	0.1855	0.04092	NAN	
0.44	0.35	0.0985	0.1925	0.04281	NAN	
0.45	0.36	0.101	0.1895	0.04472	NAN	
0.46	0.365	0.1035	0.201	0.0466725	NAN	
0.47	0.375	0.1065	0.199	0.0486725	NAN	
0.48	0.38	0.1095	0.21	0.0507175	NAN	
0.49	0.39	0.1115	0.205	0.0527925	NAN	
0.5	0.4	0.1145	0.2135	0.054885	NAN	
0.51	0.405	0.1175	0.2115	0.05701	NAN	
0.52	0.415	0.12	0.225	0.0591925	NAN	
0.53	0.42	0.123	0.2195	0.061415	NAN	
0.54	0.43	0.1265	0.229	0.0636575	NAN	
0.55	0.44	0.1285	0.2275	0.06594	NAN	
0.56	0.445	0.1315	0.234	0.0682475	NAN	
0.57	0.455	0.134	0.24	0.0706175	NAN	
0.58	0.46	0.1365	0.241	0.0730225	NAN	
0.59	0.47	0.139	0.247	0.0754625	NAN	
0.6	0.48	0.1415	0.2465	0.07793	NAN	
0.61	0.485	0.144	0.254	0.0804325	NAN	
0.62	0.495	0.1465	0.256	0.0829825	NAN	
0.63	0.5	0.1485	0.2605	0.085565	NAN	
0.64	0.51	0.151	0.2695	0.088215	NAN	
0.65	0.52	0.1535	0.2635	0.09088	NAN	
0.66	0.525	0.156	0.283	0.0936125	NAN	
0.67	0.535	0.1585	0.279	0.0964225	NAN	
0.68	0.54	0.1605	0.283	0.0992325	NAN	
0.69	0.55	0.163	0.282	0.1020575	NAN	
0.7	0.56	0.166	0.292	0.1049275	NAN	
0.71	0.565	0.168	0.289	0.1078325	NAN	
0.72	0.575	0.1705	0.3005	0.11078	NAN	
0.73	0.58	0.173	0.2975	0.11377	NAN	
0.74	0.59	0.1755	0.3085	0.1168	NAN	
0.75	0.6	0.178	0.305	0.1198675	NAN	
0.76	0.605	0.1805	0.3155	0.12297	NAN	
0.77	0.615	0.183	0.315	0.1261225	NAN	
0.78	0.62	0.1855	0.325	0.1293225	NAN	
0.79	0.63	0.188	0.324	0.1325675	NAN	
0.8	0.64	0.191	0.327	0.1358225	NAN	
0.81	0.645	0.1935	0.329	0.1391025	NAN	
0.82	0.655	0.1965	0.335	0.1424225	NAN	
0.83	0.66	0.199	0.3375	0.145785	NAN	
0.84	0.67	0.202	0.3405	0.149175	NAN	
0.85	0.68	0.205	0.3425	0.15259	NAN	
0.86	0.685	0.208	0.345	0.1560275	NAN	
0.87	0.695	0.211	0.355	0.1595275	NAN	
0.88	0.7	0.214	0.351	0.1630575	NAN	
0.89	0.71	0.2175	0.3585	0.166605	NAN	
0.9	0.72	0.2205	0.356	0.1701775	NAN	
0.91	0.725	0.224	0.362	0.1737675	NAN	
0.92	0.735	0.2275	0.3645	0.1774	NAN	
0.93	0.74	0.231	0.365	0.1810475	NAN	
0.94	0.75	0.235	0.3695	0.18472	NAN	
0.95	0.76	0.2385	0.368	0.1884075	NAN	
0.96	0.765	0.2425	0.371	0.1921025	NAN	
0.97	0.775	0.247	0.374	0.1958275	NAN	
0.98	0.78	0.251	0.374	0.1995675	NAN	
0.99	0.79	0.2555	0.3745	0.20331	NAN	
1	0.8	0.26	0.376	0.2070625	NAN	
1.01	0.805	0.2645	0.373	0.2108075	NAN	
1.02	0.815	0.2695	0.3805	0.214575	NAN	
1.03	0.82	0.2745	0.3715	0.218335	NAN	
1.04	0.83	0.2795	0.378	0.2220825	NAN	
1.05	0.84	0.2855	0.3715	0.22583	NAN	
1.06	0.845	0.2905	0.3755	0.229565	NAN	
1.07	0.855	0.2965	0.3715	0.2333	NAN	
1.08	0.86	0.302	0.372	0.2370175	NAN	
1.09	0.87	0.308	0.367	0.2407125	NAN	
1.1	0.88	0.3145	0.3695	0.244395	NAN	
1.11	0.885	0.3205	0.3595	0.24804	NAN	
1.12	0.895	0.3265	0.3685	0.25168	NAN	
1.13	0.9	0.333	0.3555	0.2553	NAN	
1.14	0.91	0.3395	0.365	0.2589025	NAN	
1.15	0.92	0.346	0.352	0.2624875	NAN	
1.16	0.925	0.3525	0.3585	0.26604	NAN	
1.17	0.935	0.359	0.3495	0.26958	NAN	
1.18	0.94	0.3655	0.3515	0.273085	NAN	
1.19	0.95	0.3725	0.342	0.2765525	NAN	
1.2	0.96	0.379	0.348	0.2800025	NAN	
1.21	0.965	0.3855	0.333	0.2834075	NAN	
1.22	0.975	0.393	0.3435	0.28679	NAN	
1.23	0.98	0.3995	0.326	0.2901375	NAN	
1.24	0.99	0.4065	0.335	0.2934425	NAN	
1.25	1	0.4135	0.3225	0.29673	NAN	
1.26	1.005	0.42	0.3265	0.299975	NAN	
1.27	1.015	0.427	0.321	0.3032125	NAN	
1.28	1.02	0.4335	0.318	0.3064075	NAN	
1.29	1.03	0.4405	0.3135	0.309565	NAN	
1.3	1.04	0.448	0.3105	0.312685	NAN	
1.31	1.045	0.4545	0.306	0.3157675	NAN	
1.32	1.055	0.4615	0.307	0.3188325	NAN	
1.33	1.06	0.4685	0.2995	0.321865	NAN	
1.34	1.07	0.4755	0.2985	0.324855	NAN	
1.35	1.08	0.4825	0.292	0.3278075	NAN	
1.36	1.085	0.4895	0.2905	0.33072	NAN	
1.37	1.095	0.4965	0.289	0.3336175	NAN	
1.38	1.1	0.5035	0.2835	0.33648	NAN	
1.39	1.11	0.511	0.2795	0.339295	NAN	
1.4	1.12	0.518	0.278	0.3420825	NAN	
1.41	1.125	0.525	0.269	0.3448175	NAN	
1.42	1.135	0.532	0.276	0.3475425	NAN	
1.43	1.14	0.539	0.261	0.3502275	NAN	
1.44	1.15	0.5465	0.2685	0.352875	NAN	
1.45	1.16	0.5535	0.2525	0.35548	NAN	
1.46	1.165	0.5605	0.2585	0.358035	NAN	
1.47	1.175	0.5675	0.249	0.3605725	NAN	
1.48	1.18	0.5745	0.252	0.3630775	NAN	
1.49	1.19	0.582	0.241	0.3655425	NAN	
1.5	1.2	0.5885	0.2435	0.367965	NAN	
1.51	1.205	0.5955	0.2335	0.37035	NAN	
1.52	1.215	0.603	0.239	0.3727125	NAN	
1.53	1.22	0.61	0.227	0.3750425	NAN	
1.54	1.23	0.6175	0.228	0.3773175	NAN	
1.55	1.24	0.624	0.2215	0.379565	NAN	
1.56	1.245	0.6315	0.2185	0.381765	NAN	
1.57	1.255	0.6385	0.2185	0.38395	NAN	
1.58	1.26	0.6455	0.212	0.3861025	NAN	
1.59	1.27	0.6525	0.207	0.3881975	NAN	
1.6	1.28	0.6595	0.2065	0.390265	NAN	
1.61	1.285	0.6665	0.1965	0.39228	NAN	
1.62	1.295	0.6735	0.204	0.3942825	NAN	
1.63	1.3	0.6805	0.187	0.3962375	NAN	
1.64	1.31	0.688	0.1965	0.398155	NAN	
1.65	1.32	0.695	0.182	0.4000475	NAN	
1.66	1.325	0.7015	0.189	0.4019025	NAN	
1.67	1.335	0.709	0.179	0.4037425	NAN	
1.68	1.34	0.716	0.1795	0.405535	NAN	
1.69	1.35	0.723	0.1715	0.40729	NAN	
1.7	1.36	0.73	0.172	0.4090075	NAN	
1.71	1.365	0.7365	0.1655	0.410695	NAN	
1.72	1.375	0.7435	0.168	0.4123625	NAN	
1.73	1.38	0.7505	0.1595	0.414	NAN	
1.74	1.39	0.7575	0.1605	0.4156	NAN	
1.75	1.4	0.764	0.1525	0.417165	NAN	
1.76	1.405	0.771	0.155	0.4187025	NAN	
1.77	1.415	0.778	0.1475	0.420215	NAN	
1.78	1.42	0.7845	0.1495	0.4217	NAN	
1.79	1.43	0.7915	0.1385	0.42314	NAN	
1.8	1.44	0.798	0.146	0.4245625	NAN	
1.81	1.445	0.8045	0.1325	0.425955	NAN	
1.82	1.455	0.8115	0.1415	0.427325	NAN	
1.83	1.46	0.818	0.1275	0.42867	NAN	
1.84	1.47	0.8245	0.1325	0.42997	NAN	
1.85	1.48	0.831	0.126	0.4312625	NAN	
1.86	1.485	0.8375	0.125	0.4325175	NAN	
1.87	1.495	0.844	0.1245	0.433765	NAN	
1.88	1.5	0.8505	0.1195	0.434985	NAN	
1.89	1.51	0.857	0.116	0.4361625	NAN	
1.9	1.52	0.863	0.119	0.4373375	NAN	
1.91	1.525	0.8695	0.1075	0.43847	NAN	
1.92	1.535	0.8755	0.119	0.4396025	NAN	
1.93	1.54	0.882	0.102	0.4407075	NAN	
1.94	1.55	0.8885	0.113	0.4417825	NAN	
1.95	1.56	0.894	0.099	0.4428425	NAN	
1.96	1.565	0.9005	0.106	0.4438675	NAN	
1.97	1.575	0.9065	0.1035	0.444915	NAN	
1.98	1.58	0.9125	0.0995	0.44593	NAN	
1.99	1.59	0.919	0.098	0.4469175	NAN	
2	1.6	0.9245	0.096	0.4478875	NAN	
2.01	1.605	0.9305	0.0905	0.44882	NAN	
2.02	1.615	0.9365	0.0975	0.44976	NAN	
2.03	1.62	0.942	0.083	0.4506625	NAN	
2.04	1.63	0.948	0.0955	0.451555	NAN	
2.05	1.64	0.9535	0.0795	0.45243	NAN	
2.06	1.645	0.9595	0.0895	0.453275	NAN	
2.07	1.655	0.965	0.082	0.4541325	NAN	
2.08	1.66	0.971	0.0835	0.45496	NAN	
2.09	1.67	0.9765	0.081	0.4557825	NAN	
2.1	1.68	0.982	0.078	0.4565775	NAN	
2.11	1.685	0.9875	0.0775	0.457355	NAN	
2.12	1.695	0.9925	0.0815	0.45815	NAN	
2.13	1.7	0.9985	0.072	0.4589175	NAN	
2.14	1.71	1.004	0.0815	0.459685	NAN	
2.15	1.72	1.009	0.0665	0.460425	NAN	
2.16	1.725	1.0145	0.079	0.4611525	NAN	
2.17	1.735	1.02	0.069	0.4618925	NAN	
2.18	1.74	1.02	0.0725	0.4626	NAN	
2.19	1.75	1.02	0.0685	0.463305	NAN	
2.2	1.76	1.02	0.067	0.4639825	NAN	
2.21	1.765	1.02	0.067	0.4646525	NAN	
2.22	1.775	1.02	0.072	0.4653475	NAN	
2.23	1.78	1.02	0.0625	0.46602	NAN	
2.24	1.79	1.02	0.0715	0.46669	NAN	
2.25	1.8	1.02	0.057	0.4673325	NAN	
2.26	1.805	1.02	0.071	0.4679725	NAN	
2.27	1.815	1.02	0.061	0.4686325	NAN	
2.28	1.82	1.02	0.0645	0.46926	NAN	
2.29	1.83	1.02	0.061	0.4698875	NAN	
2.3	1.84	1.02	0.061	0.4704975	NAN	
2.31	1.845	1.02	0.06	0.4711025	NAN	
2.32	1.855	1.02	0.063	0.4717175	NAN	
2.33	1.86	1.02	0.055	0.4723075	NAN	
2.34	1.87	1.02	0.064	0.4729025	NAN	
2.35	1.88	1.02	0.052	0.4734825	NAN	
2.36	1.885	1.02	0.063	0.4740575	NAN	
2.37	1.895	1.02	0.0545	0.474645	NAN	
2.38	1.9	1.02	0.0595	0.475215	NAN	
2.39	1.91	1.02	0.0585	0.475805	NAN	
2.4	1.92	1.02	-0.0035	0.47608	NAN	
2.41	1.925	1.02	0.0445	0.476285	NAN	
2.42	1.935	1.02	-0.0125	0.476445	NAN	
2.43	1.94	1.02	0.024	0.4765025	NAN	
2.44	1.95	1.02	-0.008	0.4765825	NAN	
2.45	1.96	1.02	0.027	0.4766775	NAN	
2.46	1.965	1.02	-0.0045	0.47679	NAN	
2.47	1.975	1.02	0.0225	0.47688	NAN	
2.48	1.98	1.02	-0.001	0.4769875	NAN	
2.49	1.99	1.02	0.022	0.4770925	NAN	
2.5	2	1.02	-0.001	0.4771975	NAN	
2.51	1.995	1.02	0.024	0.4773125	NAN	
2.52	1.985	1.02	0.002	0.4774425	NAN	
2.53	1.98	1.02	0.0235	0.47757	NAN	
2.54	1.97	1.02	-0.006	0.4776575	NAN	
2.55	1.96	1.02	0.0235	0.477745	NAN	
2.56	1.955	1.02	-0.0065	0.47783	NAN	
2.57	1.945	1.02	0.029	0.4779425	NAN	
2.58	1.94	1.02	-0.003	0.4780725	NAN	
2.59	1.93	1.02	0.0255	0.478185	NAN	
2.6	1.92	1.02	-0.0065	0.47828	NAN	
2.61	1.915	1.02	0.0255	0.478375	NAN	
2.62	1.905	1.02	-0.0025	0.47849	NAN	
2.63	1.9	1.02	0.0225	0.47859	NAN	
2.64	1.89	1.02	0.0015	0.47871	NAN	
2.65	1.88	1.02	0.024	0.4788375	NAN	
2.66	1.875	1.02	-0.002	0.4789475	NAN	
2.67	1.865	1.02	0.02	0.4790375	NAN	
2.68	1.86	1.02	-0.007	0.4791025	NAN	
2.69	1.85	1.02	0.0095	0.479115	NAN	
2.7	1.84	1.02	-0.0015	0.479155	NAN	
2.71	1.835	1.02	-0.0005	0.479145	NAN	
2.72	1.825	1.02	-0.009	0.4790975	NAN	
2.73	1.82	1.02	-0.0005	0.47905	NAN	
2.74	1.81	1.02	-0.0125	0.478985	NAN	
2.75	1.8	1.02	-0.0155	0.478845	NAN	
2.76	1.795	1.02	-0.009	0.4787225	NAN	
2.77	1.785	1.02	-0.016	0.4785975	NAN	
2.78	1.78	1.02	-0.0095	0.47847	NAN	
2.79	1.77	1.02	-0.024	0.4783025	NAN	
2.8	1.76	1.02	-0.0095	0.478135	NAN	
2.81	1.755	1.02	-0.0195	0.47799	NAN	
2.82	1.745	1.02	-0.0145	0.47782	NAN	
2.83	1.74	1.02	-0.021	0.4776425	NAN	
2.84	1.73	1.02	-0.016	0.4774575	NAN	
2.85	1.72	1.02	-0.0175	0.47729	NAN	
2.86	1.715	1.02	-0.0185	0.47711	NAN	
2.87	1.705	1.02	-0.0215	0.47691	NAN	
2.88	1.7	1.02	-0.0185	0.47671	NAN	
2.89	1.69	1.02	-0.017	0.4765325	NAN	
2.9	1.68	1.02	-0.019	0.4763525	NAN	
2.91	1.675	1.02	-0.0205	0.476155	NAN	
2.92	1.665	1.02	-0.0195	0.475955	NAN	
2.93	1.66	1.02	-0.021	0.4757525	NAN	
2.94	1.65	1.02	-0.0185	0.475555	NAN	
2.95	1.64	1.02	-0.0225	0.47535	NAN	
2.96	1.635	1.02	-0.0185	0.475145	NAN	
2.97	1.625	1.02	-0.0275	0.474915	NAN	
2.98	1.62	1.018	-0.0175	0.47469	NAN	
2.99	1.61	1.0135	-0.028	0.4744625	NAN	
3	1.6	1.009	-0.0185	0.47423	NAN	
3.01	1.595	1.004	-0.027	0.4740025	NAN	
3.02	1.585	1	-0.02	0.4737675	NAN	
3.03	1.58	0.995	-0.024	0.4735475	NAN	
3.04	1.57	0.9905	-0.0215	0.47332	NAN	
3.05	1.56	0.986	-0.023	0.4730975	NAN	
3.06	1.555	0.9815	-0.0225	0.47287	NAN	
3.07	1.545	0.9765	-0.0245	0.472635	NAN	
3.08	1.54	0.972	-0.023	0.4723975	NAN	
3.09	1.53	0.9675	-0.025	0.4721575	NAN	
3.1	1.52	0.9625	-0.023	0.4719175	NAN	
3.11	1.515	0.9575	-0.027	0.4716675	NAN	
3.12	1.505	0.953	-0.024	0.4714125	NAN	
3.13	1.5	0.948	-0.0285	0.47115	NAN	
3.14	1.49	0.9435	-0.0215	0.4709	NAN	
3.15	1.48	0.9385	-0.03	0.4706425	NAN	
3.16	1.475	0.934	-0.0205	0.47039	NAN	
3.17	1.465	0.929	-0.0335	0.47012	NAN	
3.18	1.46	0.9245	-0.022	0.4698425	NAN	
3.19	1.45	0.9195	-0.0295	0.469585	NAN	
3.2	1.44	0.9145	-0.0225	0.469325	NAN	
3.21	1.435	0.91	-0.026	0.4690825	NAN	
3.22	1.425	0.9055	-0.0285	0.46881	NAN	
3.23	1.42	0.9005	-0.025	0.4685425	NAN	
3.24	1.41	0.8955	-0.0285	0.468275	NAN	
3.25	1.4	0.8905	-0.029	0.4679875	NAN	
3.26	1.395	0.886	-0.025	0.4677175	NAN	
3.27	1.385	0.881	-0.033	0.4674275	NAN	
3.28	1.38	0.8765	-0.024	0.4671425	NAN	
3.29	1.37	0.872	-0.0325	0.46686	NAN	
3.3	1.36	0.867	-0.024	0.4665775	NAN	
3.31	1.355	0.8625	-0.0345	0.466285	NAN	
3.32	1.345	0.8575	-0.028	0.4659725	NAN	
3.33	1.34	0.8525	-0.034	0.4656625	NAN	
3.34	1.33	0.848	-0.028	0.4653525	NAN	
3.35	1.32	0.8435	-0.0315	0.465055	NAN	
3.36	1.315	0.8385	-0.03	0.4647475	NAN	
3.37	1.305	0.8335	-0.035	0.4644225	NAN	
3.38	1.3	0.829	-0.0315	0.46409	NAN	
3.39	1.29	0.824	-0.033	0.4637675	NAN	
3.4	1.28	0.8195	-0.032	0.4634425	NAN	
3.41	1.275	0.8145	-0.031	0.4631275	NAN	
3.42	1.265	0.81	-0.034	0.4628025	NAN	
3.43	1.26	0.8055	-0.0335	0.462465	NAN	
3.44	1.25	0.801	-0.031	0.4621425	NAN	
3.45	1.24	0.7965	-0.035	0.4618125	NAN	
3.46	1.235	0.7915	-0.0285	0.461495	NAN	
3.47	1.225	0.787	-0.0415	0.461145	NAN	
3.48	1.22	0.7825	-0.029	0.4607925	NAN	
3.49	1.21	0.7775	-0.0405	0.460445	NAN	
3.5	1.2	0.773	-0.031	0.4600875	NAN	
3.51	1.195	0.7685	-0.0375	0.459745	NAN	
3.52	1.185	0.7635	-0.037	0.4593725	NAN	
3.53	1.18	0.759	-0.037	0.4590025	NAN	
3.54	1.17	0.754	-0.036	0.4586375	NAN	
3.55	1.16	0.7495	-0.0355	0.45828	NAN	
3.56	1.155	0.745	-0.0365	0.45792	NAN	
3.57	1.145	0.7405	-0.0395	0.45754	NAN	
3.58	1.14	0.7355	-0.0365	0.45716	NAN	
3.59	1.13	0.731	-0.0395	0.45678	NAN	
3.6	1.12	0.7265	-0.037	0.4563975	NAN	
3.61	1.115	0.722	-0.041	0.4560075	NAN	
3.62	1.105	0.717	-0.0385	0.45561	NAN	
3.63	1.1	0.7125	-0.043	0.4552025	NAN	
3.64	1.09	0.708	-0.036	0.4548075	NAN	
3.65	1.08	0.7035	-0.045	0.4544025	NAN	
3.66	1.075	0.699	-0.0365	0.453995	NAN	
3.67	1.065	0.6945	-0.0475	0.453575	NAN	
3.68	1.06	0.6895	-0.0375	0.45315	NAN	
3.69	1.05	0.685	-0.045	0.4527375	NAN	
3.7	1.04	0.6805	-0.0415	0.452305	NAN	
3.71	1.035	0.6755	-0.043	0.4518825	NAN	
3.72	1.025	0.671	-0.047	0.4514325	NAN	
3.73	1.02	0.6665	-0.044	0.4509775	NAN	
3.74	1.01	0.662	-0.0455	0.45053	NAN	
3.75	1	0.6575	-0.0455	0.450075	NAN	
3.76	0.995	0.6525	-0.045	0.4496225	NAN	
3.77	0.985	0.648	-0.0525	0.449135	NAN	
3.78	0.98	0.6435	-0.043	0.4486575	NAN	
3.79	0.97	0.639	-0.0535	0.448175	NAN	
3.8	0.96	0.634	-0.043	0.4476925	NAN	
3.81	0.955	0.6295	-0.0525	0.447215	NAN	
3.82	0.945	0.625	-0.0475	0.446715	NAN	
3.83	0.94	0.6205	-0.0515	0.44622	NAN	
3.84	0.93	0.616	-0.049	0.4457175	NAN	
3.85	0.92	0.6115	-0.051	0.4452175	NAN	
3.86	0.915	0.607	-0.051	0.4447075	NAN	
3.87	0.905	0.6025	-0.0545	0.44418	NAN	
3.88	0.9	0.5975	-0.0525	0.443645	NAN	
3.89	0.89	0.593	-0.0555	0.443105	NAN	
3.9	0.88	0.5885	-0.053	0.4425625	NAN	
3.91	0.875	0.5835	-0.0575	0.44201	NAN	
3.92	0.865	0.579	-0.0565	0.44144	NAN	
3.93	0.86	0.5745	-0.0595	0.44086	NAN	
3.94	0.85	0.57	-0.054	0.4402925	NAN	
3.95	0.84	0.565	-0.061	0.4397175	NAN	
3.96	0.835	0.5605	-0.0545	0.43914	NAN	
3.97	0.825	0.556	-0.0655	0.43854	NAN	
3.98	0.82	0.5515	-0.057	0.4379275	NAN	
3.99	0.81	0.547	-0.0635	0.437325	NAN	
4	0.8	0.5425	-0.06	0.4367075	NAN	
4.01	0.795	0.538	-0.0615	0.4361	NAN	
4.02	0.785	0.533	-0.069	0.4354475	NAN	
4.03	0.78	0.5285	-0.062	0.4347925	NAN	
4.04	0.77	0.524	-0.067	0.4341475	NAN	
4.05	0.76	0.519	-0.065	0.4334875	NAN	
4.06	0.755	0.5145	-0.065	0.4328375	NAN	
4.07	0.745	0.5105	-0.0725	0.43215	NAN	
4.08	0.74	0.5055	-0.0635	0.43147	NAN	
4.09	0.73	0.501	-0.074	0.4307825	NAN	
4.1	0.72	0.4965	-0.0625	0.4301	NAN	
4.11	0.715	0.492	-0.0745	0.429415	NAN	
4.12	0.705	0.4875	-0.071	0.4286875	NAN	
4.13	0.7	0.483	-0.0735	0.427965	NAN	
4.14	0.69	0.4785	-0.0725	0.427235	NAN	
4.15	0.68	0.474	-0.073	0.4265075	NAN	
4.16	0.675	0.4695	-0.074	0.4257725	NAN	
4.17	0.665	0.465	-0.0775	0.425015	NAN	
4.18	0.66	0.4605	-0.076	0.4242475	NAN	
4.19	0.65	0.456	-0.078	0.4234775	NAN	
4.2	0.64	0.4515	-0.0765	0.422705	NAN	
4.21	0.635	0.447	-0.0785	0.42193	NAN	
4.22	0.625	0.4425	-0.0785	0.421145	NAN	
4.23	0.62	0.438	-0.0815	0.420345	NAN	
4.24	0.61	0.434	-0.0775	0.41955	NAN	
4.25	0.6	0.4295	-0.085	0.4187375	NAN	
4.26	0.595	0.425	-0.0765	0.41793	NAN	
4.27	0.585	0.4205	-0.0885	0.417105	NAN	
4.28	0.58	0.4165	-0.075	0.4162875	NAN	
4.29	0.57	0.412	-0.091	0.4154575	NAN	
4.3	0.56	0.408	-0.085	0.4145775	NAN	
4.31	0.555	0.4035	-0.086	0.4137225	NAN	
4.32	0.545	0.3995	-0.0925	0.41283	NAN	
4.33	0.54	0.395	-0.088	0.4119275	NAN	
4.34	0.53	0.3905	-0.0945	0.411015	NAN	
4.35	0.52	0.3865	-0.0885	0.4101	NAN	
4.36	0.515	0.382	-0.0925	0.409195	NAN	
4.37	0.505	0.3775	-0.099	0.4082375	NAN	
4.38	0.5	0.3735	-0.091	0.4072875	NAN	
4.39	0.49	0.369	-0.103	0.4063175	NAN	
4.4	0.48	0.365	-0.09	0.4053525	NAN	
4.41	0.475	0.361	-0.101	0.4043975	NAN	
4.42	0.465	0.3565	-0.1	0.4033925	NAN	
4.43	0.46	0.3525	-0.1015	0.402385	NAN	
4.44	0.45	0.348	-0.1045	0.401355	NAN	
4.45	0.44	0.344	-0.102	0.4003225	NAN	
4.46	0.435	0.3395	-0.105	0.3992875	NAN	
4.47	0.425	0.3355	-0.1055	0.398235	NAN	
4.48	0.42	0.3315	-0.107	0.3971725	NAN	
4.49	0.41	0.327	-0.11	0.3960875	NAN	
4.5	0.4	0.323	-0.1055	0.39501	NAN	
4.51	0.395	0.319	-0.114	0.3939125	NAN	
4.52	0.385	0.3145	-0.1105	0.39279	NAN	
4.53	0.38	0.3105	-0.1175	0.39165	NAN	
4.54	0.37	0.3065	-0.113	0.3904975	NAN	
4.55	0.36	0.3025	-0.1195	0.389335	NAN	
4.56	0.355	0.298	-0.1155	0.38816	NAN	
4.57	0.345	0.294	-0.1235	0.386965	NAN	
4.58	0.34	0.29	-0.118	0.3857575	NAN	
4.59	0.33	0.286	-0.1235	0.38455	NAN	
4.6	0.32	0.2815	-0.1215	0.383325	NAN	
4.61	0.315	0.2775	-0.126	0.3820875	NAN	
4.62	0.305	0.2735	-0.1175	0.38087	NAN	
4.63	0.3	0.2695	-0.1285	0.37964	NAN	
4.64	0.29	0.2655	-0.1245	0.378375	NAN	
4.65	0.28	0.261	-0.1315	0.377095	NAN	
4.66	0.275	0.257	-0.129	0.3757925	NAN	
4.67	0.265	0.253	-0.141	0.3744425	NAN	
4.68	0.26	0.249	-0.1285	0.373095	NAN	
4.69	0.25	0.245	-0.142	0.3717425	NAN	
4.7	0.24	0.241	-0.1325	0.37037	NAN	
4.71	0.235	0.2365	-0.145	0.3689825	NAN	
4.72	0.225	0.2325	-0.1415	0.36755	NAN	
4.73	0.22	0.2285	-0.1425	0.36613	NAN	
4.74	0.21	0.2245	-0.1455	0.36469	NAN	
4.75	0.2	0.2205	-0.1455	0.363235	NAN	
4.76	0.195	0.2165	-0.1485	0.361765	NAN	
4.77	0.185	0.2125	-0.1515	0.360265	NAN	
4.78	0.18	0.208	-0.1485	0.358765	NAN	
4.79	0.17	0.204	-0.1555	0.357245	NAN	
4.8	0.16	0.2005	-0.1495	0.35572	NAN	
4.81	0.155	0.1965	-0.162	0.3541625	NAN	
4.82	0.145	0.192	-0.155	0.3525775	NAN	
4.83	0.14	0.188	-0.163	0.3509875	NAN	
4.84	0.13	0.184	-0.1585	0.34938	NAN	
4.85	0.12	0.18	-0.1655	0.34776	NAN	
4.86	0.115	0.176	-0.162	0.3461225	NAN	
4.87	0.105	0.1725	-0.1715	0.344455	NAN	
4.88	0.1	0.168	-0.165	0.3427725	NAN	
4.89	0.09	0.1645	-0.172	0.3410875	NAN	
4.9	0.08	0.16	-0.1695	0.33938	NAN	
4.91	0.075	0.1565	-0.175	0.3376575	NAN	
4.92	0.065	0.152	-0.176	0.3359025	NAN	
4.93	0.06	0.1485	-0.1765	0.33414	NAN	
4.94	0.05	0.1445	-0.179	0.3323625	NAN	
4.95	0.04	0.14	-0.182	0.3305575	NAN	
4.96	0.035	0.1365	-0.179	0.3287525	NAN	
4.97	0.025	0.1325	-0.192	0.3268975	NAN	
4.98	0.02	0.1285	-0.1805	0.325035	NAN	
4.99	0.01	0.1245	-0.1915	0.323175	NAN	
5	0	0.122	-0.1845	0.321295	NAN	
5.01	-0.005	0.1165	-0.1935	0.319405	NAN	
5.02	-0.015	0.113	-0.192	0.3174775	NAN	
5.03	-0.02	0.1085	-0.192	0.3155575	NAN	
5.04	-0.03	0.103	-0.1965	0.313615	NAN	
5.05	-0.04	0.101	-0.1935	0.311665	NAN	
5.06	-0.045	0.097	-0.2	0.3096975	NAN	
5.07	-0.055	0.0935	-0.203	0.3076825	NAN	
5.08	-0.06	0.0895	-0.2	0.3056675	NAN	
5.09	-0.07	0.0855	-0.2085	0.303625	NAN	
5.1	-0.08	0.0815	-0.2015	0.301575	NAN	
5.11	-0.085	0.0775	-0.214	0.2994975	NAN	
5.12	-0.095	0.0735	-0.208	0.2973875	NAN	
5.13	-0.1	0.07	-0.216	0.2952675	NAN	
5.14	-0.11	0.0665	-0.211	0.2931325	NAN	
5.15	-0.12	0.0625	-0.219	0.2909825	NAN	
5.16	-0.125	0.059	-0.2155	0.28881	NAN	
5.17	-0.135	0.055	-0.2255	0.286605	NAN	
5.18	-0.14	0.051	-0.2195	0.28438	NAN	
5.19	-0.15	0.0475	-0.227	0.2821475	NAN	
5.2	-0.16	0.0435	-0.2245	0.27989	NAN	
5.21	-0.165	0.04	-0.2295	0.27762	NAN	
5.22	-0.175	0.036	-0.2325	0.27531	NAN	
5.23	-0.18	0.032	-0.233	0.2729825	NAN	
5.24	-0.19	0.0285	-0.235	0.2706425	NAN	
5.25	-0.2	0.025	-0.2375	0.26828	NAN	
5.26	-0.205	0.021	-0.2365	0.26591	NAN	
5.27	-0.215	0.0175	-0.248	0.2634875	NAN	
5.28	-0.22	0.0125	-0.2375	0.26106	NAN	
5.29	-0.23	0.01	-0.2535	0.258605	NAN	
5.3	-0.24	0.0065	-0.2415	0.25613	NAN	
5.31	-0.245	0.003	-0.252	0.2536625	NAN	
5.32	-0.255	-0.0005	-0.2535	0.251135	NAN	
5.33	-0.26	-0.004	-0.2555	0.24859	NAN	
5.34	-0.27	-0.0085	-0.259	0.2460175	NAN	
5.35	-0.28	-0.0115	-0.26	0.2434225	NAN	
5.36	-0.285	-0.014	-0.2645	0.2408	NAN	
5.37	-0.295	-0.018	-0.27	0.2381275	NAN	
5.38	-0.3	-0.0215	-0.2675	0.23544	NAN	
5.39	-0.31	-0.0245	-0.276	0.2327225	NAN	
5.4	-0.32	-0.027	-0.2695	0.229995	NAN	
5.41	-0.325	-0.031	-0.281	0.2272425	NAN	
5.42	-0.335	-0.034	-0.277	0.2244525	NAN	
5.43	-0.34	-0.037	-0.287	0.2216325	NAN	
5.44	-0.35	-0.04	-0.283	0.2187825	NAN	
5.45	-0.36	-0.043	-0.2925	0.215905	NAN	
5.46	-0.365	-0.046	-0.289	0.2129975	NAN	
5.47	-0.375	-0.0485	-0.305	0.2100275	NAN	
5.48	-0.38	-0.051	-0.295	0.2070275	NAN	
5.49	-0.39	-0.054	-0.3115	0.203995	NAN	
5.5	-0.4	-0.0565	-0.302	0.2009275	NAN	
5.51	-0.405	-0.059	-0.318	0.1978275	NAN	
5.52	-0.415	-0.0615	-0.316	0.1946575	NAN	
5.53	-0.42	-0.064	-0.324	0.1914575	NAN	
5.54	-0.43	-0.0665	-0.3255	0.18821	NAN	
5.55	-0.44	-0.0685	-0.3295	0.184935	NAN	
5.56	-0.445	-0.071	-0.335	0.1816125	NAN	
5.57	-0.455	-0.073	-0.3415	0.17823	NAN	
5.58	-0.46	-0.075	-0.3425	0.17481	NAN	
5.59	-0.47	-0.0775	-0.351	0.1713425	NAN	
5.6	-0.48	-0.0795	-0.348	0.1678475	NAN	
5.61	-0.485	-0.0815	-0.3615	0.1643	NAN	
5.62	-0.495	-0.0835	-0.361	0.1606875	NAN	
5.63	-0.5	-0.0855	-0.372	0.1570225	NAN	
5.64	-0.51	-0.088	-0.3685	0.15332	NAN	
5.65	-0.52	-0.0895	-0.379	0.1495825	NAN	
5.66	-0.525	-0.0915	-0.3775	0.1458	NAN	
5.67	-0.535	-0.0935	-0.394	0.1419425	NAN	
5.68	-0.54	-0.0955	-0.386	0.1380425	NAN	
5.69	-0.55	-0.0975	-0.404	0.1340925	NAN	
5.7	-0.56	-0.0995	-0.3935	0.130105	NAN	
5.71	-0.565	-0.101	-0.413	0.1260725	NAN	
5.72	-0.575	-0.103	-0.4085	0.121965	NAN	
5.73	-0.58	-0.105	-0.419	0.1178275	NAN	
5.74	-0.59	-0.1065	-0.4185	0.11364	NAN	
5.75	-0.6	-0.109	-0.4255	0.10942	NAN	
5.76	-0.605	-0.111	-0.4295	0.105145	NAN	
5.77	-0.615	-0.113	-0.4385	0.100805	NAN	
5.78	-0.62	-0.1155	-0.438	0.0964225	NAN	
5.79	-0.63	-0.117	-0.4465	0.092	NAN	
5.8	-0.64	-0.119	-0.446	0.0875375	NAN	
5.81	-0.645	-0.121	-0.455	0.0830325	NAN	
5.82	-0.655	-0.123	-0.457	0.0784725	NAN	
5.83	-0.66	-0.1255	-0.463	0.0738725	NAN	
5.84	-0.67	-0.127	-0.4655	0.06923	NAN	
5.85	-0.68	-0.1295	-0.4705	0.06455	NAN	
5.86	-0.685	-0.132	-0.4725	0.059835	NAN	
5.87	-0.695	-0.134	-0.4855	0.055045	NAN	
5.88	-0.7	-0.136	-0.48	0.0502175	NAN	
5.89	-0.71	-0.138	-0.495	0.0453425	NAN	
5.9	-0.72	-0.1405	-0.4855	0.04044	NAN	
5.91	-0.725	-0.1425	-0.5035	0.035495	NAN	
5.92	-0.735	-0.1445	-0.498	0.0304875	NAN	
5.93	-0.74	-0.147	-0.5115	0.02544	NAN	
5.94	-0.75	-0.1495	-0.5045	0.02036	NAN	
5.95	-0.76	-0.152	-0.518	0.0152475	NAN	
5.96	-0.765	-0.1545	-0.5145	0.010085	NAN	
5.97	-0.775	-0.1565	-0.5285	0.00487	NAN	
5.98	-0.78	-0.159	-0.5195	-0.00037	NAN	
5.99	-0.79	-0.1615	-0.537	-0.0056525	NAN	
6	-0.8	-0.1645	-0.5265	-0.01097	NAN	
6.01	-0.805	-0.1665	-0.5435	-0.01632	NAN	
6.02	-0.815	-0.1695	-0.5375	-0.021725	NAN	
6.03	-0.82	-0.1725	-0.549	-0.0271575	NAN	
6.04	-0.83	-0.1745	-0.5445	-0.032625	NAN	
6.05	-0.84	-0.178	-0.555	-0.0381225	NAN	
6.06	-0.845	-0.181	-0.5505	-0.04365	NAN	
6.07	-0.855	-0.184	-0.5625	-0.049215	NAN	
6.08	-0.86	-0.1865	-0.5555	-0.054805	NAN	
6.09	-0.87	-0.19	-0.5675	-0.06042	NAN	
6.1	-0.88	-0.193	-0.559	-0.0660525	NAN	
6.11	-0.885	-0.1965	-0.5735	-0.071715	NAN	
6.12	-0.895	-0.2	-0.5685	-0.077425	NAN	
6.13	-0.9	-0.203	-0.5765	-0.08315	NAN	
6.14	-0.91	-0.2065	-0.5745	-0.088905	NAN	
6.15	-0.92	-0.2105	-0.579	-0.0946725	NAN	
6.16	-0.925	-0.214	-0.578	-0.1004575	NAN	
6.17	-0.935	-0.2175	-0.5865	-0.10628	NAN	
6.18	-0.94	-0.2215	-0.5805	-0.112115	NAN	
6.19	-0.95	-0.226	-0.5885	-0.11796	NAN	
6.2	-0.96	-0.23	-0.5805	-0.123805	NAN	
6.21	-0.965	-0.234	-0.589	-0.1296525	NAN	
6.22	-0.975	-0.238	-0.585	-0.1355225	NAN	
6.23	-0.98	-0.243	-0.589	-0.1413925	NAN	
6.24	-0.99	-0.247	-0.585	-0.1472625	NAN	
6.25	-1	-0.2525	-0.5875	-0.153125	NAN	
6.26	-1.005	-0.257	-0.585	-0.1589875	NAN	
6.27	-1.015	-0.2625	-0.5885	-0.164855	NAN	
6.28	-1.02	-0.2675	-0.582	-0.1707075	NAN	
6.29	-1.03	-0.2735	-0.584	-0.1765375	NAN	
6.3	-1.04	-0.2795	-0.577	-0.1823425	NAN	
6.31	-1.045	-0.2855	-0.581	-0.1881325	NAN	
6.32	-1.055	-0.2925	-0.5755	-0.193915	NAN	
6.33	-1.06	-0.299	-0.574	-0.1996625	NAN	
6.34	-1.07	-0.306	-0.567	-0.2053675	NAN	
6.35	-1.08	-0.3135	-0.5635	-0.21102	NAN	
6.36	-1.085	-0.3215	-0.557	-0.2166225	NAN	
6.37	-1.095	-0.329	-0.5555	-0.222185	NAN	
6.38	-1.1	-0.3375	-0.5455	-0.22769	NAN	
6.39	-1.11	-0.346	-0.543	-0.2331325	NAN	
6.4	-1.12	-0.3545	-0.532	-0.2385075	NAN	
6.41	-1.125	-0.3635	-0.5305	-0.24382	NAN	
6.42	-1.135	-0.3725	-0.523	-0.2490875	NAN	
6.43	-1.14	-0.3815	-0.516	-0.2542825	NAN	
6.44	-1.15	-0.3905	-0.5065	-0.259395	NAN	
6.45	-1.16	-0.4	-0.502	-0.2644375	NAN	
6.46	-1.165	-0.409	-0.4915	-0.269405	NAN	
6.47	-1.175	-0.4185	-0.4905	-0.274315	NAN	
6.48	-1.18	-0.428	-0.4765	-0.27915	NAN	
6.49	-1.19	-0.4375	-0.4765	-0.283915	NAN	
6.5	-1.2	-0.4465	-0.458	-0.2885875	NAN	
6.51	-1.205	-0.456	-0.462	-0.2931875	NAN	
6.52	-1.215	-0.4655	-0.4465	-0.29773	NAN	
6.53	-1.22	-0.4755	-0.448	-0.3022025	NAN	
6.54	-1.23	-0.485	-0.429	-0.3065875	NAN	
6.55	-1.24	-0.4945	-0.432	-0.3108925	NAN	
6.56	-1.245	-0.5045	-0.4135	-0.31512	NAN	
6.57	-1.255	-0.5135	-0.418	-0.3192775	NAN	
6.58	-1.26	-0.5235	-0.399	-0.3233625	NAN	
6.59	-1.27	-0.5335	-0.403	-0.3273725	NAN	
6.6	-1.28	-0.543	-0.3815	-0.331295	NAN	
6.61	-1.285	-0.5525	-0.3815	-0.33511	NAN	
6.62	-1.295	-0.563	-0.369	-0.3388625	NAN	
6.63	-1.3	-0.572	-0.3655	-0.342535	NAN	
6.64	-1.31	-0.582	-0.355	-0.3461375	NAN	
6.65	-1.32	-0.5915	-0.347	-0.3496475	NAN	
6.66	-1.325	-0.601	-0.3405	-0.353085	NAN	
6.67	-1.335	-0.6105	-0.3355	-0.356465	NAN	
6.68	-1.34	-0.6205	-0.3245	-0.359765	NAN	
6.69	-1.35	-0.63	-0.322	-0.3629975	NAN	
6.7	-1.36	-0.6395	-0.307	-0.3661425	NAN	
6.71	-1.365	-0.649	-0.3085	-0.36922	NAN	
6.72	-1.375	-0.6585	-0.2945	-0.372235	NAN	
6.73	-1.38	-0.668	-0.2965	-0.37519	NAN	
6.74	-1.39	-0.6775	-0.2785	-0.378065	NAN	
6.75	-1.4	-0.6865	-0.2815	-0.380865	NAN	
6.76	-1.405	-0.6955	-0.265	-0.3835975	NAN	
6.77	-1.415	-0.7045	-0.27	-0.3862725	NAN	
6.78	-1.42	-0.714	-0.2505	-0.388875	NAN	
6.79	-1.43	-0.723	-0.255	-0.3914025	NAN	
6.8	-1.44	-0.732	-0.2375	-0.393865	NAN	
6.81	-1.445	-0.741	-0.24	-0.3962525	NAN	
6.82	-1.455	-0.75	-0.231	-0.3986075	NAN	
6.83	-1.46	-0.759	-0.2255	-0.40089	NAN	
6.84	-1.47	-0.7675	-0.219	-0.4031125	NAN	
6.85	-1.48	-0.7765	-0.2125	-0.40527	NAN	
6.86	-1.485	-0.7855	-0.2055	-0.40736	NAN	
6.87	-1.495	-0.7935	-0.2055	-0.409415	NAN	
6.88	-1.5	-0.802	-0.192	-0.4114025	NAN	
6.89	-1.51	-0.8105	-0.1955	-0.41334	NAN	
6.9	-1.52	-0.8185	-0.178	-0.4152075	NAN	
6.91	-1.525	-0.8275	-0.1865	-0.41703	NAN	
6.92	-1.535	-0.8355	-0.1715	-0.41882	NAN	
6.93	-1.54	-0.844	-0.173	-0.4205425	NAN	
6.94	-1.55	-0.852	-0.161	-0.4222125	NAN	
6.95	-1.56	-0.86	-0.162	-0.4238275	NAN	
6.96	-1.565	-0.8675	-0.155	-0.4254125	NAN	
6.97	-1.575	-0.8755	-0.1535	-0.426955	NAN	
6.98	-1.58	-0.8835	-0.147	-0.4284575	NAN	
6.99	-1.59	-0.891	-0.1445	-0.429915	NAN	
7	-1.6	-0.8995	-0.137	-0.4313225	NAN	
7.01	-1.605	-0.9065	-0.135	-0.4326825	NAN	
7.02	-1.615	-0.914	-0.129	-0.4340025	NAN	
7.03	-1.62	-0.921	-0.13	-0.4352975	NAN	
7.04	-1.63	-0.928	-0.1195	-0.436545	NAN	
7.05	-1.64	-0.9355	-0.1245	-0.437765	NAN	
7.06	-1.645	-0.943	-0.1115	-0.438945	NAN	
7.07	-1.655	-0.9495	-0.1195	-0.4401	NAN	
7.08	-1.66	-0.9565	-0.1085	-0.44124	NAN	
7.09	-1.67	-0.963	-0.111	-0.4423375	NAN	
7.1	-1.68	-0.9695	-0.104	-0.4434125	NAN	
7.11	-1.685	-0.9765	-0.103	-0.4444475	NAN	
7.12	-1.695	-0.983	-0.102	-0.4454725	NAN	
7.13	-1.7	-0.99	-0.0975	-0.44647	NAN	
7.14	-1.71	-0.996	-0.0945	-0.44743	NAN	
7.15	-1.72	-1.0025	-0.0945	-0.448375	NAN	
7.16	-1.725	-1.009	-0.0885	-0.44929	NAN	
7.17	-1.735	-1.015	-0.095	-0.4502075	NAN	
7.18	-1.74	-1.0215	-0.083	-0.4510975	NAN	
7.19	-1.75	-1.0275	-0.09	-0.4519625	NAN	
7.2	-1.76	-1.0275	-0.0795	-0.45281	NAN	
7.21	-1.765	-1.0275	-0.0845	-0.45363	NAN	
7.22	-1.775	-1.0275	-0.082	-0.4544625	NAN	
7.23	-1.78	-1.0275	-0.079	-0.4552675	NAN	
7.24	-1.79	-1.0275	-0.0805	-0.456065	NAN	
7.25	-1.8	-1.0275	-0.0725	-0.45683	NAN	
7.26	-1.805	-1.0275	-0.0775	-0.45758	NAN	
7.27	-1.815	-1.0275	-0.076	-0.4583475	NAN	
7.28	-1.82	-1.0275	-0.073	-0.4590925	NAN	
7.29	-1.83	-1.0275	-0.073	-0.4598225	NAN	
7.3	-1.84	-1.0275	-0.0685	-0.46053	NAN	
7.31	-1.845	-1.0275	-0.0725	-0.461235	NAN	
7.32	-1.855	-1.0275	-0.0675	-0.461935	NAN	
7.33	-1.86	-1.0275	-0.0685	-0.462615	NAN	
7.34	-1.87	-1.0275	-0.014	-0.4630275	NAN	
7.35	-1.88	-1.0275	-0.0035	-0.463115	NAN	
7.36	-1.885	-1.0275	-0.0045	-0.463155	NAN	
7.37	-1.895	-1.0275	0.014	-0.4631075	NAN	
7.38	-1.9	-1.0275	-0.021	-0.4631425	NAN	
7.39	-1.91	-1.0275	0.0185	-0.463155	NAN	
7.4	-1.92	-1.0275	-0.0045	-0.463085	NAN	
7.41	-1.925	-1.0275	0.011	-0.4630525	NAN	
7.42	-1.935	-1.0275	0.026	-0.4628675	NAN	
7.43	-1.94	-1.0275	0.0125	-0.462675	NAN	
7.44	-1.95	-1.0275	-0.002	-0.4626225	NAN	
7.45	-1.96	-1.0275	-0.0045	-0.462655	NAN	
7.46	-1.965	-1.0275	-0.012	-0.4627375	NAN	
7.47	-1.975	-1.0275	0.0075	-0.46276	NAN	
7.48	-1.98	-1.0275	0.02	-0.4626225	NAN	
7.49	-1.99	-1.0275	-0.0005	-0.462525	NAN	
7.5	-2	-1.0275	-0.02	-0.4626275	NAN	
7.51	-1.995	-1.0275	-0.002	-0.4627375	NAN	
7.52	-1.985	-1.0275	-0.02	-0.4628475	NAN	
7.53	-1.98	-1.0275	-0.011	-0.4630025	NAN	
7.54	-1.97	-1.0275	-0.004	-0.4630775	NAN	
7.55	-1.96	-1.0275	0.003	-0.4630825	NAN	
7.56	-1.955	-1.0275	0.007	-0.4630325	NAN	
7.57	-1.945	-1.0275	0.003	-0.4629825	NAN	
7.58	-1.94	-1.0275	-0.015	-0.4630425	NAN	
7.59	-1.93	-1.0275	0.007	-0.4630825	NAN	
7.6	-1.92	-1.0275	0.002	-0.4630375	NAN	
7.61	-1.915	-1.0275	0.006	-0.4629975	NAN	
7.62	-1.905	-1.0275	-0.011	-0.4630225	NAN	
7.63	-1.9	-1.0275	0.004	-0.4630575	NAN	
7.64	-1.89	-1.0275	0.0045	-0.463015	NAN	
7.65	-1.88	-1.0275	0.008	-0.4629525	NAN	
7.66	-1.875	-1.0275	-0.0025	-0.462925	NAN	
7.67	-1.865	-1.0275	0.004	-0.4629175	NAN	
7.68	-1.86	-1.0275	-0.0035	-0.462915	NAN	
7.69	-1.85	-1.0275	0.005	-0.4629075	NAN	
7.7	-1.84	-1.0275	-0.001	-0.4628875	NAN	
7.71	-1.835	-1.0275	0.007	-0.4628575	NAN	
7.72	-1.825	-1.0275	-0.003	-0.4628375	NAN	
7.73	-1.82	-1.0275	0.0095	-0.462805	NAN	
7.74	-1.81	-1.0275	-0.002	-0.4627675	NAN	
7.75	-1.8	-1.0275	0.006	-0.4627475	NAN	
7.76	-1.795	-1.0275	-0.0005	-0.46272	NAN	
7.77	-1.785	-1.0275	0.0045	-0.4627	NAN	
7.78	-1.78	-1.0275	0.0055	-0.46265	NAN	
7.79	-1.77	-1.0275	0.0105	-0.46257	NAN	
7.8	-1.76	-1.0275	0.0045	-0.462495	NAN	
7.81	-1.755	-1.0275	0.016	-0.4623925	NAN	
7.82	-1.745	-1.0275	0.0115	-0.462255	NAN	
7.83	-1.74	-1.0275	0.0155	-0.46212	NAN	
7.84	-1.73	-1.0275	0.0165	-0.46196	NAN	
7.85	-1.72	-1.0275	0.012	-0.4618175	NAN	
7.86	-1.715	-1.0275	0.0165	-0.461675	NAN	
7.87	-1.705	-1.0275	0.0215	-0.461485	NAN	
7.88	-1.7	-1.0275	0.0125	-0.461315	NAN	
7.89	-1.69	-1.0275	0.028	-0.4611125	NAN	
7.9	-1.68	-1.0275	0.011	-0.4609175	NAN	
7.91	-1.675	-1.0275	0.02	-0.4607625	NAN	
7.92	-1.665	-1.0275	0.0195	-0.460565	NAN	
7.93	-1.66	-1.0275	0.0165	-0.460385	NAN	
7.94	-1.65	-1.0275	0.0215	-0.460195	NAN	
7.95	-1.64	-1.0275	0.0195	-0.45999	NAN	
7.96	-1.635	-1.0275	0.017	-0.4598075	NAN	
7.97	-1.625	-1.0275	0.0265	-0.45959	NAN	
7.98	-1.62	-1.023	0.015	-0.4593825	NAN	
7.99	-1.61	-1.018	0.0255	-0.45918	NAN	
8	-1.6	-1.0135	0.017	-0.4589675	NAN	
8.01	-1.595	-1.0085	0.02	-0.4587825	NAN	
8.02	-1.585	-1.004	0.0225	-0.45857	NAN	
8.03	-1.58	-0.999	0.0205	-0.458355	NAN	
8.04	-1.57	-0.9945	0.0195	-0.458155	NAN	
8.05	-1.56	-0.9895	0.0245	-0.457935	NAN	
8.06	-1.555	-0.985	0.017	-0.4577275	NAN	
8.07	-1.545	-0.9795	0.029	-0.4574975	NAN	
8.08	-1.54	-0.9755	0.018	-0.4572625	NAN	
8.09	-1.53	-0.97	0.026	-0.4570425	NAN	
8.1	-1.52	-0.9655	0.0205	-0.45681	NAN	
8.11	-1.515	-0.96	0.025	-0.4565825	NAN	
8.12	-1.505	-0.9555	0.024	-0.4563375	NAN	
8.13	-1.5	-0.9505	0.026	-0.4560875	NAN	
8.14	-1.49	-0.9455	0.0205	-0.455855	NAN	
8.15	-1.48	-0.9405	0.028	-0.4556125	NAN	
8.16	-1.475	-0.936	0.0205	-0.45537	NAN	
8.17	-1.465	-0.931	0.03	-0.4551175	NAN	
8.18	-1.46	-0.926	0.0225	-0.454855	NAN	
8.19	-1.45	-0.921	0.0265	-0.45461	NAN	
8.2	-1.44	-0.917	0.022	-0.4543675	NAN	
8.21	-1.435	-0.9115	0.029	-0.4541125	NAN	
8.22	-1.425	-0.907	0.0245	-0.453845	NAN	
8.23	-1.42	-0.902	0.03	-0.4535725	NAN	
8.24	-1.41	-0.8975	0.022	-0.4533125	NAN	
8.25	-1.4	-0.892	0.0295	-0.453055	NAN	
8.26	-1.395	-0.8875	0.0245	-0.452785	NAN	
8.27	-1.385	-0.8825	0.0305	-0.45251	NAN	
8.28	-1.38	-0.8785	0.0255	-0.45223	NAN	
8.29	-1.37	-0.8725	0.03	-0.4519525	NAN	
8.3	-1.36	-0.8685	0.024	-0.4516825	NAN	
8.31	-1.355	-0.863	0.0325	-0.4514	NAN	
8.32	-1.345	-0.859	0.0255	-0.45111	NAN	
8.33	-1.34	-0.853	0.033	-0.4508175	NAN	
8.34	-1.33	-0.8485	0.027	-0.4505175	NAN	
8.35	-1.32	-0.8435	0.03	-0.4502325	NAN	
8.36	-1.315	-0.839	0.0295	-0.449935	NAN	
8.37	-1.305	-0.834	0.0325	-0.449625	NAN	
8.38	-1.3	-0.8295	0.0285	-0.44932	NAN	
8.39	-1.29	-0.8245	0.035	-0.4490025	NAN	
8.4	-1.28	-0.82	0.0245	-0.448705	NAN	
8.41	-1.275	-0.815	0.0365	-0.4484	NAN	
8.42	-1.265	-0.8105	0.027	-0.4480825	NAN	
8.43	-1.26	-0.806	0.0335	-0.44778	NAN	
8.44	-1.25	-0.8015	0.031	-0.4474575	NAN	
8.45	-1.24	-0.7965	0.029	-0.4471575	NAN	
8.46	-1.235	-0.792	0.032	-0.4468525	NAN	
8.47	-1.225	-0.7875	0.036	-0.4465125	NAN	
8.48	-1.22	-0.7825	0.0285	-0.44619	NAN	
8.49	-1.21	-0.778	0.0405	-0.445845	NAN	
8.5	-1.2	-0.7735	0.025	-0.4455175	NAN	
8.51	-1.195	-0.7685	0.0385	-0.4452	NAN	
8.52	-1.185	-0.764	0.034	-0.4448375	NAN	
8.53	-1.18	-0.759	0.0355	-0.44449	NAN	
8.54	-1.17	-0.7545	0.036	-0.4441325	NAN	
8.55	-1.16	-0.7495	0.0335	-0.443785	NAN	
8.56	-1.155	-0.745	0.034	-0.4434475	NAN	
8.57	-1.145	-0.7405	0.044	-0.4430575	NAN	
8.58	-1.14	-0.736	0.0295	-0.44269	NAN	
8.59	-1.13	-0.731	0.0445	-0.44232	NAN	
8.6	-1.12	-0.7265	0.0315	-0.44194	NAN	
8.61	-1.115	-0.722	0.0405	-0.44158	NAN	
8.62	-1.105	-0.7175	0.039	-0.4411825	NAN	
8.63	-1.1	-0.7125	0.0365	-0.440805	NAN	
8.64	-1.09	-0.708	0.04	-0.4404225	NAN	
8.65	-1.08	-0.7035	0.038	-0.4400325	NAN	
8.66	-1.075	-0.6985	0.035	-0.4396675	NAN	
8.67	-1.065	-0.694	0.048	-0.4392525	NAN	
8.68	-1.06	-0.6895	0.0345	-0.43884	NAN	
8.69	-1.05	-0.685	0.046	-0.4384375	NAN	
8.7	-1.04	-0.6805	0.0375	-0.43802	NAN	
8.71	-1.035	-0.6755	0.043	-0.4376175	NAN	
8.72	-1.025	-0.671	0.047	-0.4371675	NAN	
8.73	-1.02	-0.666	0.0415	-0.436725	NAN	
8.74	-1.01	-0.662	0.0415	-0.43631	NAN	
8.75	-1	-0.6575	0.047	-0.4358675	NAN	
8.76	-0.995	-0.6525	0.0385	-0.43544	NAN	
8.77	-0.985	-0.648	0.053	-0.4349825	NAN	
8.78	-0.98	-0.6435	0.041	-0.4345125	NAN	
8.79	-0.97	-0.6385	0.0495	-0.43406	NAN	
8.8	-0.96	-0.634	0.044	-0.4335925	NAN	
8.81	-0.955	-0.6295	0.047	-0.4331375	NAN	
8.82	-0.945	-0.6255	0.048	-0.4326625	NAN	
8.83	-0.94	-0.6205	0.049	-0.4321775	NAN	
8.84	-0.93	-0.6165	0.046	-0.4317025	NAN	
8.85	-0.92	-0.6115	0.052	-0.4312125	NAN	
8.86	-0.915	-0.607	0.046	-0.4307225	NAN	
8.87	-0.905	-0.6025	0.0555	-0.430215	NAN	
8.88	-0.9	-0.598	0.0475	-0.4297	NAN	
8.89	-0.89	-0.5935	0.054	-0.4291925	NAN	
8.9	-0.88	-0.589	0.049	-0.4286775	NAN	
8.91	-0.875	-0.584	0.055	-0.4281575	NAN	
8.92	-0.865	-0.5795	0.0545	-0.42761	NAN	
8.93	-0.86	-0.575	0.058	-0.4270475	NAN	
8.94	-0.85	-0.5705	0.0515	-0.4265	NAN	
8.95	-0.84	-0.566	0.058	-0.4259525	NAN	
8.96	-0.835	-0.5615	0.0535	-0.425395	NAN	
8.97	-0.825	-0.5565	0.0625	-0.424815	NAN	
8.98	-0.82	-0.5525	0.056	-0.4242225	NAN	
8.99	-0.81	-0.548	0.06	-0.4236425	NAN	
9	-0.8	-0.5435	0.056	-0.4230625	NAN	
9.01	-0.795	-0.5385	0.065	-0.4224575	NAN	
9.02	-0.785	-0.5345	0.062	-0.4218225	NAN	
9.03	-0.78	-0.5295	0.0665	-0.42118	NAN	
9.04	-0.77	-0.5255	0.06	-0.4205475	NAN	
9.05	-0.76	-0.5205	0.0645	-0.419925	NAN	
9.06	-0.755	-0.5165	0.0615	-0.419295	NAN	
9.07	-0.745	-0.5115	0.068	-0.4186475	NAN	
9.08	-0.74	-0.507	0.0655	-0.41798	NAN	
9.09	-0.73	-0.503	0.068	-0.4173125	NAN	
9.1	-0.72	-0.498	0.063	-0.4166575	NAN	
9.11	-0.715	-0.4935	0.0695	-0.415995	NAN	
9.12	-0.705	-0.4895	0.0665	-0.415315	NAN	
9.13	-0.7	-0.485	0.0725	-0.41462	NAN	
9.14	-0.69	-0.4805	0.0695	-0.41391	NAN	
9.15	-0.68	-0.476	0.0705	-0.41321	NAN	
9.16	-0.675	-0.4715	0.071	-0.4125025	NAN	
9.17	-0.665	-0.467	0.074	-0.4117775	NAN	
9.18	-0.66	-0.463	0.072	-0.4110475	NAN	
9.19	-0.65	-0.458	0.079	-0.4102925	NAN	
9.2	-0.64	-0.454	0.071	-0.4095425	NAN	
9.21	-0.635	-0.4495	0.0805	-0.408785	NAN	
9.22	-0.625	-0.4455	0.0735	-0.408015	NAN	
9.23	-0.62	-0.441	0.08	-0.4072475	NAN	
9.24	-0.61	-0.437	0.0785	-0.406455	NAN	
9.25	-0.6	-0.4325	0.0775	-0.405675	NAN	
9.26	-0.595	-0.4285	0.081	-0.4048825	NAN	
9.27	-0.585	-0.4235	0.083	-0.4040625	NAN	
9.28	-0.58	-0.4195	0.081	-0.4032425	NAN	
9.29	-0.57	-0.415	0.0875	-0.4024	NAN	
9.3	-0.56	-0.4105	0.078	-0.4015725	NAN	
9.31	-0.555	-0.4065	0.091	-0.4007275	NAN	
9.32	-0.545	-0.4025	0.0845	-0.39985	NAN	
9.33	-0.54	-0.398	0.09	-0.3989775	NAN	
9.34	-0.53	-0.3935	0.088	-0.3980875	NAN	
9.35	-0.52	-0.3895	0.088	-0.3972075	NAN	
9.36	-0.515	-0.385	0.092	-0.3963075	NAN	
9.37	-0.505	-0.3805	0.0945	-0.395375	NAN	
9.38	-0.5	-0.3765	0.091	-0.3944475	NAN	
9.39	-0.49	-0.372	0.0995	-0.393495	NAN	
9.4	-0.48	-0.368	0.09	-0.3925475	NAN	
9.41	-0.475	-0.3635	0.102	-0.3915875	NAN	
9.42	-0.465	-0.3595	0.096	-0.3905975	NAN	
9.43	-0.46	-0.3555	0.1025	-0.389605	NAN	
9.44	-0.45	-0.351	0.1005	-0.38859	NAN	
9.45	-0.44	-0.347	0.0985	-0.387595	NAN	
9.46	-0.435	-0.343	0.1055	-0.386575	NAN	
9.47	-0.425	-0.339	0.106	-0.3855175	NAN	
9.48	-0.42	-0.3345	0.104	-0.3844675	NAN	
9.49	-0.41	-0.33	0.1105	-0.383395	NAN	
9.5	-0.4	-0.3255	0.101	-0.3823375	NAN	
9.51	-0.395	-0.322	0.115	-0.3812575	NAN	
9.52	-0.385	-0.3175	0.1065	-0.38015	NAN	
9.53	-0.38	-0.3145	0.115	-0.3790425	NAN	
9.54	-0.37	-0.3095	0.112	-0.3779075	NAN	
9.55	-0.36	-0.306	0.115	-0.3767725	NAN	
9.56	-0.355	-0.301	0.117	-0.3756125	NAN	
9.57	-0.345	-0.297	0.1155	-0.37445	NAN	
9.58	-0.34	-0.2925	0.122	-0.3732625	NAN	
9.59	-0.33	-0.288	0.125	-0.3720275	NAN	
9.6	-0.32	-0.2845	0.1135	-0.370835	NAN	
9.61	-0.315	-0.279	0.1255	-0.36964	NAN	
9.62	-0.305	-0.2765	0.121	-0.3684075	NAN	
9.63	-0.3	-0.273	0.131	-0.3671475	NAN	
9.64	-0.29	-0.268	0.149	-0.3657475	NAN	
9.65	-0.28	-0.2625	0.128	-0.3643625	NAN	
9.66	-0.275	-0.26	0.133	-0.3630575	NAN	
9.67	-0.265	-0.257	0.144	-0.3616725	NAN	
9.68	-0.26	-0.252	0.1145	-0.36038	NAN	
9.69	-0.25	-0.248	0.1345	-0.359135	NAN	
9.7	-0.24	-0.2435	0.13	-0.3578125	NAN	
9.71	-0.235	-0.24	0.134	-0.3564925	NAN	
9.72	-0.225	-0.2355	0.136	-0.3551425	NAN	
9.73	-0.22	-0.232	0.1465	-0.35373	NAN	
9.74	-0.21	-0.2275	0.1395	-0.3523	NAN	
9.75	-0.2	-0.223	0.1465	-0.35087	NAN	
9.76	-0.195	-0.219	0.143	-0.3494225	NAN	
9.77	-0.185	-0.2175	0.1505	-0.347955	NAN	
9.78	-0.18	-0.2115	0.145	-0.3464775	NAN	
9.79	-0.17	-0.2075	0.152	-0.3449925	NAN	
9.8	-0.16	-0.2035	0.1495	-0.343485	NAN	
9.81	-0.155	-0.2	0.1565	-0.341955	NAN	
9.82	-0.145	-0.195	0.1535	-0.340405	NAN	
9.83	-0.14	-0.1915	0.1605	-0.338835	NAN	
9.84	-0.13	-0.187	0.1565	-0.33725	NAN	
9.85	-0.12	-0.183	0.172	-0.3356075	NAN	
9.86	-0.115	-0.1795	0.1585	-0.333955	NAN	
9.87	-0.105	-0.1745	0.1685	-0.33232	NAN	
9.88	-0.1	-0.1715	0.163	-0.3306625	NAN	
9.89	-0.09	-0.1665	0.1695	-0.329	NAN	
9.9	-0.08	-0.1635	0.167	-0.3273175	NAN	
9.91	-0.075	-0.1595	0.1705	-0.32563	NAN	
9.92	-0.065	-0.1555	0.173	-0.3239125	NAN	
9.93	-0.06	-0.151	0.174	-0.3221775	NAN	
9.94	-0.05	-0.1475	0.174	-0.3204375	NAN	
9.95	-0.04	-0.1435	0.176	-0.3186875	NAN	
9.96	-0.035	-0.1395	0.175	-0.3169325	NAN	
9.97	-0.025	-0.1355	0.1855	-0.31513	NAN	
9.98	-0.02	-0.1315	0.177	-0.3133175	NAN	
9.99	-0.01	-0.129	0.1905	-0.31148	NAN	
10	0	-0.124	0.182	-0.3096175	NAN	
10.01	0.005	-0.119	0.19	-0.3077575	NAN	
10.02	0.015	-0.1165	0.1885	-0.305865	NAN	
10.03	0.02	-0.112	0.192	-0.3039625	NAN	
10.04	0.03	-0.1085	0.193	-0.3020375	NAN	
10.05	0.04	-0.104	0.1925	-0.30011	NAN	
10.06	0.045	-0.101	0.197	-0.2981625	NAN	
10.07	0.055	-0.0965	0.199	-0.2961825	NAN	
10.08	0.06	-0.093	0.198	-0.2941975	NAN	
10.09	0.07	-0.089	0.2055	-0.29218	NAN	
10.1	0.08	-0.0855	0.1975	-0.290165	NAN	
10.11	0.085	-0.0825	0.2125	-0.288115	NAN	
10.12	0.095	-0.0775	0.204	-0.2860325	NAN	
10.13	0.1	-0.073	0.214	-0.2839425	NAN	
10.14	0.11	-0.07	0.208	-0.2818325	NAN	
10.15	0.12	-0.0645	0.219	-0.2796975	NAN	
10.16	0.125	-0.0625	0.211	-0.2775475	NAN	
10.17	0.135	-0.0595	0.2205	-0.27539	NAN	
10.18	0.14	-0.055	0.22	-0.2731875	NAN	
10.19	0.15	-0.0515	0.221	-0.2709825	NAN	
10.2	0.16	-0.0475	0.2215	-0.26877	NAN	
10.21	0.165	-0.0435	0.22	-0.2665625	NAN	
10.22	0.175	-0.0395	0.231	-0.2643075	NAN	
10.23	0.18	-0.036	0.23	-0.2620025	NAN	
10.24	0.19	-0.0325	0.234	-0.2596825	NAN	
10.25	0.2	-0.028	0.2315	-0.257355	NAN	
10.26	0.205	-0.025	0.236	-0.2550175	NAN	
10.27	0.215	-0.0215	0.2445	-0.252615	NAN	
10.28	0.22	-0.0175	0.237	-0.2502075	NAN	
10.29	0.23	-0.014	0.248	-0.2477825	NAN	
10.3	0.24	-0.01	0.242	-0.2453325	NAN	
10.31	0.245	-0.0055	0.2505	-0.24287	NAN	
10.32	0.255	-0.003	0.249	-0.2403725	NAN	
10.33	0.26	0.0005	0.256	-0.2378475	NAN	
10.34	0.27	0.004	0.252	-0.2353075	NAN	
10.35	0.28	0.008	0.255	-0.2327725	NAN	
10.36	0.285	0.012	0.251	-0.2302425	NAN	
10.37	0.295	0.014	0.263	-0.2276725	NAN	
10.38	0.3	0.0175	0.2645	-0.225035	NAN	
10.39	0.31	0.0215	0.2705	-0.22236	NAN	
10.4	0.32	0.0245	0.256	-0.2197275	NAN	
10.41	0.325	0.027	0.28	-0.2170475	NAN	
10.42	0.335	0.0305	0.274	-0.2142775	NAN	
10.43	0.34	0.034	0.285	-0.2114825	NAN	
10.44	0.35	0.037	0.281	-0.2086525	NAN	
10.45	0.36	0.039	0.291	-0.2057925	NAN	
10.46	0.365	0.0425	0.287	-0.2029025	NAN	
10.47	0.375	0.0455	0.297	-0.1999825	NAN	
10.48	0.38	0.048	0.2925	-0.197035	NAN	
10.49	0.39	0.051	0.305	-0.1940475	NAN	
10.5	0.4	0.0535	0.301	-0.1910175	NAN	
10.51	0.405	0.056	0.3085	-0.18797	NAN	
10.52	0.415	0.059	0.314	-0.1848575	NAN	
10.53	0.42	0.061	0.3145	-0.181715	NAN	
10.54	0.43	0.0645	0.331	-0.1784875	NAN	
10.55	0.44	0.066	0.324	-0.1752125	NAN	
10.56	0.445	0.068	0.3375	-0.171905	NAN	
10.57	0.455	0.0705	0.3315	-0.16856	NAN	
10.58	0.46	0.0725	0.3375	-0.165215	NAN	
10.59	0.47	0.075	0.345	-0.1618025	NAN	
10.6	0.48	0.077	0.3475	-0.15834	NAN	
10.61	0.485	0.079	0.355	-0.1548275	NAN	
10.62	0.495	0.081	0.3565	-0.15127	NAN	
10.63	0.5	0.083	0.3665	-0.147655	NAN	
10.64	0.51	0.085	0.3675	-0.143985	NAN	
10.65	0.52	0.087	0.3715	-0.14029	NAN	
10.66	0.525	0.089	0.372	-0.1365725	NAN	
10.67	0.535	0.091	0.3845	-0.13279	NAN	
10.68	0.54	0.093	0.3815	-0.12896	NAN	
10.69	0.55	0.0945	0.396	-0.1250725	NAN	
10.7	0.56	0.0965	0.3915	-0.121135	NAN	
10.71	0.565	0.0985	0.406	-0.1171475	NAN	
10.72	0.575	0.1005	0.403	-0.1131025	NAN	
10.73	0.58	0.1025	0.4135	-0.10902	NAN	
10.74	0.59	0.1045	0.412	-0.1048925	NAN	
10.75	0.6	0.1065	0.4205	-0.10073	NAN	
10.76	0.605	0.1085	0.421	-0.0965225	NAN	
10.77	0.615	0.1105	0.4345	-0.092245	NAN	
10.78	0.62	0.112	0.432	-0.0879125	NAN	
10.79	0.63	0.114	0.443	-0.0835375	NAN	
10.8	0.64	0.116	0.4385	-0.07913	NAN	
10.81	0.645	0.118	0.453	-0.0746725	NAN	
10.82	0.655	0.1205	0.452	-0.0701475	NAN	
10.83	0.66	0.122	0.462	-0.0655775	NAN	
10.84	0.67	0.1245	0.4625	-0.060955	NAN	
10.85	0.68	0.1265	0.4675	-0.056305	NAN	
10.86	0.685	0.1285	0.473	-0.0516025	NAN	
10.87	0.695	0.1305	0.4815	-0.04683	NAN	
10.88	0.7	0.1325	0.481	-0.0420175	NAN	
10.89	0.71	0.135	0.492	-0.0371525	NAN	
10.9	0.72	0.137	0.4875	-0.032255	NAN	
10.91	0.725	0.139	0.499	-0.0273225	NAN	
10.92	0.735	0.1415	0.4985	-0.022335	NAN	
10.93	0.74	0.1435	0.5075	-0.017305	NAN	
10.94	0.75	0.146	0.507	-0.0122325	NAN	
10.95	0.76	0.148	0.515	-0.0071225	NAN	
10.96	0.765	0.1505	0.514	-0.0019775	NAN	
10.97	0.775	0.153	0.528	0.0032325	NAN	
10.98	0.78	0.1555	0.525	0.0084975	NAN	
10.99	0.79	0.1575	0.533	0.0137875	NAN	
11	0.8	0.16	0.534	0.0191225	NAN	
11.01	0.805	0.1625	0.5475	0.02453	NAN	
11.02	0.815	0.165	0.5475	0.030005	NAN	
11.03	0.82	0.168	0.555	0.0355175	NAN	
11.04	0.83	0.1705	0.5305	0.040945	NAN	
11.05	0.84	0.1735	0.5475	0.046335	NAN	
11.06	0.845	0.1765	0.57	0.0519225	NAN	
11.07	0.855	0.1795	0.5595	0.05757	NAN	
11.08	0.86	0.182	0.561	0.0631725	NAN	
11.09	0.87	0.185	0.557	0.0687625	NAN	
11.1	0.88	0.1885	0.566	0.0743775	NAN	
11.11	0.885	0.1915	0.577	0.0800925	NAN	
11.12	0.895	0.1945	0.5765	0.08586	NAN	
11.13	0.9	0.1975	0.58	0.0916425	NAN	
11.14	0.91	0.2015	0.578	0.0974325	NAN	
11.15	0.92	0.2045	0.586	0.1032525	NAN	
11.16	0.925	0.2085	0.5845	0.109105	NAN	
11.17	0.935	0.212	0.5935	0.114995	NAN	
11.18	0.94	0.2155	0.588	0.1209025	NAN	
11.19	0.95	0.2195	0.596	0.1268225	NAN	
11.2	0.96	0.2235	0.5905	0.132755	NAN	
11.21	0.965	0.2275	0.5965	0.13869	NAN	
11.22	0.975	0.2315	0.594	0.1446425	NAN	
11.23	0.98	0.236	0.5985	0.150605	NAN	
11.24	0.99	0.2405	0.5925	0.15656	NAN	
11.25	1	0.245	0.5935	0.16249	NAN	
11.26	1.005	0.25	0.589	0.1684025	NAN	
11.27	1.015	0.255	0.604	0.1743675	NAN	
11.28	1.02	0.2605	0.5945	0.18036	NAN	
11.29	1.03	0.266	0.5995	0.18633	NAN	
11.3	1.04	0.2715	0.5855	0.192255	NAN	
11.31	1.045	0.2775	0.595	0.1981575	NAN	
11.32	1.055	0.2835	0.5855	0.20406	NAN	
11.33	1.06	0.2905	0.588	0.2099275	NAN	
11.34	1.07	0.2975	0.5765	0.21575	NAN	
11.35	1.08	0.3045	0.578	0.2215225	NAN	
11.36	1.085	0.3125	0.568	0.2272525	NAN	
11.37	1.095	0.3205	0.5705	0.232945	NAN	
11.38	1.1	0.3285	0.5555	0.238575	NAN	
11.39	1.11	0.337	0.5585	0.244145	NAN	
11.4	1.12	0.3455	0.543	0.2496525	NAN	
11.41	1.125	0.3545	0.549	0.2551125	NAN	
11.42	1.135	0.3635	0.532	0.2605175	NAN	
11.43	1.14	0.372	0.5305	0.26583	NAN	
11.44	1.15	0.3815	0.515	0.2710575	NAN	
11.45	1.16	0.3905	0.514	0.2762025	NAN	
11.46	1.165	0.4	0.505	0.2812975	NAN	
11.47	1.175	0.4095	0.5085	0.286365	NAN	
11.48	1.18	0.4185	0.4945	0.29138	NAN	
11.49	1.19	0.4285	0.4915	0.29631	NAN	
11.5	1.2	0.438	0.4695	0.301115	NAN	
11.51	1.205	0.447	0.476	0.3058425	NAN	
11.52	1.215	0.457	0.459	0.3105175	NAN	
11.53	1.22	0.4665	0.46	0.3151125	NAN	
11.54	1.23	0.476	0.442	0.3196225	NAN	
11.55	1.24	0.486	0.4405	0.324035	NAN	
11.56	1.245	0.4955	0.4275	0.328375	NAN	
11.57	1.255	0.5055	0.4275	0.33265	NAN	
11.58	1.26	0.515	0.411	0.3368425	NAN	
11.59	1.27	0.525	0.4095	0.340945	NAN	
11.6	1.28	0.535	0.395	0.3449675	NAN	
11.61	1.285	0.545	0.392	0.3489025	NAN	
11.62	1.295	0.5545	0.3815	0.35277	NAN	
11.63	1.3	0.5645	0.375	0.3565525	NAN	
11.64	1.31	0.574	0.3645	0.36025	NAN	
11.65	1.32	0.5845	0.357	0.3638575	NAN	
11.66	1.325	0.594	0.3485	0.367385	NAN	
11.67	1.335	0.604	0.3435	0.370845	NAN	
11.68	1.34	0.614	0.333	0.3742275	NAN	
11.69	1.35	0.624	0.3245	0.377515	NAN	
11.7	1.36	0.634	0.3165	0.38072	NAN	
11.71	1.365	0.644	0.3095	0.38385	NAN	
11.72	1.375	0.654	0.3025	0.38691	NAN	
11.73	1.38	0.664	0.2945	0.389895	NAN	
11.74	1.39	0.6735	0.283	0.3927825	NAN	
11.75	1.4	0.6835	0.2795	0.395595	NAN	
11.76	1.405	0.6935	0.265	0.3983175	NAN	
11.77	1.415	0.703	0.2695	0.40099	NAN	
11.78	1.42	0.713	0.2485	0.40358	NAN	
11.79	1.43	0.7225	0.253	0.4060875	NAN	
11.8	1.44	0.732	0.234	0.4085225	NAN	
11.81	1.445	0.7415	0.2355	0.41087	NAN	
11.82	1.455	0.751	0.2245	0.41317	NAN	
11.83	1.46	0.7605	0.2215	0.4154	NAN	
11.84	1.47	0.77	0.211	0.4175625	NAN	
11.85	1.48	0.779	0.2035	0.419635	NAN	
11.86	1.485	0.788	0.198	0.4216425	NAN	
11.87	1.495	0.797	0.194	0.4236025	NAN	
11.88	1.5	0.806	0.185	0.4254975	NAN	
11.89	1.51	0.8145	0.1815	0.42733	NAN	
11.9	1.52	0.8235	0.1685	0.42908	NAN	
11.91	1.525	0.832	0.1725	0.430785	NAN	
11.92	1.535	0.84	0.1595	0.432445	NAN	
11.93	1.54	0.8485	0.162	0.4340525	NAN	
11.94	1.55	0.8565	0.148	0.4356025	NAN	
11.95	1.56	0.8645	0.149	0.4370875	NAN	
11.96	1.565	0.873	0.1405	0.438535	NAN	
11.97	1.575	0.881	0.1405	0.43994	NAN	
11.98	1.58	0.8885	0.1335	0.44131	NAN	
11.99	1.59	0.896	0.1315	0.442635	NAN	
12	1.6	0.9035	0.122	0.4439025	NAN	
12.01	1.605	0.911	0.1235	0.44513	NAN	
12.02	1.615	0.918	0.115	0.4463225	NAN	
12.03	1.62	0.9255	0.12	0.4474975	NAN	
12.04	1.63	0.932	0.104	0.4486175	NAN	
12.05	1.64	0.939	0.107	0.4496725	NAN	
12.06	1.645	0.946	0.102	0.4507175	NAN	
12.07	1.655	0.9525	0.1035	0.451745	NAN	
12.08	1.66	0.959	0.098	0.4527525	NAN	
12.09	1.67	0.9655	0.095	0.4537175	NAN	
12.1	1.68	0.972	0.0895	0.45464	NAN	
12.11	1.685	0.9785	0.0925	0.45555	NAN	
12.12	1.695	0.9845	0.0855	0.45644	NAN	
12.13	1.7	0.9905	0.09	0.4573175	NAN	
12.14	1.71	0.9965	0.078	0.4581575	NAN	
12.15	1.72	1.003	0.085	0.4589725	NAN	
12.16	1.725	1.0085	0.076	0.4597775	NAN	
12.17	1.735	1.0145	0.08	0.4605575	NAN	
12.18	1.74	1.02	0.076	0.4613375	NAN	
12.19	1.75	1.02	0.0745	0.46209	NAN	
12.2	1.76	1.02	0.0705	0.462815	NAN	
12.21	1.765	1.02	0.075	0.4635425	NAN	
12.22	1.775	1.02	0.0665	0.46425	NAN	
12.23	1.78	1.02	0.0745	0.464955	NAN	
12.24	1.79	1.02	0.0635	0.465645	NAN	
12.25	1.8	1.02	0.0675	0.4663	NAN	
12.26	1.805	1.02	0.064	0.4669575	NAN	
12.27	1.815	1.02	0.0665	0.46761	NAN	
12.28	1.82	1.02	0.062	0.4682525	NAN	
12.29	1.83	1.02	0.066	0.4688925	NAN	
12.3	1.84	1.02	0.0575	0.46951	NAN	
12.31	1.845	1.02	0.0665	0.47013	NAN	
12.32	1.855	1.02	0.057	0.4707475	NAN	
12.33	1.86	1.02	0.0635	0.47135	NAN	
12.34	1.87	1.02	0.057	0.4719525	NAN	
12.35	1.88	1.02	0.058	0.4725275	NAN	
12.36	1.885	1.02	0.057	0.4731025	NAN	
12.37	1.895	1.02	0.06	0.4736875	NAN	
12.38	1.9	1.02	0.0535	0.474255	NAN	
12.39	1.91	1.02	0.0595	0.47482	NAN	
12.4	1.92	1.02	0.0485	0.47536	NAN	
12.41	1.925	1.02	-0.0035	0.475585	NAN	
12.42	1.935	1.02	0.027	0.4757025	NAN	
12.43	1.94	1.02	0.0005	0.47584	NAN	
12.44	1.95	1.02	0.027	0.4759775	NAN	
12.45	1.96	1.02	-0.004	0.4760925	NAN	
12.46	1.965	1.02	0.028	0.4762125	NAN	
12.47	1.975	1.02	-0.008	0.4763125	NAN	
12.48	1.98	1.02	0.027	0.4764075	NAN	
12.49	1.99	1.02	-0.005	0.4765175	NAN	
12.5	2	1.02	0.0235	0.47661	NAN	
