MIN=0	-10	-1	-1	-2	0	
MAX=12.5	10	1	1	2	50	
SCALE=5	5	0.5	0.5	1	10	
DEC=2	2	3	3	2	2	
DEF="Time" t / s	"Voltage" U_1 / V	"Current" I_1 / A	"Voltage" U_B2 / V	"Magnetic Flux" &F / Vs	"Frequency" f / Hz	
0	0	0	0.0015	0	NAN	
0.01	0.005	0.0005	0.008	4.75E-5	NAN	
0.02	0.015	0.001	0.011	0.0001425	NAN	
0.03	0.02	0.0015	0.016	0.0002775	NAN	
0.04	0.03	0.0015	0.022	0.0004675	NAN	
0.05	0.04	0.003	0.031	0.0007325	NAN	
0.06	0.045	0.002	0.039	0.0010825	NAN	
0.07	0.055	0.005	0.049	0.0015225	NAN	
0.08	0.06	0.0065	0.0505	0.00202	NAN	
0.09	0.07	0.008	0.0565	0.002555	NAN	
0.1	0.08	0.0095	0.058	0.0031275	NAN	
0.11	0.085	0.011	0.064	0.0037375	NAN	
0.12	0.095	0.013	0.07	0.0044075	NAN	
0.13	0.1	0.014	0.0765	0.00514	NAN	
0.14	0.11	0.0165	0.0815	0.00593	NAN	
0.15	0.12	0.0185	0.088	0.0067775	NAN	
0.16	0.125	0.021	0.089	0.0076625	NAN	
0.17	0.135	0.023	0.099	0.0086025	NAN	
0.18	0.14	0.025	0.095	0.0095725	NAN	
0.19	0.15	0.0275	0.104	0.0105675	NAN	
0.2	0.16	0.03	0.1035	0.011605	NAN	
0.21	0.165	0.032	0.111	0.0126775	NAN	
0.22	0.175	0.035	0.118	0.0138225	NAN	
0.23	0.18	0.037	0.1195	0.01501	NAN	
0.24	0.19	0.04	0.127	0.0162425	NAN	
0.25	0.2	0.042	0.128	0.0175175	NAN	
0.26	0.205	0.045	0.1315	0.018815	NAN	
0.27	0.215	0.047	0.138	0.0201625	NAN	
0.28	0.22	0.0505	0.134	0.0215225	NAN	
0.29	0.23	0.055	0.1415	0.0229	NAN	
0.3	0.24	0.056	0.14	0.0243075	NAN	
0.31	0.245	0.059	0.153	0.0257725	NAN	
0.32	0.255	0.0615	0.155	0.0273125	NAN	
0.33	0.26	0.064	0.161	0.0288925	NAN	
0.34	0.27	0.0665	0.164	0.0305175	NAN	
0.35	0.28	0.0695	0.1645	0.03216	NAN	
0.36	0.285	0.072	0.1685	0.033825	NAN	
0.37	0.295	0.0755	0.174	0.0355375	NAN	
0.38	0.3	0.0775	0.173	0.0372725	NAN	
0.39	0.31	0.08	0.1805	0.03904	NAN	
0.4	0.32	0.0825	0.182	0.0408525	NAN	
0.41	0.325	0.0855	0.1895	0.04271	NAN	
0.42	0.335	0.088	0.1915	0.044615	NAN	
0.43	0.34	0.091	0.198	0.0465625	NAN	
0.44	0.35	0.0935	0.2005	0.048555	NAN	
0.45	0.36	0.096	0.2025	0.05057	NAN	
0.46	0.365	0.099	0.205	0.0526075	NAN	
0.47	0.375	0.1015	0.211	0.0546875	NAN	
0.48	0.38	0.1045	0.2095	0.05679	NAN	
0.49	0.39	0.1075	0.215	0.0589125	NAN	
0.5	0.4	0.11	0.2155	0.061065	NAN	
0.51	0.405	0.113	0.2165	0.063225	NAN	
0.52	0.415	0.116	0.185	0.0652325	NAN	
0.53	0.42	0.1195	0.2325	0.06732	NAN	
0.54	0.43	0.1225	0.237	0.0696675	NAN	
0.55	0.44	0.1245	0.235	0.0720275	NAN	
0.56	0.445	0.1285	0.235	0.0743775	NAN	
0.57	0.455	0.1315	0.2445	0.076775	NAN	
0.58	0.46	0.1345	0.24	0.0791975	NAN	
0.59	0.47	0.1375	0.2515	0.081655	NAN	
0.6	0.48	0.14	0.248	0.0841525	NAN	
0.61	0.485	0.1425	0.2535	0.08666	NAN	
0.62	0.495	0.1455	0.257	0.0892125	NAN	
0.63	0.5	0.148	0.2595	0.091795	NAN	
0.64	0.51	0.151	0.2615	0.0944	NAN	
0.65	0.52	0.1535	0.265	0.0970325	NAN	
0.66	0.525	0.156	0.269	0.0997025	NAN	
0.67	0.535	0.1595	0.283	0.1024625	NAN	
0.68	0.54	0.161	0.277	0.1052625	NAN	
0.69	0.55	0.1635	0.2875	0.108085	NAN	
0.7	0.56	0.166	0.2865	0.110955	NAN	
0.71	0.565	0.169	0.295	0.1138625	NAN	
0.72	0.575	0.171	0.302	0.1168475	NAN	
0.73	0.58	0.174	0.301	0.1198625	NAN	
0.74	0.59	0.1765	0.2955	0.122845	NAN	
0.75	0.6	0.179	0.3045	0.125845	NAN	
0.76	0.605	0.1815	0.306	0.1288975	NAN	
0.77	0.615	0.1845	0.314	0.1319975	NAN	
0.78	0.62	0.187	0.31	0.1351175	NAN	
0.79	0.63	0.19	0.3225	0.13828	NAN	
0.8	0.64	0.1925	0.3265	0.141525	NAN	
0.81	0.645	0.1955	0.33	0.1448075	NAN	
0.82	0.655	0.198	0.337	0.1481425	NAN	
0.83	0.66	0.201	0.3375	0.151515	NAN	
0.84	0.67	0.204	0.3435	0.15492	NAN	
0.85	0.68	0.207	0.343	0.1583525	NAN	
0.86	0.685	0.21	0.3415	0.161775	NAN	
0.87	0.695	0.2135	0.3485	0.165225	NAN	
0.88	0.7	0.2165	0.346	0.1686975	NAN	
0.89	0.71	0.22	0.357	0.1722125	NAN	
0.9	0.72	0.2235	0.347	0.1757325	NAN	
0.91	0.725	0.227	0.3615	0.179275	NAN	
0.92	0.735	0.2305	0.355	0.1828575	NAN	
0.93	0.74	0.234	0.3625	0.186445	NAN	
0.94	0.75	0.2375	0.3625	0.19007	NAN	
0.95	0.76	0.2415	0.3625	0.193695	NAN	
0.96	0.765	0.2455	0.3625	0.19732	NAN	
0.97	0.775	0.2495	0.3705	0.200985	NAN	
0.98	0.78	0.254	0.3675	0.204675	NAN	
0.99	0.79	0.2585	0.374	0.2083825	NAN	
1	0.8	0.2635	0.368	0.2120925	NAN	
1.01	0.805	0.268	0.375	0.2158075	NAN	
1.02	0.815	0.273	0.372	0.2195425	NAN	
1.03	0.82	0.278	0.3735	0.22327	NAN	
1.04	0.83	0.2835	0.3705	0.22699	NAN	
1.05	0.84	0.289	0.3695	0.23069	NAN	
1.06	0.845	0.2945	0.366	0.2343675	NAN	
1.07	0.855	0.3	0.3695	0.238045	NAN	
1.08	0.86	0.306	0.363	0.2417075	NAN	
1.09	0.87	0.3125	0.364	0.2453425	NAN	
1.1	0.88	0.3185	0.358	0.2489525	NAN	
1.11	0.885	0.325	0.3515	0.2525	NAN	
1.12	0.895	0.3315	0.3525	0.25602	NAN	
1.13	0.9	0.338	0.353	0.2595475	NAN	
1.14	0.91	0.345	0.343	0.2630275	NAN	
1.15	0.92	0.3515	0.3485	0.266485	NAN	
1.16	0.925	0.3585	0.3395	0.269925	NAN	
1.17	0.935	0.3655	0.34	0.2733225	NAN	
1.18	0.94	0.3725	0.3485	0.276765	NAN	
1.19	0.95	0.3795	0.3365	0.28019	NAN	
1.2	0.96	0.387	0.329	0.2835175	NAN	
1.21	0.965	0.394	0.321	0.2867675	NAN	
1.22	0.975	0.401	0.326	0.2900025	NAN	
1.23	0.98	0.4085	0.3345	0.293305	NAN	
1.24	0.99	0.4155	0.3095	0.296525	NAN	
1.25	1	0.423	0.313	0.2996375	NAN	
1.26	1.005	0.43	0.304	0.3027225	NAN	
1.27	1.015	0.437	0.309	0.3057875	NAN	
1.28	1.02	0.444	0.2935	0.3088	NAN	
1.29	1.03	0.451	0.303	0.3117825	NAN	
1.3	1.04	0.4585	0.2865	0.31473	NAN	
1.31	1.045	0.4655	0.297	0.3176475	NAN	
1.32	1.055	0.4725	0.2875	0.32057	NAN	
1.33	1.06	0.4795	0.2945	0.32348	NAN	
1.34	1.07	0.487	0.285	0.3263775	NAN	
1.35	1.08	0.494	0.3015	0.32931	NAN	
1.36	1.085	0.501	0.277	0.3322025	NAN	
1.37	1.095	0.508	0.2715	0.334945	NAN	
1.38	1.1	0.515	0.2635	0.33762	NAN	
1.39	1.11	0.522	0.2605	0.34024	NAN	
1.4	1.12	0.529	0.252	0.3428025	NAN	
1.41	1.125	0.536	0.2485	0.345305	NAN	
1.42	1.135	0.543	0.2515	0.347805	NAN	
1.43	1.14	0.55	0.247	0.3502975	NAN	
1.44	1.15	0.557	0.2415	0.35274	NAN	
1.45	1.16	0.5635	0.249	0.3551925	NAN	
1.46	1.165	0.5705	0.2375	0.357625	NAN	
1.47	1.175	0.5775	0.241	0.3600175	NAN	
1.48	1.18	0.5845	0.234	0.3623925	NAN	
1.49	1.19	0.5915	0.2345	0.364735	NAN	
1.5	1.2	0.598	0.2205	0.36701	NAN	
1.51	1.205	0.605	0.223	0.3692275	NAN	
1.52	1.215	0.612	0.2155	0.37142	NAN	
1.53	1.22	0.6185	0.213	0.3735625	NAN	
1.54	1.23	0.6255	0.21	0.3756775	NAN	
1.55	1.24	0.632	0.21	0.3777775	NAN	
1.56	1.245	0.639	0.206	0.3798575	NAN	
1.57	1.255	0.6455	0.211	0.3819425	NAN	
1.58	1.26	0.6525	0.199	0.3839925	NAN	
1.59	1.27	0.659	0.206	0.3860175	NAN	
1.6	1.28	0.6655	0.194	0.3880175	NAN	
1.61	1.285	0.672	0.197	0.3899725	NAN	
1.62	1.295	0.679	0.19	0.3919075	NAN	
1.63	1.3	0.685	0.1885	0.3938	NAN	
1.64	1.31	0.692	0.1815	0.39565	NAN	
1.65	1.32	0.6985	0.179	0.3974525	NAN	
1.66	1.325	0.705	0.175	0.3992225	NAN	
1.67	1.335	0.7115	0.179	0.4009925	NAN	
1.68	1.34	0.718	0.171	0.4027425	NAN	
1.69	1.35	0.7245	0.1765	0.40448	NAN	
1.7	1.36	0.731	0.168	0.4062025	NAN	
1.71	1.365	0.7375	0.1725	0.407905	NAN	
1.72	1.375	0.7445	0.164	0.4095875	NAN	
1.73	1.38	0.7505	0.164	0.4112275	NAN	
1.74	1.39	0.757	0.155	0.4128225	NAN	
1.75	1.4	0.7635	0.1555	0.414375	NAN	
1.76	1.405	0.77	0.149	0.4158975	NAN	
1.77	1.415	0.7765	0.1555	0.41742	NAN	
1.78	1.42	0.783	0.147	0.4189325	NAN	
1.79	1.43	0.7895	0.1525	0.42043	NAN	
1.8	1.44	0.7955	0.1445	0.421915	NAN	
1.81	1.445	0.802	0.1465	0.42337	NAN	
1.82	1.455	0.8085	0.141	0.4248075	NAN	
1.83	1.46	0.815	0.1385	0.426205	NAN	
1.84	1.47	0.8215	0.133	0.4275625	NAN	
1.85	1.48	0.8275	0.133	0.4288925	NAN	
1.86	1.485	0.834	0.127	0.4301925	NAN	
1.87	1.495	0.84	0.135	0.4315025	NAN	
1.88	1.5	0.846	0.126	0.4328075	NAN	
1.89	1.51	0.8525	0.1325	0.4341	NAN	
1.9	1.52	0.8585	0.12	0.4353625	NAN	
1.91	1.525	0.8645	0.1235	0.43658	NAN	
1.92	1.535	0.871	0.1175	0.437785	NAN	
1.93	1.54	0.877	0.117	0.4389575	NAN	
1.94	1.55	0.883	0.112	0.4401025	NAN	
1.95	1.56	0.889	0.1135	0.44123	NAN	
1.96	1.565	0.895	0.111	0.4423525	NAN	
1.97	1.575	0.901	0.117	0.4434925	NAN	
1.98	1.58	0.9075	0.108	0.4446175	NAN	
1.99	1.59	0.9135	0.114	0.4457275	NAN	
2	1.6	0.919	0.1005	0.4468	NAN	
2.01	1.605	0.925	0.106	0.4478325	NAN	
2.02	1.615	0.931	0.097	0.4488475	NAN	
2.03	1.62	0.937	0.0995	0.44983	NAN	
2.04	1.63	0.9425	0.095	0.4508025	NAN	
2.05	1.64	0.948	0.0985	0.45177	NAN	
2.06	1.645	0.9535	0.095	0.4527375	NAN	
2.07	1.655	0.9595	0.101	0.4537175	NAN	
2.08	1.66	0.965	0.0905	0.454675	NAN	
2.09	1.67	0.9705	0.096	0.4556075	NAN	
2.1	1.68	0.9765	0.094	0.4565575	NAN	
2.11	1.685	0.982	0.104	0.4575475	NAN	
2.12	1.695	0.9875	0.087	0.4585025	NAN	
2.13	1.7	0.993	0.0875	0.459375	NAN	
2.14	1.71	0.9985	0.086	0.4602425	NAN	
2.15	1.72	1.004	0.0895	0.46112	NAN	
2.16	1.725	1.0095	0.078	0.4619575	NAN	
2.17	1.735	1.015	0.085	0.4627725	NAN	
2.18	1.74	1.02	0.0735	0.463565	NAN	
2.19	1.75	1.02	0.0795	0.46433	NAN	
2.2	1.76	1.02	0.072	0.4650875	NAN	
2.21	1.765	1.02	0.079	0.4658425	NAN	
2.22	1.775	1.02	0.0765	0.46662	NAN	
2.23	1.78	1.02	0.0785	0.467395	NAN	
2.24	1.79	1.02	0.0735	0.468155	NAN	
2.25	1.8	1.02	0.0755	0.4689	NAN	
2.26	1.805	1.02	0.066	0.4696075	NAN	
2.27	1.815	1.02	0.0745	0.47031	NAN	
2.28	1.82	1.02	0.0635	0.471	NAN	
2.29	1.83	1.02	0.0745	0.47169	NAN	
2.3	1.84	1.02	0.0645	0.472385	NAN	
2.31	1.845	1.02	0.074	0.4730775	NAN	
2.32	1.855	1.02	0.068	0.4737875	NAN	
2.33	1.86	1.02	0.069	0.4744725	NAN	
2.34	1.87	1.02	0.063	0.4751325	NAN	
2.35	1.88	1.02	0.064	0.4757675	NAN	
2.36	1.885	1.02	0.061	0.4763925	NAN	
2.37	1.895	1.02	0.0685	0.47704	NAN	
2.38	1.9	1.02	0.061	0.4776875	NAN	
2.39	1.91	1.02	0.037	0.4781775	NAN	
2.4	1.92	1.02	-0.0035	0.478345	NAN	
2.41	1.925	1.02	-0.003	0.4783125	NAN	
2.42	1.935	1.02	-0.0055	0.47827	NAN	
2.43	1.94	1.02	-0.0065	0.47821	NAN	
2.44	1.95	1.02	-0.0085	0.478135	NAN	
2.45	1.96	1.02	-0.0105	0.47804	NAN	
2.46	1.965	1.02	-0.005	0.4779625	NAN	
2.47	1.975	1.02	-0.0025	0.477925	NAN	
2.48	1.98	1.02	-0.0015	0.477905	NAN	
2.49	1.99	1.02	0.0015	0.477905	NAN	
2.5	2	1.02	-0.005	0.4778875	NAN	
2.51	1.995	1.02	-0.0095	0.477815	NAN	
2.52	1.985	1.02	-0.008	0.4777275	NAN	
2.53	1.98	1.02	-0.0035	0.47767	NAN	
2.54	1.97	1.02	-0.0105	0.4776	NAN	
2.55	1.96	1.02	-0.007	0.4775125	NAN	
2.56	1.955	1.02	-0.0095	0.47743	NAN	
2.57	1.945	1.02	-0.007	0.4773475	NAN	
2.58	1.94	1.02	-0.008	0.4772725	NAN	
2.59	1.93	1.02	0.0035	0.47725	NAN	
2.6	1.92	1.02	-0.003	0.4772525	NAN	
2.61	1.915	1.02	-0.0085	0.477195	NAN	
2.62	1.905	1.02	-0.0035	0.477135	NAN	
2.63	1.9	1.02	-0.0095	0.47707	NAN	
2.64	1.89	1.02	-0.0065	0.47699	NAN	
2.65	1.88	1.02	-0.0045	0.476935	NAN	
2.66	1.875	1.02	-0.006	0.4768825	NAN	
2.67	1.865	1.02	-0.002	0.4768425	NAN	
2.68	1.86	1.02	0.0005	0.476835	NAN	
2.69	1.85	1.02	-0.002	0.4768275	NAN	
2.7	1.84	1.02	-0.004	0.4767975	NAN	
2.71	1.835	1.02	0.002	0.4767875	NAN	
2.72	1.825	1.02	-0.014	0.4767275	NAN	
2.73	1.82	1.02	-0.0065	0.476625	NAN	
2.74	1.81	1.02	-0.017	0.4765075	NAN	
2.75	1.8	1.02	-0.0095	0.476375	NAN	
2.76	1.795	1.02	-0.017	0.4762425	NAN	
2.77	1.785	1.02	-0.0135	0.47609	NAN	
2.78	1.78	1.02	-0.0135	0.475955	NAN	
2.79	1.77	1.02	-0.0085	0.475845	NAN	
2.8	1.76	1.02	-0.0125	0.47574	NAN	
2.81	1.755	1.02	-0.0065	0.475645	NAN	
2.82	1.745	1.02	-0.0225	0.4755	NAN	
2.83	1.74	1.02	-0.012	0.4753275	NAN	
2.84	1.73	1.02	-0.025	0.4751425	NAN	
2.85	1.72	1.02	-0.0135	0.47495	NAN	
2.86	1.715	1.02	-0.023	0.4747675	NAN	
2.87	1.705	1.02	-0.018	0.4745625	NAN	
2.88	1.7	1.02	-0.0225	0.47436	NAN	
2.89	1.69	1.02	-0.0155	0.47417	NAN	
2.9	1.68	1.02	-0.018	0.4740025	NAN	
2.91	1.675	1.02	-0.0145	0.47384	NAN	
2.92	1.665	1.02	-0.0235	0.47365	NAN	
2.93	1.66	1.02	-0.022	0.4734225	NAN	
2.94	1.65	1.02	-0.0225	0.4732	NAN	
2.95	1.64	1.02	-0.02	0.4729875	NAN	
2.96	1.635	1.02	-0.025	0.4727625	NAN	
2.97	1.625	1.02	-0.0225	0.472525	NAN	
2.98	1.62	1.019	-0.031	0.4722575	NAN	
2.99	1.61	1.014	-0.0175	0.472015	NAN	
3	1.6	1.0095	-0.024	0.4718075	NAN	
3.01	1.595	1.005	-0.014	0.4716175	NAN	
3.02	1.585	1.0005	-0.024	0.4714275	NAN	
3.03	1.58	0.996	-0.0195	0.47121	NAN	
3.04	1.57	0.9915	-0.03	0.4709625	NAN	
3.05	1.56	0.987	-0.0175	0.470725	NAN	
3.06	1.555	0.982	-0.0325	0.470475	NAN	
3.07	1.545	0.9775	-0.0245	0.47019	NAN	
3.08	1.54	0.973	-0.0305	0.469915	NAN	
3.09	1.53	0.968	-0.0245	0.46964	NAN	
3.1	1.52	0.9635	-0.0335	0.46935	NAN	
3.11	1.515	0.9585	-0.02	0.4690825	NAN	
3.12	1.505	0.954	-0.0315	0.468825	NAN	
3.13	1.5	0.949	-0.0085	0.468625	NAN	
3.14	1.49	0.9445	-0.031	0.4684275	NAN	
3.15	1.48	0.9395	-0.0235	0.468155	NAN	
3.16	1.475	0.935	-0.0335	0.46787	NAN	
3.17	1.465	0.93	-0.0295	0.467555	NAN	
3.18	1.46	0.9255	-0.0315	0.46725	NAN	
3.19	1.45	0.9205	-0.0295	0.466945	NAN	
3.2	1.44	0.916	-0.0305	0.466645	NAN	
3.21	1.435	0.911	-0.024	0.4663725	NAN	
3.22	1.425	0.9065	-0.0315	0.466095	NAN	
3.23	1.42	0.9015	-0.022	0.4658275	NAN	
3.24	1.41	0.897	-0.033	0.4655525	NAN	
3.25	1.4	0.892	-0.024	0.4652675	NAN	
3.26	1.395	0.8875	-0.035	0.4649725	NAN	
3.27	1.385	0.8825	-0.0295	0.46465	NAN	
3.28	1.38	0.878	-0.0365	0.46432	NAN	
3.29	1.37	0.873	-0.03	0.4639875	NAN	
3.3	1.36	0.8685	-0.0345	0.463665	NAN	
3.31	1.355	0.8635	-0.0295	0.463345	NAN	
3.32	1.345	0.859	-0.0345	0.463025	NAN	
3.33	1.34	0.854	-0.0265	0.46272	NAN	
3.34	1.33	0.8495	-0.035	0.4624125	NAN	
3.35	1.32	0.8445	-0.027	0.4621025	NAN	
3.36	1.315	0.84	-0.037	0.4617825	NAN	
3.37	1.305	0.835	-0.033	0.4614325	NAN	
3.38	1.3	0.8305	-0.0405	0.461065	NAN	
3.39	1.29	0.8255	-0.0345	0.46069	NAN	
3.4	1.28	0.821	-0.039	0.4603225	NAN	
3.41	1.275	0.816	-0.031	0.4599725	NAN	
3.42	1.265	0.8115	-0.0375	0.45963	NAN	
3.43	1.26	0.807	-0.0275	0.459305	NAN	
3.44	1.25	0.8025	-0.0365	0.458985	NAN	
3.45	1.24	0.798	-0.029	0.4586575	NAN	
3.46	1.235	0.7935	-0.037	0.4583275	NAN	
3.47	1.225	0.7885	-0.037	0.4579575	NAN	
3.48	1.22	0.784	-0.041	0.4575675	NAN	
3.49	1.21	0.7795	-0.038	0.4571725	NAN	
3.5	1.2	0.775	-0.041	0.4567775	NAN	
3.51	1.195	0.77	-0.035	0.4563975	NAN	
3.52	1.185	0.766	-0.0435	0.456005	NAN	
3.53	1.18	0.7605	-0.033	0.4556225	NAN	
3.54	1.17	0.756	-0.0415	0.45525	NAN	
3.55	1.16	0.7515	-0.0335	0.454875	NAN	
3.56	1.155	0.747	-0.041	0.4545025	NAN	
3.57	1.145	0.742	-0.0395	0.4541	NAN	
3.58	1.14	0.7375	-0.0435	0.453685	NAN	
3.59	1.13	0.733	-0.0435	0.45325	NAN	
3.6	1.12	0.7285	-0.044	0.4528125	NAN	
3.61	1.115	0.7235	-0.0425	0.45238	NAN	
3.62	1.105	0.719	-0.0465	0.451935	NAN	
3.63	1.1	0.7145	-0.0375	0.451515	NAN	
3.64	1.09	0.71	-0.0455	0.4511	NAN	
3.65	1.08	0.7055	-0.0365	0.45069	NAN	
3.66	1.075	0.701	-0.0455	0.45028	NAN	
3.67	1.065	0.6965	-0.045	0.4498275	NAN	
3.68	1.06	0.692	-0.0485	0.44936	NAN	
3.69	1.05	0.687	-0.047	0.4488825	NAN	
3.7	1.04	0.683	-0.0495	0.4484	NAN	
3.71	1.035	0.678	-0.047	0.4479175	NAN	
3.72	1.025	0.674	-0.051	0.4474275	NAN	
3.73	1.02	0.669	-0.0455	0.446945	NAN	
3.74	1.01	0.664	-0.048	0.4464775	NAN	
3.75	1	0.6595	-0.046	0.4460075	NAN	
3.76	0.995	0.6555	-0.0495	0.44553	NAN	
3.77	0.985	0.6505	-0.0515	0.445025	NAN	
3.78	0.98	0.646	-0.054	0.4444975	NAN	
3.79	0.97	0.6415	-0.054	0.4439575	NAN	
3.8	0.96	0.637	-0.0535	0.44342	NAN	
3.81	0.955	0.6325	-0.0515	0.442895	NAN	
3.82	0.945	0.628	-0.055	0.4423625	NAN	
3.83	0.94	0.623	-0.049	0.4418425	NAN	
3.84	0.93	0.619	-0.053	0.4413325	NAN	
3.85	0.92	0.6145	-0.051	0.4408125	NAN	
3.86	0.915	0.6095	-0.055	0.4402825	NAN	
3.87	0.905	0.605	-0.06	0.4397075	NAN	
3.88	0.9	0.601	-0.059	0.4391125	NAN	
3.89	0.89	0.596	-0.063	0.4385025	NAN	
3.9	0.88	0.5915	-0.058	0.4378975	NAN	
3.91	0.875	0.587	-0.061	0.4373025	NAN	
3.92	0.865	0.5825	-0.061	0.4366925	NAN	
3.93	0.86	0.5775	-0.0575	0.4361	NAN	
3.94	0.85	0.573	-0.061	0.4355075	NAN	
3.95	0.84	0.5685	-0.0605	0.4349	NAN	
3.96	0.835	0.564	-0.065	0.4342725	NAN	
3.97	0.825	0.5595	-0.0675	0.43361	NAN	
3.98	0.82	0.555	-0.0665	0.43294	NAN	
3.99	0.81	0.5505	-0.07	0.4322575	NAN	
4	0.8	0.5455	-0.066	0.4315775	NAN	
4.01	0.795	0.54	-0.0705	0.430895	NAN	
4.02	0.785	0.5365	-0.0685	0.4302	NAN	
4.03	0.78	0.5325	-0.0665	0.429525	NAN	
4.04	0.77	0.5275	-0.067	0.4288575	NAN	
4.05	0.76	0.523	-0.0685	0.42818	NAN	
4.06	0.755	0.5185	-0.0715	0.42748	NAN	
4.07	0.745	0.514	-0.076	0.4267425	NAN	
4.08	0.74	0.5095	-0.075	0.4259875	NAN	
4.09	0.73	0.505	-0.079	0.4252175	NAN	
4.1	0.72	0.5005	-0.076	0.4244425	NAN	
4.11	0.715	0.496	-0.079	0.4236675	NAN	
4.12	0.705	0.4915	-0.078	0.4228825	NAN	
4.13	0.7	0.487	-0.0765	0.42211	NAN	
4.14	0.69	0.4825	-0.076	0.4213475	NAN	
4.15	0.68	0.478	-0.0775	0.42058	NAN	
4.16	0.675	0.4735	-0.0785	0.4198	NAN	
4.17	0.665	0.469	-0.086	0.4189775	NAN	
4.18	0.66	0.4645	-0.082	0.4181375	NAN	
4.19	0.65	0.46	-0.0895	0.41728	NAN	
4.2	0.64	0.4555	-0.083	0.4164175	NAN	
4.21	0.635	0.451	-0.087	0.4155675	NAN	
4.22	0.625	0.4465	-0.0855	0.414705	NAN	
4.23	0.62	0.442	-0.0855	0.41385	NAN	
4.24	0.61	0.438	-0.0845	0.413	NAN	
4.25	0.6	0.4335	-0.086	0.4121475	NAN	
4.26	0.595	0.4295	-0.0865	0.411285	NAN	
4.27	0.585	0.425	-0.0945	0.41038	NAN	
4.28	0.58	0.4205	-0.0895	0.40946	NAN	
4.29	0.57	0.416	-0.0985	0.40852	NAN	
4.3	0.56	0.4115	-0.09	0.4075775	NAN	
4.31	0.555	0.4075	-0.0975	0.40664	NAN	
4.32	0.545	0.4035	-0.0925	0.40569	NAN	
4.33	0.54	0.399	-0.096	0.4047475	NAN	
4.34	0.53	0.3945	-0.093	0.4038025	NAN	
4.35	0.52	0.39	-0.097	0.4028525	NAN	
4.36	0.515	0.386	-0.0965	0.401885	NAN	
4.37	0.505	0.382	-0.1045	0.40088	NAN	
4.38	0.5	0.3775	-0.1005	0.399855	NAN	
4.39	0.49	0.3735	-0.108	0.3988125	NAN	
4.4	0.48	0.369	-0.102	0.3977625	NAN	
4.41	0.475	0.365	-0.1075	0.396715	NAN	
4.42	0.465	0.3605	-0.1045	0.395655	NAN	
4.43	0.46	0.3565	-0.108	0.3945925	NAN	
4.44	0.45	0.352	-0.103	0.3935375	NAN	
4.45	0.44	0.348	-0.109	0.3924775	NAN	
4.46	0.435	0.3435	-0.106	0.3914025	NAN	
4.47	0.425	0.3395	-0.118	0.3902825	NAN	
4.48	0.42	0.335	-0.1115	0.389135	NAN	
4.49	0.41	0.331	-0.1215	0.38797	NAN	
4.5	0.4	0.327	-0.1115	0.386805	NAN	
4.51	0.395	0.3225	-0.118	0.3856575	NAN	
4.52	0.385	0.3185	-0.115	0.3844925	NAN	
4.53	0.38	0.3145	-0.1175	0.38333	NAN	
4.54	0.37	0.31	-0.117	0.3821575	NAN	
4.55	0.36	0.306	-0.122	0.3809625	NAN	
4.56	0.355	0.3015	-0.1225	0.37974	NAN	
4.57	0.345	0.2975	-0.132	0.3784675	NAN	
4.58	0.34	0.2935	-0.123	0.3771925	NAN	
4.59	0.33	0.289	-0.133	0.3759125	NAN	
4.6	0.32	0.285	-0.1225	0.374635	NAN	
4.61	0.315	0.281	-0.1315	0.373365	NAN	
4.62	0.305	0.277	-0.1255	0.37208	NAN	
4.63	0.3	0.2725	-0.133	0.3707875	NAN	
4.64	0.29	0.2685	-0.1285	0.36948	NAN	
4.65	0.28	0.2645	-0.135	0.3681625	NAN	
4.66	0.275	0.26	-0.1345	0.366815	NAN	
4.67	0.265	0.256	-0.1445	0.36542	NAN	
4.68	0.26	0.2515	-0.138	0.3640075	NAN	
4.69	0.25	0.2475	-0.146	0.3625875	NAN	
4.7	0.24	0.2435	-0.1375	0.36117	NAN	
4.71	0.235	0.239	-0.1455	0.359755	NAN	
4.72	0.225	0.235	-0.142	0.3583175	NAN	
4.73	0.22	0.231	-0.1465	0.356875	NAN	
4.74	0.21	0.2265	-0.1435	0.355425	NAN	
4.75	0.2	0.2225	-0.1515	0.35395	NAN	
4.76	0.195	0.2185	-0.148	0.3524525	NAN	
4.77	0.185	0.2145	-0.1605	0.35091	NAN	
4.78	0.18	0.21	-0.152	0.3493475	NAN	
4.79	0.17	0.206	-0.161	0.3477825	NAN	
4.8	0.16	0.202	-0.1515	0.34622	NAN	
4.81	0.155	0.198	-0.1595	0.344665	NAN	
4.82	0.145	0.1935	-0.1575	0.34308	NAN	
4.83	0.14	0.1895	-0.1605	0.34149	NAN	
4.84	0.13	0.1855	-0.16	0.3398875	NAN	
4.85	0.12	0.181	-0.1635	0.33827	NAN	
4.86	0.115	0.177	-0.1635	0.336635	NAN	
4.87	0.105	0.1725	-0.1735	0.33495	NAN	
4.88	0.1	0.1685	-0.166	0.3332525	NAN	
4.89	0.09	0.1645	-0.1765	0.33154	NAN	
4.9	0.08	0.1605	-0.167	0.3298225	NAN	
4.91	0.075	0.1565	-0.1765	0.328105	NAN	
4.92	0.065	0.152	-0.1705	0.32637	NAN	
4.93	0.06	0.148	-0.175	0.3246425	NAN	
4.94	0.05	0.144	-0.1745	0.322895	NAN	
4.95	0.04	0.14	-0.1795	0.321125	NAN	
4.96	0.035	0.1355	-0.18	0.3193275	NAN	
4.97	0.025	0.1315	-0.188	0.3174875	NAN	
4.98	0.02	0.1275	-0.1835	0.31563	NAN	
4.99	0.01	0.1235	-0.1905	0.31376	NAN	
5	0	0.1195	-0.183	0.3118925	NAN	
5.01	-0.005	0.1155	-0.1895	0.31003	NAN	
5.02	-0.015	0.111	-0.1855	0.308155	NAN	
5.03	-0.02	0.107	-0.191	0.3062725	NAN	
5.04	-0.03	0.103	-0.188	0.3043775	NAN	
5.05	-0.04	0.099	-0.195	0.3024625	NAN	
5.06	-0.045	0.095	-0.193	0.3005225	NAN	
5.07	-0.055	0.091	-0.2045	0.298535	NAN	
5.08	-0.06	0.087	-0.1965	0.29653	NAN	
5.09	-0.07	0.083	-0.205	0.2945225	NAN	
5.1	-0.08	0.079	-0.199	0.2925025	NAN	
5.11	-0.085	0.075	-0.204	0.2904875	NAN	
5.12	-0.095	0.071	-0.2035	0.28845	NAN	
5.13	-0.1	0.067	-0.2055	0.286405	NAN	
5.14	-0.11	0.063	-0.205	0.2843525	NAN	
5.15	-0.12	0.059	-0.2095	0.28228	NAN	
5.16	-0.125	0.055	-0.2095	0.280185	NAN	
5.17	-0.135	0.051	-0.2215	0.27803	NAN	
5.18	-0.14	0.0475	-0.215	0.2758475	NAN	
5.19	-0.15	0.0435	-0.225	0.2736475	NAN	
5.2	-0.16	0.04	-0.215	0.2714475	NAN	
5.21	-0.165	0.0355	-0.2235	0.269255	NAN	
5.22	-0.175	0.0315	-0.2205	0.267035	NAN	
5.23	-0.18	0.028	-0.2235	0.264815	NAN	
5.24	-0.19	0.0245	-0.225	0.2625725	NAN	
5.25	-0.2	0.0205	-0.2285	0.260305	NAN	
5.26	-0.205	0.017	-0.231	0.2580075	NAN	
5.27	-0.215	0.0135	-0.24	0.2556525	NAN	
5.28	-0.22	0.0095	-0.235	0.2532775	NAN	
5.29	-0.23	0.0055	-0.243	0.2508875	NAN	
5.3	-0.24	0.0025	-0.2375	0.248485	NAN	
5.31	-0.245	-0.0005	-0.2455	0.24607	NAN	
5.32	-0.255	-0.0045	-0.244	0.2436225	NAN	
5.33	-0.26	-0.007	-0.25	0.2411525	NAN	
5.34	-0.27	-0.0115	-0.249	0.2386575	NAN	
5.35	-0.28	-0.015	-0.2555	0.236135	NAN	
5.36	-0.285	-0.018	-0.256	0.2335775	NAN	
5.37	-0.295	-0.0215	-0.266	0.2309675	NAN	
5.38	-0.3	-0.0245	-0.264	0.2283175	NAN	
5.39	-0.31	-0.0275	-0.271	0.2256425	NAN	
5.4	-0.32	-0.0305	-0.268	0.2229475	NAN	
5.41	-0.325	-0.034	-0.274	0.2202375	NAN	
5.42	-0.335	-0.0365	-0.2745	0.217495	NAN	
5.43	-0.34	-0.0395	-0.279	0.2147275	NAN	
5.44	-0.35	-0.0425	-0.2785	0.21194	NAN	
5.45	-0.36	-0.045	-0.286	0.2091175	NAN	
5.46	-0.365	-0.0475	-0.286	0.2062575	NAN	
5.47	-0.375	-0.049	-0.299	0.2033325	NAN	
5.48	-0.38	-0.0525	-0.296	0.2003575	NAN	
5.49	-0.39	-0.0555	-0.308	0.1973375	NAN	
5.5	-0.4	-0.0575	-0.305	0.1942725	NAN	
5.51	-0.405	-0.06	-0.315	0.1911725	NAN	
5.52	-0.415	-0.0625	-0.3185	0.188005	NAN	
5.53	-0.42	-0.0645	-0.3205	0.18481	NAN	
5.54	-0.43	-0.067	-0.323	0.1815925	NAN	
5.55	-0.44	-0.069	-0.327	0.1783425	NAN	
5.56	-0.445	-0.0715	-0.331	0.1750525	NAN	
5.57	-0.455	-0.0735	-0.3395	0.1717	NAN	
5.58	-0.46	-0.076	-0.338	0.1683125	NAN	
5.59	-0.47	-0.078	-0.35	0.1648725	NAN	
5.6	-0.48	-0.08	-0.348	0.1613825	NAN	
5.61	-0.485	-0.082	-0.3615	0.157835	NAN	
5.62	-0.495	-0.084	-0.364	0.1542075	NAN	
5.63	-0.5	-0.086	-0.37	0.1505375	NAN	
5.64	-0.51	-0.0885	-0.3715	0.14683	NAN	
5.65	-0.52	-0.09	-0.376	0.1430925	NAN	
5.66	-0.525	-0.0915	-0.3775	0.139325	NAN	
5.67	-0.535	-0.094	-0.3855	0.13551	NAN	
5.68	-0.54	-0.096	-0.386	0.1316525	NAN	
5.69	-0.55	-0.0985	-0.3945	0.12775	NAN	
5.7	-0.56	-0.1	-0.395	0.1238025	NAN	
5.71	-0.565	-0.1025	-0.404	0.1198075	NAN	
5.72	-0.575	-0.1045	-0.409	0.1157425	NAN	
5.73	-0.58	-0.1065	-0.416	0.1116175	NAN	
5.74	-0.59	-0.1085	-0.4185	0.107445	NAN	
5.75	-0.6	-0.111	-0.4255	0.103225	NAN	
5.76	-0.605	-0.1125	-0.427	0.0989625	NAN	
5.77	-0.615	-0.115	-0.438	0.0946375	NAN	
5.78	-0.62	-0.1175	-0.4325	0.090285	NAN	
5.79	-0.63	-0.1195	-0.442	0.0859125	NAN	
5.8	-0.64	-0.122	-0.4385	0.08151	NAN	
5.81	-0.645	-0.1235	-0.447	0.0770825	NAN	
5.82	-0.655	-0.126	-0.451	0.0725925	NAN	
5.83	-0.66	-0.128	-0.4545	0.068065	NAN	
5.84	-0.67	-0.1305	-0.4605	0.06349	NAN	
5.85	-0.68	-0.133	-0.463	0.0588725	NAN	
5.86	-0.685	-0.1355	-0.47	0.0542075	NAN	
5.87	-0.695	-0.1375	-0.478	0.0494675	NAN	
5.88	-0.7	-0.1395	-0.4765	0.044695	NAN	
5.89	-0.71	-0.1425	-0.487	0.0398775	NAN	
5.9	-0.72	-0.1445	-0.483	0.0350275	NAN	
5.91	-0.725	-0.1475	-0.4935	0.030145	NAN	
5.92	-0.735	-0.1495	-0.4935	0.02521	NAN	
5.93	-0.74	-0.152	-0.499	0.0202475	NAN	
5.94	-0.75	-0.1545	-0.4975	0.015265	NAN	
5.95	-0.76	-0.157	-0.501	0.0102725	NAN	
5.96	-0.765	-0.16	-0.5055	0.00524	NAN	
5.97	-0.775	-0.1625	-0.5145	0.00014	NAN	
5.98	-0.78	-0.165	-0.514	-0.0050025	NAN	
5.99	-0.79	-0.168	-0.5195	-0.01017	NAN	
6	-0.8	-0.1705	-0.521	-0.0153725	NAN	
6.01	-0.805	-0.1735	-0.5275	-0.020615	NAN	
6.02	-0.815	-0.1765	-0.5305	-0.025905	NAN	
6.03	-0.82	-0.18	-0.534	-0.0312275	NAN	
6.04	-0.83	-0.1825	-0.5365	-0.03658	NAN	
6.05	-0.84	-0.186	-0.5385	-0.041955	NAN	
6.06	-0.845	-0.1895	-0.5395	-0.047345	NAN	
6.07	-0.855	-0.1925	-0.549	-0.0527875	NAN	
6.08	-0.86	-0.196	-0.5425	-0.058245	NAN	
6.09	-0.87	-0.199	-0.551	-0.0637125	NAN	
6.1	-0.88	-0.2025	-0.5455	-0.069195	NAN	
6.11	-0.885	-0.206	-0.5525	-0.074685	NAN	
6.12	-0.895	-0.2095	-0.553	-0.0802125	NAN	
6.13	-0.9	-0.2135	-0.5555	-0.085755	NAN	
6.14	-0.91	-0.217	-0.555	-0.0913075	NAN	
6.15	-0.92	-0.221	-0.5565	-0.096865	NAN	
6.16	-0.925	-0.2245	-0.5575	-0.102435	NAN	
6.17	-0.935	-0.229	-0.5645	-0.108045	NAN	
6.18	-0.94	-0.2335	-0.559	-0.1136625	NAN	
6.19	-0.95	-0.2375	-0.567	-0.1192925	NAN	
6.2	-0.96	-0.2425	-0.5595	-0.124925	NAN	
6.21	-0.965	-0.2465	-0.5685	-0.130565	NAN	
6.22	-0.975	-0.2515	-0.5645	-0.13623	NAN	
6.23	-0.98	-0.256	-0.569	-0.1418975	NAN	
6.24	-0.99	-0.261	-0.565	-0.1475675	NAN	
6.25	-1	-0.2665	-0.5665	-0.153225	NAN	
6.26	-1.005	-0.2715	-0.562	-0.1588675	NAN	
6.27	-1.015	-0.2775	-0.567	-0.1645125	NAN	
6.28	-1.02	-0.283	-0.557	-0.1701325	NAN	
6.29	-1.03	-0.289	-0.559	-0.1757125	NAN	
6.3	-1.04	-0.2955	-0.551	-0.1812625	NAN	
6.31	-1.045	-0.3025	-0.551	-0.1867725	NAN	
6.32	-1.055	-0.31	-0.545	-0.1922525	NAN	
6.33	-1.06	-0.317	-0.54	-0.1976775	NAN	
6.34	-1.07	-0.325	-0.531	-0.2030325	NAN	
6.35	-1.08	-0.333	-0.528	-0.2083275	NAN	
6.36	-1.085	-0.341	-0.517	-0.2135525	NAN	
6.37	-1.095	-0.35	-0.52	-0.2187375	NAN	
6.38	-1.1	-0.359	-0.513	-0.2239025	NAN	
6.39	-1.11	-0.368	-0.502	-0.2289775	NAN	
6.4	-1.12	-0.3765	-0.4905	-0.23394	NAN	
6.41	-1.125	-0.386	-0.4905	-0.238845	NAN	
6.42	-1.135	-0.3955	-0.482	-0.2437075	NAN	
6.43	-1.14	-0.4055	-0.4785	-0.24851	NAN	
6.44	-1.15	-0.415	-0.469	-0.2532475	NAN	
6.45	-1.16	-0.4245	-0.462	-0.2579025	NAN	
6.46	-1.165	-0.4345	-0.451	-0.2624675	NAN	
6.47	-1.175	-0.444	-0.4475	-0.26696	NAN	
6.48	-1.18	-0.454	-0.4315	-0.271355	NAN	
6.49	-1.19	-0.463	-0.43	-0.2756625	NAN	
6.5	-1.2	-0.473	-0.413	-0.2798775	NAN	
6.51	-1.205	-0.483	-0.4155	-0.28402	NAN	
6.52	-1.215	-0.4925	-0.402	-0.2881075	NAN	
6.53	-1.22	-0.502	-0.3975	-0.292105	NAN	
6.54	-1.23	-0.5115	-0.393	-0.2960575	NAN	
6.55	-1.24	-0.5215	-0.386	-0.2999525	NAN	
6.56	-1.245	-0.531	-0.3755	-0.30376	NAN	
6.57	-1.255	-0.5405	-0.3735	-0.307505	NAN	
6.58	-1.26	-0.55	-0.359	-0.3111675	NAN	
6.59	-1.27	-0.5595	-0.3565	-0.314745	NAN	
6.6	-1.28	-0.569	-0.3415	-0.318235	NAN	
6.61	-1.285	-0.578	-0.337	-0.3216275	NAN	
6.62	-1.295	-0.588	-0.3285	-0.324955	NAN	
6.63	-1.3	-0.5965	-0.323	-0.3282125	NAN	
6.64	-1.31	-0.6055	-0.3105	-0.33138	NAN	
6.65	-1.32	-0.615	-0.31	-0.3344825	NAN	
6.66	-1.325	-0.624	-0.2995	-0.33753	NAN	
6.67	-1.335	-0.633	-0.303	-0.3405425	NAN	
6.68	-1.34	-0.6425	-0.288	-0.3434975	NAN	
6.69	-1.35	-0.651	-0.291	-0.3463925	NAN	
6.7	-1.36	-0.6605	-0.276	-0.3492275	NAN	
6.71	-1.365	-0.669	-0.2755	-0.351985	NAN	
6.72	-1.375	-0.678	-0.2665	-0.354695	NAN	
6.73	-1.38	-0.6865	-0.2605	-0.35733	NAN	
6.74	-1.39	-0.695	-0.252	-0.3598925	NAN	
6.75	-1.4	-0.7035	-0.247	-0.3623875	NAN	
6.76	-1.405	-0.7115	-0.239	-0.3648175	NAN	
6.77	-1.415	-0.7205	-0.242	-0.3672225	NAN	
6.78	-1.42	-0.7275	-0.23	-0.3695825	NAN	
6.79	-1.43	-0.7365	-0.235	-0.3719075	NAN	
6.8	-1.44	-0.7445	-0.2205	-0.374185	NAN	
6.81	-1.445	-0.7525	-0.224	-0.3764075	NAN	
6.82	-1.455	-0.7605	-0.2125	-0.37859	NAN	
6.83	-1.46	-0.7685	-0.209	-0.3806975	NAN	
6.84	-1.47	-0.778	-0.2	-0.3827425	NAN	
6.85	-1.48	-0.785	-0.197	-0.3847275	NAN	
6.86	-1.485	-0.793	-0.191	-0.3866675	NAN	
6.87	-1.495	-0.8	-0.1945	-0.388595	NAN	
6.88	-1.5	-0.808	-0.1855	-0.390495	NAN	
6.89	-1.51	-0.8155	-0.188	-0.3923625	NAN	
6.9	-1.52	-0.823	-0.1765	-0.394185	NAN	
6.91	-1.525	-0.8305	-0.1785	-0.39596	NAN	
6.92	-1.535	-0.8375	-0.1685	-0.397695	NAN	
6.93	-1.54	-0.8455	-0.167	-0.3993725	NAN	
6.94	-1.55	-0.853	-0.157	-0.4009925	NAN	
6.95	-1.56	-0.86	-0.1585	-0.40257	NAN	
6.96	-1.565	-0.8675	-0.151	-0.4041175	NAN	
6.97	-1.575	-0.875	-0.158	-0.4056625	NAN	
6.98	-1.58	-0.882	-0.1475	-0.40719	NAN	
6.99	-1.59	-0.8895	-0.1505	-0.40868	NAN	
7	-1.6	-0.896	-0.1405	-0.410135	NAN	
7.01	-1.605	-0.903	-0.1415	-0.411545	NAN	
7.02	-1.615	-0.9105	-0.1345	-0.412925	NAN	
7.03	-1.62	-0.917	-0.129	-0.4142425	NAN	
7.04	-1.63	-0.924	-0.125	-0.4155125	NAN	
7.05	-1.64	-0.931	-0.1265	-0.41677	NAN	
7.06	-1.645	-0.9375	-0.1205	-0.418005	NAN	
7.07	-1.655	-0.944	-0.1285	-0.41925	NAN	
7.08	-1.66	-0.9505	-0.1195	-0.42049	NAN	
7.09	-1.67	-0.9575	-0.124	-0.4217075	NAN	
7.1	-1.68	-0.964	-0.109	-0.4228725	NAN	
7.11	-1.685	-0.9705	-0.1145	-0.42399	NAN	
7.12	-1.695	-0.977	-0.1065	-0.425095	NAN	
7.13	-1.7	-0.983	-0.105	-0.4261525	NAN	
7.14	-1.71	-0.9895	-0.1005	-0.42718	NAN	
7.15	-1.72	-0.996	-0.102	-0.4281925	NAN	
7.16	-1.725	-1.0025	-0.1005	-0.429205	NAN	
7.17	-1.735	-1.0085	-0.1045	-0.43023	NAN	
7.18	-1.74	-1.015	-0.0975	-0.43124	NAN	
7.19	-1.75	-1.021	-0.0995	-0.432225	NAN	
7.2	-1.76	-1.027	-0.089	-0.4331675	NAN	
7.21	-1.765	-1.0275	-0.0935	-0.43408	NAN	
7.22	-1.775	-1.0275	-0.0865	-0.43498	NAN	
7.23	-1.78	-1.0275	-0.0885	-0.435855	NAN	
7.24	-1.79	-1.0275	-0.084	-0.4367175	NAN	
7.25	-1.8	-1.0275	-0.088	-0.4375775	NAN	
7.26	-1.805	-1.0275	-0.083	-0.4384325	NAN	
7.27	-1.815	-1.0275	-0.09	-0.4392975	NAN	
7.28	-1.82	-1.0275	-0.08	-0.4401475	NAN	
7.29	-1.83	-1.0275	-0.084	-0.4409675	NAN	
7.3	-1.84	-1.0275	-0.0745	-0.44176	NAN	
7.31	-1.845	-1.0275	-0.0765	-0.442515	NAN	
7.32	-1.855	-1.0275	-0.0745	-0.44327	NAN	
7.33	-1.86	-1.0275	-0.074	-0.4440125	NAN	
7.34	-1.87	-1.0275	-0.072	-0.4447425	NAN	
7.35	-1.88	-1.0275	-0.017	-0.4451875	NAN	
7.36	-1.885	-1.0275	-0.0105	-0.445325	NAN	
7.37	-1.895	-1.0275	-0.0125	-0.44544	NAN	
7.38	-1.9	-1.0275	-0.0095	-0.44555	NAN	
7.39	-1.91	-1.0275	-0.008	-0.4456375	NAN	
7.4	-1.92	-1.0275	0.0065	-0.445645	NAN	
7.41	-1.925	-1.0275	-0.008	-0.4456525	NAN	
7.42	-1.935	-1.0275	0.017	-0.4456075	NAN	
7.43	-1.94	-1.0275	0.0025	-0.44551	NAN	
7.44	-1.95	-1.0275	-0.0065	-0.44553	NAN	
7.45	-1.96	-1.0275	-0.009	-0.4456075	NAN	
7.46	-1.965	-1.0275	0.0075	-0.445615	NAN	
7.47	-1.975	-1.0275	0.0045	-0.445555	NAN	
7.48	-1.98	-1.0275	0.019	-0.4454375	NAN	
7.49	-1.99	-1.0275	0.016	-0.4452625	NAN	
7.5	-2	-1.0275	-0.022	-0.4452925	NAN	
7.51	-1.995	-1.0275	-0.011	-0.4454575	NAN	
7.52	-1.985	-1.0275	-0.0025	-0.445525	NAN	
7.53	-1.98	-1.0275	0.004	-0.4455175	NAN	
7.54	-1.97	-1.0275	0.0115	-0.44544	NAN	
7.55	-1.96	-1.0275	-0.0035	-0.4454	NAN	
7.56	-1.955	-1.0275	0.017	-0.4453325	NAN	
7.57	-1.945	-1.0275	-0.0055	-0.445275	NAN	
7.58	-1.94	-1.0275	-0.003	-0.4453175	NAN	
7.59	-1.93	-1.0275	-0.0045	-0.445355	NAN	
7.6	-1.92	-1.0275	0.002	-0.4453675	NAN	
7.61	-1.915	-1.0275	-0.013	-0.4454225	NAN	
7.62	-1.905	-1.0275	0.0025	-0.445475	NAN	
7.63	-1.9	-1.0275	0.001	-0.4454575	NAN	
7.64	-1.89	-1.0275	-0.0015	-0.44546	NAN	
7.65	-1.88	-1.0275	-0.003	-0.4454825	NAN	
7.66	-1.875	-1.0275	0	-0.4454975	NAN	
7.67	-1.865	-1.0275	-0.0095	-0.445545	NAN	
7.68	-1.86	-1.0275	-0.0065	-0.445625	NAN	
7.69	-1.85	-1.0275	-0.009	-0.4457025	NAN	
7.7	-1.84	-1.0275	0.003	-0.4457325	NAN	
7.71	-1.835	-1.0275	-0.001	-0.4457225	NAN	
7.72	-1.825	-1.0275	0.0045	-0.445705	NAN	
7.73	-1.82	-1.0275	0.0025	-0.44567	NAN	
7.74	-1.81	-1.0275	-0.0075	-0.445695	NAN	
7.75	-1.8	-1.0275	-0.0055	-0.44576	NAN	
7.76	-1.795	-1.0275	0.001	-0.4457825	NAN	
7.77	-1.785	-1.0275	0.0035	-0.44576	NAN	
7.78	-1.78	-1.0275	0.008	-0.4457025	NAN	
7.79	-1.77	-1.0275	0.014	-0.4455925	NAN	
7.8	-1.76	-1.0275	0.0155	-0.445445	NAN	
7.81	-1.755	-1.0275	0.0125	-0.445305	NAN	
7.82	-1.745	-1.0275	0.017	-0.4451575	NAN	
7.83	-1.74	-1.0275	0.0115	-0.445015	NAN	
7.84	-1.73	-1.0275	0.02	-0.4448575	NAN	
7.85	-1.72	-1.0275	0.0165	-0.444675	NAN	
7.86	-1.715	-1.0275	0.023	-0.4444775	NAN	
7.87	-1.705	-1.0275	0.0195	-0.444265	NAN	
7.88	-1.7	-1.0275	0.0185	-0.444075	NAN	
7.89	-1.69	-1.0275	0.0165	-0.4439	NAN	
7.9	-1.68	-1.0275	0.0195	-0.44372	NAN	
7.91	-1.675	-1.0275	0.0205	-0.44352	NAN	
7.92	-1.665	-1.0275	0.026	-0.4432875	NAN	
7.93	-1.66	-1.0275	0.0205	-0.443055	NAN	
7.94	-1.65	-1.0275	0.025	-0.4428275	NAN	
7.95	-1.64	-1.0275	0.0145	-0.44263	NAN	
7.96	-1.635	-1.0275	0.022	-0.4424475	NAN	
7.97	-1.625	-1.0275	0.0215	-0.44223	NAN	
7.98	-1.62	-1.0235	0.027	-0.4419875	NAN	
7.99	-1.61	-1.019	0.0245	-0.44173	NAN	
8	-1.6	-1.014	0.026	-0.4414775	NAN	
8.01	-1.595	-1.0095	0.0235	-0.44123	NAN	
8.02	-1.585	-1.0045	0.022	-0.4410025	NAN	
8.03	-1.58	-0.9995	0.021	-0.4407875	NAN	
8.04	-1.57	-0.995	0.0275	-0.440545	NAN	
8.05	-1.56	-0.9905	0.0245	-0.440285	NAN	
8.06	-1.555	-0.9855	0.0305	-0.44001	NAN	
8.07	-1.545	-0.9805	0.0265	-0.439725	NAN	
8.08	-1.54	-0.9755	0.025	-0.4394675	NAN	
8.09	-1.53	-0.9705	0.021	-0.4392375	NAN	
8.1	-1.52	-0.966	0.0265	-0.439	NAN	
8.11	-1.515	-0.961	0.0245	-0.438745	NAN	
8.12	-1.505	-0.9565	0.034	-0.4384525	NAN	
8.13	-1.5	-0.951	0.027	-0.4381475	NAN	
8.14	-1.49	-0.9465	0.0365	-0.43783	NAN	
8.15	-1.48	-0.9415	0.0235	-0.43753	NAN	
8.16	-1.475	-0.9365	0.027	-0.4372775	NAN	
8.17	-1.465	-0.932	0.03	-0.4369925	NAN	
8.18	-1.46	-0.9275	0.0305	-0.43669	NAN	
8.19	-1.45	-0.922	0.0295	-0.43639	NAN	
8.2	-1.44	-0.9175	0.0295	-0.436095	NAN	
8.21	-1.435	-0.9125	0.026	-0.4358175	NAN	
8.22	-1.425	-0.908	0.0305	-0.435535	NAN	
8.23	-1.42	-0.903	0.023	-0.4352675	NAN	
8.24	-1.41	-0.8985	0.033	-0.4349875	NAN	
8.25	-1.4	-0.8935	0.0275	-0.434685	NAN	
8.26	-1.395	-0.8885	0.0345	-0.434375	NAN	
8.27	-1.385	-0.8835	0.0305	-0.43405	NAN	
8.28	-1.38	-0.879	0.0315	-0.43374	NAN	
8.29	-1.37	-0.874	0.0285	-0.43344	NAN	
8.3	-1.36	-0.869	0.0295	-0.43315	NAN	
8.31	-1.355	-0.8645	0.032	-0.4328425	NAN	
8.32	-1.345	-0.8595	0.0375	-0.432495	NAN	
8.33	-1.34	-0.8545	0.0335	-0.43214	NAN	
8.34	-1.33	-0.85	0.0355	-0.431795	NAN	
8.35	-1.32	-0.845	0.028	-0.4314775	NAN	
8.36	-1.315	-0.8405	0.0335	-0.43117	NAN	
8.37	-1.305	-0.8355	0.034	-0.4308325	NAN	
8.38	-1.3	-0.831	0.037	-0.4304775	NAN	
8.39	-1.29	-0.826	0.0355	-0.430115	NAN	
8.4	-1.28	-0.8215	0.0375	-0.42975	NAN	
8.41	-1.275	-0.8165	0.03	-0.4294125	NAN	
8.42	-1.265	-0.8125	0.036	-0.4290825	NAN	
8.43	-1.26	-0.8075	0.03	-0.4287525	NAN	
8.44	-1.25	-0.803	0.0385	-0.42841	NAN	
8.45	-1.24	-0.798	0.0365	-0.428035	NAN	
8.46	-1.235	-0.7935	0.0395	-0.427655	NAN	
8.47	-1.225	-0.789	0.037	-0.4272725	NAN	
8.48	-1.22	-0.7835	0.0355	-0.42691	NAN	
8.49	-1.21	-0.7795	0.0345	-0.42656	NAN	
8.5	-1.2	-0.7745	0.0375	-0.4262	NAN	
8.51	-1.195	-0.77	0.038	-0.4258225	NAN	
8.52	-1.185	-0.7655	0.046	-0.4254025	NAN	
8.53	-1.18	-0.761	0.0375	-0.424985	NAN	
8.54	-1.17	-0.758	0.042	-0.4245875	NAN	
8.55	-1.16	-0.7515	0.0325	-0.424215	NAN	
8.56	-1.155	-0.7455	0.041	-0.4238475	NAN	
8.57	-1.145	-0.7425	0.04	-0.4234425	NAN	
8.58	-1.14	-0.737	0.044	-0.4230225	NAN	
8.59	-1.13	-0.733	0.0425	-0.42259	NAN	
8.6	-1.12	-0.729	0.043	-0.4221625	NAN	
8.61	-1.115	-0.7235	0.04	-0.4217475	NAN	
8.62	-1.105	-0.7195	0.044	-0.4213275	NAN	
8.63	-1.1	-0.7145	0.0405	-0.420905	NAN	
8.64	-1.09	-0.711	0.046	-0.4204725	NAN	
8.65	-1.08	-0.7055	0.044	-0.4200225	NAN	
8.66	-1.075	-0.701	0.048	-0.4195625	NAN	
8.67	-1.065	-0.6965	0.045	-0.4190975	NAN	
8.68	-1.06	-0.6925	0.0455	-0.418645	NAN	
8.69	-1.05	-0.6875	0.043	-0.4182025	NAN	
8.7	-1.04	-0.6825	0.046	-0.4177575	NAN	
8.71	-1.035	-0.678	0.046	-0.4172975	NAN	
8.72	-1.025	-0.6735	0.055	-0.4167925	NAN	
8.73	-1.02	-0.669	0.0465	-0.416285	NAN	
8.74	-1.01	-0.665	0.052	-0.4157925	NAN	
8.75	-1	-0.6595	0.044	-0.4153125	NAN	
8.76	-0.995	-0.655	0.049	-0.4148475	NAN	
8.77	-0.985	-0.6505	0.05	-0.4143525	NAN	
8.78	-0.98	-0.6465	0.0535	-0.413835	NAN	
8.79	-0.97	-0.6415	0.054	-0.4132975	NAN	
8.8	-0.96	-0.6365	0.053	-0.4127625	NAN	
8.81	-0.955	-0.6325	0.05	-0.4122475	NAN	
8.82	-0.945	-0.6275	0.0545	-0.411725	NAN	
8.83	-0.94	-0.6235	0.0485	-0.41121	NAN	
8.84	-0.93	-0.6185	0.057	-0.4106825	NAN	
8.85	-0.92	-0.6145	0.0515	-0.41014	NAN	
8.86	-0.915	-0.61	0.061	-0.4095775	NAN	
8.87	-0.905	-0.6055	0.057	-0.4089875	NAN	
8.88	-0.9	-0.6005	0.0585	-0.40841	NAN	
8.89	-0.89	-0.596	0.0545	-0.407845	NAN	
8.9	-0.88	-0.5915	0.0555	-0.407295	NAN	
8.91	-0.875	-0.587	0.0575	-0.40673	NAN	
8.92	-0.865	-0.5825	0.064	-0.4061225	NAN	
8.93	-0.86	-0.578	0.0615	-0.405495	NAN	
8.94	-0.85	-0.5735	0.065	-0.4048625	NAN	
8.95	-0.84	-0.569	0.059	-0.4042425	NAN	
8.96	-0.835	-0.5645	0.0625	-0.403635	NAN	
8.97	-0.825	-0.56	0.061	-0.4030175	NAN	
8.98	-0.82	-0.556	0.0645	-0.40239	NAN	
8.99	-0.81	-0.551	0.0645	-0.401745	NAN	
9	-0.8	-0.5465	0.0685	-0.40108	NAN	
9.01	-0.795	-0.542	0.066	-0.4004075	NAN	
9.02	-0.785	-0.538	0.072	-0.3997175	NAN	
9.03	-0.78	-0.533	0.0635	-0.39904	NAN	
9.04	-0.77	-0.5285	0.0685	-0.39838	NAN	
9.05	-0.76	-0.524	0.0645	-0.397715	NAN	
9.06	-0.755	-0.5195	0.0735	-0.397025	NAN	
9.07	-0.745	-0.515	0.075	-0.3962825	NAN	
9.08	-0.74	-0.511	0.073	-0.3955425	NAN	
9.09	-0.73	-0.5065	0.071	-0.3948225	NAN	
9.1	-0.72	-0.5025	0.07	-0.3941175	NAN	
9.11	-0.715	-0.4975	0.0705	-0.393415	NAN	
9.12	-0.705	-0.4935	0.079	-0.3926675	NAN	
9.13	-0.7	-0.4885	0.075	-0.3918975	NAN	
9.14	-0.69	-0.4845	0.083	-0.3911075	NAN	
9.15	-0.68	-0.48	0.075	-0.3903175	NAN	
9.16	-0.675	-0.475	0.081	-0.3895375	NAN	
9.17	-0.665	-0.471	0.0765	-0.38875	NAN	
9.18	-0.66	-0.4665	0.0795	-0.38797	NAN	
9.19	-0.65	-0.462	0.08	-0.3871725	NAN	
9.2	-0.64	-0.4575	0.0835	-0.386355	NAN	
9.21	-0.635	-0.4535	0.083	-0.3855225	NAN	
9.22	-0.625	-0.4495	0.0865	-0.384675	NAN	
9.23	-0.62	-0.445	0.081	-0.3838375	NAN	
9.24	-0.61	-0.4405	0.0835	-0.383015	NAN	
9.25	-0.6	-0.436	0.081	-0.3821925	NAN	
9.26	-0.595	-0.432	0.088	-0.3813475	NAN	
9.27	-0.585	-0.4275	0.0905	-0.380455	NAN	
9.28	-0.58	-0.4235	0.094	-0.3795325	NAN	
9.29	-0.57	-0.419	0.0905	-0.37861	NAN	
9.3	-0.56	-0.415	0.092	-0.3776975	NAN	
9.31	-0.555	-0.4105	0.0875	-0.3768	NAN	
9.32	-0.545	-0.406	0.0945	-0.37589	NAN	
9.33	-0.54	-0.402	0.09	-0.3749675	NAN	
9.34	-0.53	-0.3975	0.098	-0.3740275	NAN	
9.35	-0.52	-0.393	0.0965	-0.373055	NAN	
9.36	-0.515	-0.389	0.101	-0.3720675	NAN	
9.37	-0.505	-0.3845	0.1015	-0.371055	NAN	
9.38	-0.5	-0.3805	0.099	-0.3700525	NAN	
9.39	-0.49	-0.376	0.0985	-0.369065	NAN	
9.4	-0.48	-0.3715	0.099	-0.3680775	NAN	
9.41	-0.475	-0.3675	0.101	-0.3670775	NAN	
9.42	-0.465	-0.3635	0.1095	-0.366025	NAN	
9.43	-0.46	-0.359	0.105	-0.3649525	NAN	
9.44	-0.45	-0.3545	0.1125	-0.363865	NAN	
9.45	-0.44	-0.3505	0.1035	-0.362785	NAN	
9.46	-0.435	-0.3465	0.1105	-0.361715	NAN	
9.47	-0.425	-0.342	0.1065	-0.36063	NAN	
9.48	-0.42	-0.338	0.111	-0.3595425	NAN	
9.49	-0.41	-0.3335	0.112	-0.3584275	NAN	
9.5	-0.4	-0.3295	0.115	-0.3572925	NAN	
9.51	-0.395	-0.325	0.117	-0.3561325	NAN	
9.52	-0.385	-0.321	0.1215	-0.35494	NAN	
9.53	-0.38	-0.317	0.115	-0.3537575	NAN	
9.54	-0.37	-0.3125	0.119	-0.3525875	NAN	
9.55	-0.36	-0.3085	0.114	-0.3514225	NAN	
9.56	-0.355	-0.3045	0.1215	-0.350245	NAN	
9.57	-0.345	-0.3	0.122	-0.3490275	NAN	
9.58	-0.34	-0.296	0.128	-0.3477775	NAN	
9.59	-0.33	-0.2915	0.126	-0.3465075	NAN	
9.6	-0.32	-0.2875	0.1295	-0.34523	NAN	
9.61	-0.315	-0.2835	0.124	-0.3439625	NAN	
9.62	-0.305	-0.279	0.132	-0.3426825	NAN	
9.63	-0.3	-0.275	0.125	-0.3413975	NAN	
9.64	-0.29	-0.2705	0.133	-0.3401075	NAN	
9.65	-0.28	-0.267	0.128	-0.3388025	NAN	
9.66	-0.275	-0.263	0.137	-0.3374775	NAN	
9.67	-0.265	-0.2585	0.139	-0.3360975	NAN	
9.68	-0.26	-0.2545	0.139	-0.3347075	NAN	
9.69	-0.25	-0.25	0.1385	-0.33332	NAN	
9.7	-0.24	-0.2455	0.1385	-0.331935	NAN	
9.71	-0.235	-0.242	0.1365	-0.33056	NAN	
9.72	-0.225	-0.238	0.1455	-0.32915	NAN	
9.73	-0.22	-0.2335	0.141	-0.3277175	NAN	
9.74	-0.21	-0.2295	0.1525	-0.32625	NAN	
9.75	-0.2	-0.225	0.145	-0.3247625	NAN	
9.76	-0.195	-0.2215	0.153	-0.3232725	NAN	
9.77	-0.185	-0.217	0.1475	-0.32177	NAN	
9.78	-0.18	-0.2125	0.151	-0.3202775	NAN	
9.79	-0.17	-0.209	0.149	-0.3187775	NAN	
9.8	-0.16	-0.2045	0.153	-0.3172675	NAN	
9.81	-0.155	-0.2005	0.1535	-0.315735	NAN	
9.82	-0.145	-0.1965	0.1615	-0.31416	NAN	
9.83	-0.14	-0.1925	0.1585	-0.31256	NAN	
9.84	-0.13	-0.1885	0.163	-0.3109525	NAN	
9.85	-0.12	-0.184	0.159	-0.3093425	NAN	
9.86	-0.115	-0.18	0.163	-0.3077325	NAN	
9.87	-0.105	-0.1755	0.1645	-0.306095	NAN	
9.88	-0.1	-0.1715	0.1645	-0.30445	NAN	
9.89	-0.09	-0.1675	0.1655	-0.3028	NAN	
9.9	-0.08	-0.163	0.169	-0.3011275	NAN	
9.91	-0.075	-0.1595	0.1735	-0.299415	NAN	
9.92	-0.065	-0.155	0.182	-0.2976375	NAN	
9.93	-0.06	-0.151	0.168	-0.2958875	NAN	
9.94	-0.05	-0.147	0.177	-0.2941625	NAN	
9.95	-0.04	-0.143	0.1695	-0.29243	NAN	
9.96	-0.035	-0.139	0.1785	-0.29069	NAN	
9.97	-0.025	-0.135	0.1765	-0.288915	NAN	
9.98	-0.02	-0.1305	0.1825	-0.28712	NAN	
9.99	-0.01	-0.1265	0.1845	-0.285285	NAN	
10	0	-0.1225	0.185	-0.2834375	NAN	
10.01	0.005	-0.1185	0.1835	-0.281595	NAN	
10.02	0.015	-0.115	0.1905	-0.279725	NAN	
10.03	0.02	-0.1105	0.183	-0.2778575	NAN	
10.04	0.03	-0.106	0.191	-0.2759875	NAN	
10.05	0.04	-0.1025	0.1835	-0.274115	NAN	
10.06	0.045	-0.0985	0.1945	-0.272225	NAN	
10.07	0.055	-0.0945	0.192	-0.2702925	NAN	
10.08	0.06	-0.09	0.1985	-0.26834	NAN	
10.09	0.07	-0.0865	0.196	-0.2663675	NAN	
10.1	0.08	-0.0825	0.2015	-0.26438	NAN	
10.11	0.085	-0.0785	0.199	-0.2623775	NAN	
10.12	0.095	-0.0745	0.206	-0.2603525	NAN	
10.13	0.1	-0.0705	0.199	-0.2583275	NAN	
10.14	0.11	-0.0665	0.206	-0.2563025	NAN	
10.15	0.12	-0.0625	0.2015	-0.254265	NAN	
10.16	0.125	-0.0585	0.2105	-0.252205	NAN	
10.17	0.135	-0.0545	0.2115	-0.250095	NAN	
10.18	0.14	-0.0505	0.217	-0.2479525	NAN	
10.19	0.15	-0.047	0.2155	-0.24579	NAN	
10.2	0.16	-0.043	0.22	-0.2436125	NAN	
10.21	0.165	-0.039	0.2155	-0.241435	NAN	
10.22	0.175	-0.035	0.2255	-0.23923	NAN	
10.23	0.18	-0.0315	0.2155	-0.237025	NAN	
10.24	0.19	-0.028	0.227	-0.2348125	NAN	
10.25	0.2	-0.024	0.2195	-0.23258	NAN	
10.26	0.205	-0.0205	0.2325	-0.23032	NAN	
10.27	0.215	-0.0165	0.233	-0.2279925	NAN	
10.28	0.22	-0.013	0.2375	-0.22564	NAN	
10.29	0.23	-0.0095	0.2365	-0.22327	NAN	
10.3	0.24	-0.0055	0.2405	-0.220885	NAN	
10.31	0.245	-0.0025	0.239	-0.2184875	NAN	
10.32	0.255	0.001	0.2475	-0.216055	NAN	
10.33	0.26	0.0045	0.2395	-0.21362	NAN	
10.34	0.27	0.008	0.2515	-0.211165	NAN	
10.35	0.28	0.0115	0.2435	-0.20869	NAN	
10.36	0.285	0.015	0.2575	-0.206185	NAN	
10.37	0.295	0.018	0.255	-0.2036225	NAN	
10.38	0.3	0.021	0.266	-0.2010175	NAN	
10.39	0.31	0.0245	0.2635	-0.19837	NAN	
10.4	0.32	0.0275	0.2705	-0.1957	NAN	
10.41	0.325	0.0305	0.267	-0.1930125	NAN	
10.42	0.335	0.0335	0.277	-0.1902925	NAN	
10.43	0.34	0.0365	0.2695	-0.18756	NAN	
10.44	0.35	0.039	0.2805	-0.18481	NAN	
10.45	0.36	0.042	0.2765	-0.182025	NAN	
10.46	0.365	0.045	0.2885	-0.1792	NAN	
10.47	0.375	0.0475	0.2905	-0.176305	NAN	
10.48	0.38	0.049	0.3005	-0.17335	NAN	
10.49	0.39	0.0525	0.2995	-0.17035	NAN	
10.5	0.4	0.055	0.3075	-0.167315	NAN	
10.51	0.405	0.0575	0.3045	-0.164255	NAN	
10.52	0.415	0.06	0.3175	-0.161145	NAN	
10.53	0.42	0.062	0.309	-0.1580125	NAN	
10.54	0.43	0.0645	0.323	-0.1548525	NAN	
10.55	0.44	0.0665	0.3165	-0.151655	NAN	
10.56	0.445	0.069	0.3305	-0.14842	NAN	
10.57	0.455	0.071	0.3315	-0.14511	NAN	
10.58	0.46	0.073	0.3405	-0.14175	NAN	
10.59	0.47	0.075	0.342	-0.1383375	NAN	
10.6	0.48	0.0775	0.3495	-0.13488	NAN	
10.61	0.485	0.0795	0.3515	-0.131375	NAN	
10.62	0.495	0.0815	0.3645	-0.127795	NAN	
10.63	0.5	0.0835	0.359	-0.1241775	NAN	
10.64	0.51	0.0855	0.372	-0.1205225	NAN	
10.65	0.52	0.0875	0.3655	-0.116835	NAN	
10.66	0.525	0.0895	0.378	-0.1131175	NAN	
10.67	0.535	0.0915	0.3765	-0.109345	NAN	
10.68	0.54	0.0935	0.3865	-0.10553	NAN	
10.69	0.55	0.0955	0.3835	-0.10168	NAN	
10.7	0.56	0.0975	0.3955	-0.097785	NAN	
10.71	0.565	0.0995	0.3935	-0.09384	NAN	
10.72	0.575	0.1015	0.4095	-0.089825	NAN	
10.73	0.58	0.104	0.405	-0.0857525	NAN	
10.74	0.59	0.106	0.419	-0.0816325	NAN	
10.75	0.6	0.1075	0.4135	-0.07747	NAN	
10.76	0.605	0.11	0.4275	-0.073265	NAN	
10.77	0.615	0.112	0.427	-0.0689925	NAN	
10.78	0.62	0.114	0.4355	-0.06468	NAN	
10.79	0.63	0.1165	0.435	-0.0603275	NAN	
10.8	0.64	0.1185	0.4425	-0.05594	NAN	
10.81	0.645	0.1205	0.441	-0.0515225	NAN	
10.82	0.655	0.123	0.4545	-0.047045	NAN	
10.83	0.66	0.1255	0.447	-0.0425375	NAN	
10.84	0.67	0.127	0.461	-0.0379975	NAN	
10.85	0.68	0.1295	0.453	-0.0334275	NAN	
10.86	0.685	0.132	0.4685	-0.02882	NAN	
10.87	0.695	0.1345	0.466	-0.0241475	NAN	
10.88	0.7	0.1365	0.476	-0.0194375	NAN	
10.89	0.71	0.1385	0.474	-0.0146875	NAN	
10.9	0.72	0.141	0.4845	-0.009895	NAN	
10.91	0.725	0.1435	0.484	-0.0050525	NAN	
10.92	0.735	0.146	0.4975	-0.000145	NAN	
10.93	0.74	0.1485	0.492	0.0048025	NAN	
10.94	0.75	0.151	0.505	0.0097875	NAN	
10.95	0.76	0.1535	0.5005	0.014815	NAN	
10.96	0.765	0.156	0.512	0.0198775	NAN	
10.97	0.775	0.1585	0.513	0.0250025	NAN	
10.98	0.78	0.161	0.521	0.0301725	NAN	
10.99	0.79	0.1635	0.5195	0.035375	NAN	
11	0.8	0.1665	0.5295	0.04062	NAN	
11.01	0.805	0.169	0.526	0.0458975	NAN	
11.02	0.815	0.172	0.542	0.0512375	NAN	
11.03	0.82	0.175	0.531	0.0566025	NAN	
11.04	0.83	0.178	0.545	0.0619825	NAN	
11.05	0.84	0.181	0.5345	0.06738	NAN	
11.06	0.845	0.184	0.5485	0.072795	NAN	
11.07	0.855	0.1875	0.5445	0.07826	NAN	
11.08	0.86	0.1905	0.552	0.0837425	NAN	
11.09	0.87	0.194	0.549	0.0892475	NAN	
11.1	0.88	0.197	0.5545	0.094765	NAN	
11.11	0.885	0.2005	0.5525	0.1003	NAN	
11.12	0.895	0.204	0.563	0.1058775	NAN	
11.13	0.9	0.2075	0.5555	0.11147	NAN	
11.14	0.91	0.2115	0.567	0.1170825	NAN	
11.15	0.92	0.2155	0.559	0.1227125	NAN	
11.16	0.925	0.219	0.571	0.1283625	NAN	
11.17	0.935	0.223	0.5665	0.13405	NAN	
11.18	0.94	0.227	0.574	0.1397525	NAN	
11.19	0.95	0.231	0.569	0.1454675	NAN	
11.2	0.96	0.2355	0.577	0.1511975	NAN	
11.21	0.965	0.24	0.568	0.1569225	NAN	
11.22	0.975	0.2445	0.58	0.1626625	NAN	
11.23	0.98	0.249	0.5685	0.168405	NAN	
11.24	0.99	0.254	0.5795	0.174145	NAN	
11.25	1	0.259	0.568	0.1798825	NAN	
11.26	1.005	0.2645	0.578	0.1856125	NAN	
11.27	1.015	0.27	0.572	0.1913625	NAN	
11.28	1.02	0.2755	0.574	0.1970925	NAN	
11.29	1.03	0.2815	0.568	0.2028025	NAN	
11.3	1.04	0.288	0.569	0.2084875	NAN	
11.31	1.045	0.2945	0.561	0.2141375	NAN	
11.32	1.055	0.3015	0.566	0.2197725	NAN	
11.33	1.06	0.309	0.5505	0.225355	NAN	
11.34	1.07	0.3165	0.557	0.2308925	NAN	
11.35	1.08	0.3245	0.538	0.2363675	NAN	
11.36	1.085	0.333	0.5415	0.241765	NAN	
11.37	1.095	0.3415	0.527	0.2471075	NAN	
11.38	1.1	0.3505	0.5265	0.252375	NAN	
11.39	1.11	0.3595	0.5115	0.257565	NAN	
11.4	1.12	0.3685	0.5095	0.26267	NAN	
11.41	1.125	0.378	0.4975	0.267705	NAN	
11.42	1.135	0.3875	0.498	0.2726825	NAN	
11.43	1.14	0.397	0.48	0.2775725	NAN	
11.44	1.15	0.407	0.48	0.2823725	NAN	
11.45	1.16	0.4165	0.463	0.2870875	NAN	
11.46	1.165	0.4265	0.4645	0.291725	NAN	
11.47	1.175	0.436	0.4515	0.296305	NAN	
11.48	1.18	0.4455	0.449	0.3008075	NAN	
11.49	1.19	0.4555	0.436	0.3052325	NAN	
11.5	1.2	0.4655	0.434	0.3095825	NAN	
11.51	1.205	0.475	0.4195	0.31385	NAN	
11.52	1.215	0.485	0.4235	0.318065	NAN	
11.53	1.22	0.4945	0.406	0.3222125	NAN	
11.54	1.23	0.504	0.408	0.3262825	NAN	
11.55	1.24	0.514	0.3925	0.330285	NAN	
11.56	1.245	0.524	0.391	0.3342025	NAN	
11.57	1.255	0.5335	0.379	0.3380525	NAN	
11.58	1.26	0.5425	0.3705	0.3418	NAN	
11.59	1.27	0.5525	0.3575	0.34544	NAN	
11.6	1.28	0.562	0.3545	0.349	NAN	
11.61	1.285	0.5715	0.339	0.3524675	NAN	
11.62	1.295	0.581	0.344	0.3558825	NAN	
11.63	1.3	0.5905	0.3265	0.359235	NAN	
11.64	1.31	0.6	0.328	0.3625075	NAN	
11.65	1.32	0.609	0.3135	0.365715	NAN	
11.66	1.325	0.6185	0.321	0.3688875	NAN	
11.67	1.335	0.6275	0.307	0.3720275	NAN	
11.68	1.34	0.637	0.302	0.3750725	NAN	
11.69	1.35	0.646	0.291	0.3780375	NAN	
11.7	1.36	0.6555	0.288	0.3809325	NAN	
11.71	1.365	0.6645	0.2765	0.383755	NAN	
11.72	1.375	0.6735	0.273	0.3865025	NAN	
11.73	1.38	0.6825	0.246	0.3890975	NAN	
11.74	1.39	0.6915	0.2535	0.391595	NAN	
11.75	1.4	0.7005	0.2535	0.39413	NAN	
11.76	1.405	0.7095	0.247	0.3966325	NAN	
11.77	1.415	0.718	0.2405	0.39907	NAN	
11.78	1.42	0.7265	0.24	0.4014725	NAN	
11.79	1.43	0.7355	0.229	0.4038175	NAN	
11.8	1.44	0.744	0.2205	0.406065	NAN	
11.81	1.445	0.7525	0.2065	0.4082	NAN	
11.82	1.455	0.761	0.2125	0.410295	NAN	
11.83	1.46	0.7695	0.2	0.4123575	NAN	
11.84	1.47	0.778	0.1955	0.414335	NAN	
11.85	1.48	0.786	0.2065	0.416345	NAN	
11.86	1.485	0.7945	0.1925	0.41834	NAN	
11.87	1.495	0.8025	0.187	0.4202375	NAN	
11.88	1.5	0.81	0.18	0.4220725	NAN	
11.89	1.51	0.8185	0.1775	0.42386	NAN	
11.9	1.52	0.826	0.1595	0.425545	NAN	
11.91	1.525	0.834	0.1585	0.427135	NAN	
11.92	1.535	0.842	0.1645	0.42875	NAN	
11.93	1.54	0.8495	0.1645	0.430395	NAN	
11.94	1.55	0.857	0.1465	0.43195	NAN	
11.95	1.56	0.8645	0.1555	0.43346	NAN	
11.96	1.565	0.8705	0.145	0.4349625	NAN	
11.97	1.575	0.879	0.146	0.4364175	NAN	
11.98	1.58	0.8865	0.1315	0.437805	NAN	
11.99	1.59	0.894	0.138	0.4391525	NAN	
12	1.6	0.901	0.13	0.4404925	NAN	
12.01	1.605	0.908	0.123	0.4417575	NAN	
12.02	1.615	0.9145	0.125	0.4429975	NAN	
12.03	1.62	0.9215	0.113	0.4441875	NAN	
12.04	1.63	0.928	0.12	0.4453525	NAN	
12.05	1.64	0.935	0.132	0.4466125	NAN	
12.06	1.645	0.9415	0.1105	0.447825	NAN	
12.07	1.655	0.9475	0.1095	0.448925	NAN	
12.08	1.66	0.954	0.102	0.4499825	NAN	
12.09	1.67	0.9605	0.106	0.4510225	NAN	
12.1	1.68	0.9665	0.099	0.4520475	NAN	
12.11	1.685	0.973	0.102	0.4530525	NAN	
12.12	1.695	0.979	0.0995	0.45406	NAN	
12.13	1.7	0.985	0.087	0.4549925	NAN	
12.14	1.71	0.991	0.0805	0.45583	NAN	
12.15	1.72	0.997	0.0805	0.456635	NAN	
12.16	1.725	1.003	0.0835	0.457455	NAN	
12.17	1.735	1.009	0.0905	0.458325	NAN	
12.18	1.74	1.0145	0.0825	0.45919	NAN	
12.19	1.75	1.02	0.0915	0.46006	NAN	
12.2	1.76	1.02	0.0795	0.460915	NAN	
12.21	1.765	1.02	0.0815	0.46172	NAN	
12.22	1.775	1.02	0.071	0.4624825	NAN	
12.23	1.78	1.02	0.0795	0.463235	NAN	
12.24	1.79	1.02	0.065	0.4639575	NAN	
12.25	1.8	1.02	0.079	0.4646775	NAN	
12.26	1.805	1.02	0.0735	0.46544	NAN	
12.27	1.815	1.02	0.078	0.4661975	NAN	
12.28	1.82	1.02	0.07	0.4669375	NAN	
12.29	1.83	1.02	0.071	0.4676425	NAN	
12.3	1.84	1.02	0.069	0.4683425	NAN	
12.31	1.845	1.02	0.074	0.4690575	NAN	
12.32	1.855	1.02	0.072	0.4697875	NAN	
12.33	1.86	1.02	0.071	0.4705025	NAN	
12.34	1.87	1.02	0.064	0.4711775	NAN	
12.35	1.88	1.02	0.066	0.4718275	NAN	
12.36	1.885	1.02	0.061	0.4724625	NAN	
12.37	1.895	1.02	0.0705	0.47312	NAN	
12.38	1.9	1.02	0.062	0.4737825	NAN	
12.39	1.91	1.02	0.069	0.4744375	NAN	
12.4	1.92	1.02	0.0585	0.475075	NAN	
12.41	1.925	1.02	0.0005	0.47537	NAN	
12.42	1.935	1.02	-0.0075	0.475335	NAN	
12.43	1.94	1.02	-0.0015	0.47529	NAN	
12.44	1.95	1.02	-0.0175	0.475195	NAN	
12.45	1.96	1.02	-0.0045	0.475085	NAN	
12.46	1.965	1.02	-0.013	0.4749975	NAN	
12.47	1.975	1.02	-0.002	0.4749225	NAN	
12.48	1.98	1.02	-0.013	0.4748475	NAN	
12.49	1.99	1.02	-0.0035	0.474765	NAN	
12.5	2	1.02	-0.016	0.4746675	NAN	
