MIN=0	-10	-1	-1	-2	0	
MAX=12.5	10	1	1	2	50	
SCALE=5	5	0.5	0.5	1	10	
DEC=2	2	3	3	2	2	
DEF="Time" t / s	"Voltage" U_1 / V	"Current" I_1 / A	"Voltage" U_B2 / V	"Magnetic Flux" &F / Vs	"Frequency" f / Hz	
0	0	0.001	0.0005	0	NAN	
0.01	0.005	0.001	0.0035	2E-5	NAN	
0.02	0.015	0.002	0.009	8.25E-5	NAN	
0.03	0.02	0.0035	0.017	0.0002125	NAN	
0.04	0.03	0.005	0.017	0.0003825	NAN	
0.05	0.04	0.008	0.022	0.0005775	NAN	
0.06	0.045	0.01	0.0275	0.000825	NAN	
0.07	0.055	0.0135	0.032	0.0011225	NAN	
0.08	0.06	0.016	0.028	0.0014225	NAN	
0.09	0.07	0.0195	0.0405	0.001765	NAN	
0.1	0.08	0.023	0.036	0.0021475	NAN	
0.11	0.085	0.026	0.036	0.0025075	NAN	
0.12	0.095	0.029	0.045	0.0029125	NAN	
0.13	0.1	0.033	0.0425	0.00335	NAN	
0.14	0.11	0.037	0.045	0.0037875	NAN	
0.15	0.12	0.041	0.0495	0.00426	NAN	
0.16	0.125	0.0445	0.051	0.0047625	NAN	
0.17	0.135	0.049	0.053	0.0052825	NAN	
0.18	0.14	0.053	0.0495	0.005795	NAN	
0.19	0.15	0.0565	0.06	0.0063425	NAN	
0.2	0.16	0.0605	0.054	0.0069125	NAN	
0.21	0.165	0.0645	0.0585	0.007475	NAN	
0.22	0.175	0.069	0.063	0.0080825	NAN	
0.23	0.18	0.0735	0.0605	0.0087	NAN	
0.24	0.19	0.077	0.0585	0.009295	NAN	
0.25	0.2	0.0815	0.0645	0.00991	NAN	
0.26	0.205	0.0855	0.0655	0.01056	NAN	
0.27	0.215	0.09	0.067	0.0112225	NAN	
0.28	0.22	0.0945	0.0655	0.011885	NAN	
0.29	0.23	0.0985	0.0715	0.01257	NAN	
0.3	0.24	0.103	0.0645	0.01325	NAN	
0.31	0.245	0.1075	0.071	0.0139275	NAN	
0.32	0.255	0.1115	0.0755	0.01466	NAN	
0.33	0.26	0.116	0.0715	0.015395	NAN	
0.34	0.27	0.1205	0.073	0.0161175	NAN	
0.35	0.28	0.1245	0.0775	0.01687	NAN	
0.36	0.285	0.1295	0.076	0.0176375	NAN	
0.37	0.295	0.134	0.0785	0.01841	NAN	
0.38	0.3	0.138	0.0785	0.019195	NAN	
0.39	0.31	0.142	0.082	0.0199975	NAN	
0.4	0.32	0.1465	0.0765	0.02079	NAN	
0.41	0.325	0.151	0.0825	0.021585	NAN	
0.42	0.335	0.1555	0.0855	0.022425	NAN	
0.43	0.34	0.1595	0.08	0.0232525	NAN	
0.44	0.35	0.164	0.0815	0.02406	NAN	
0.45	0.36	0.1685	0.084	0.0248875	NAN	
0.46	0.365	0.1725	0.085	0.0257325	NAN	
0.47	0.375	0.177	0.089	0.0266025	NAN	
0.48	0.38	0.181	0.0875	0.027485	NAN	
0.49	0.39	0.1855	0.092	0.0283825	NAN	
0.5	0.4	0.1895	0.0845	0.029265	NAN	
0.51	0.405	0.1945	0.094	0.0301575	NAN	
0.52	0.415	0.1985	0.096	0.0311075	NAN	
0.53	0.42	0.2025	0.093	0.0320525	NAN	
0.54	0.43	0.207	0.0945	0.03299	NAN	
0.55	0.44	0.2115	0.099	0.0339575	NAN	
0.56	0.445	0.2155	0.0945	0.034925	NAN	
0.57	0.455	0.22	0.101	0.0359025	NAN	
0.58	0.46	0.224	0.0925	0.03687	NAN	
0.59	0.47	0.2285	0.1125	0.037895	NAN	
0.6	0.48	0.2325	0.095	0.0389325	NAN	
0.61	0.485	0.237	0.1045	0.03993	NAN	
0.62	0.495	0.241	0.109	0.0409975	NAN	
0.63	0.5	0.2455	0.1035	0.04206	NAN	
0.64	0.51	0.2495	0.105	0.0431025	NAN	
0.65	0.52	0.254	0.1155	0.044205	NAN	
0.66	0.525	0.258	0.106	0.0453125	NAN	
0.67	0.535	0.2625	0.1125	0.046405	NAN	
0.68	0.54	0.2665	0.1055	0.047495	NAN	
0.69	0.55	0.2705	0.117	0.0486075	NAN	
0.7	0.56	0.2755	0.1075	0.04973	NAN	
0.71	0.565	0.2795	0.1125	0.05083	NAN	
0.72	0.575	0.2835	0.1175	0.05198	NAN	
0.73	0.58	0.288	0.1165	0.05315	NAN	
0.74	0.59	0.292	0.1125	0.054295	NAN	
0.75	0.6	0.296	0.116	0.0554375	NAN	
0.76	0.605	0.3005	0.119	0.0566125	NAN	
0.77	0.615	0.305	0.118	0.0577975	NAN	
0.78	0.62	0.3095	0.119	0.0589825	NAN	
0.79	0.63	0.3135	0.123	0.0601925	NAN	
0.8	0.64	0.318	0.1235	0.061425	NAN	
0.81	0.645	0.322	0.114	0.0626125	NAN	
0.82	0.655	0.3265	0.119	0.0637775	NAN	
0.83	0.66	0.331	0.123	0.0649875	NAN	
0.84	0.67	0.3355	0.124	0.0662225	NAN	
0.85	0.68	0.3395	0.123	0.0674575	NAN	
0.86	0.685	0.344	0.1285	0.068715	NAN	
0.87	0.695	0.3485	0.131	0.0700125	NAN	
0.88	0.7	0.353	0.127	0.0713025	NAN	
0.89	0.71	0.3575	0.13	0.0725875	NAN	
0.9	0.72	0.362	0.1235	0.073855	NAN	
0.91	0.725	0.367	0.1315	0.07513	NAN	
0.92	0.735	0.3715	0.137	0.0764725	NAN	
0.93	0.74	0.376	0.1385	0.07785	NAN	
0.94	0.75	0.3805	0.133	0.0792075	NAN	
0.95	0.76	0.3855	0.1375	0.08056	NAN	
0.96	0.765	0.39	0.1335	0.081915	NAN	
0.97	0.775	0.395	0.1395	0.08328	NAN	
0.98	0.78	0.3995	0.129	0.0846225	NAN	
0.99	0.79	0.4045	0.138	0.0859575	NAN	
1	0.8	0.4095	0.135	0.0873225	NAN	
1.01	0.805	0.4145	0.1345	0.08867	NAN	
1.02	0.815	0.4195	0.1325	0.090005	NAN	
1.03	0.82	0.4245	0.133	0.0913325	NAN	
1.04	0.83	0.4295	0.1415	0.092705	NAN	
1.05	0.84	0.435	0.132	0.0940725	NAN	
1.06	0.845	0.44	0.134	0.0954025	NAN	
1.07	0.855	0.445	0.14	0.0967725	NAN	
1.08	0.86	0.4505	0.126	0.0981025	NAN	
1.09	0.87	0.456	0.1375	0.09942	NAN	
1.1	0.88	0.461	0.131	0.1007625	NAN	
1.11	0.885	0.4665	0.1295	0.102065	NAN	
1.12	0.895	0.472	0.1275	0.10335	NAN	
1.13	0.9	0.4775	0.131	0.1046425	NAN	
1.14	0.91	0.483	0.127	0.1059325	NAN	
1.15	0.92	0.4885	0.1305	0.10722	NAN	
1.16	0.925	0.494	0.125	0.1084975	NAN	
1.17	0.935	0.4995	0.126	0.1097525	NAN	
1.18	0.94	0.5055	0.118	0.1109725	NAN	
1.19	0.95	0.511	0.128	0.1122025	NAN	
1.2	0.96	0.5165	0.122	0.1134525	NAN	
1.21	0.965	0.522	0.121	0.1146675	NAN	
1.22	0.975	0.5275	0.1155	0.11585	NAN	
1.23	0.98	0.5335	0.122	0.1170375	NAN	
1.24	0.99	0.539	0.1175	0.118235	NAN	
1.25	1	0.5445	0.115	0.1193975	NAN	
1.26	1.005	0.5505	0.1145	0.120545	NAN	
1.27	1.015	0.556	0.1225	0.12173	NAN	
1.28	1.02	0.562	0.1085	0.122885	NAN	
1.29	1.03	0.568	0.117	0.1240125	NAN	
1.3	1.04	0.5735	0.112	0.1251575	NAN	
1.31	1.045	0.579	0.11	0.1262675	NAN	
1.32	1.055	0.585	0.1005	0.12732	NAN	
1.33	1.06	0.5905	0.109	0.1283675	NAN	
1.34	1.07	0.5965	0.105	0.1294375	NAN	
1.35	1.08	0.602	0.101	0.1304675	NAN	
1.36	1.085	0.608	0.0995	0.13147	NAN	
1.37	1.095	0.6135	0.105	0.1324925	NAN	
1.38	1.1	0.619	0.0925	0.13348	NAN	
1.39	1.11	0.6245	0.1	0.1344425	NAN	
1.4	1.12	0.6305	0.0935	0.13541	NAN	
1.41	1.125	0.636	0.0955	0.136355	NAN	
1.42	1.135	0.642	0.0915	0.13729	NAN	
1.43	1.14	0.6475	0.092	0.1382075	NAN	
1.44	1.15	0.653	0.0855	0.139095	NAN	
1.45	1.16	0.6585	0.093	0.1399875	NAN	
1.46	1.165	0.664	0.085	0.1408775	NAN	
1.47	1.175	0.67	0.093	0.1417675	NAN	
1.48	1.18	0.675	0.077	0.1426175	NAN	
1.49	1.19	0.681	0.0885	0.143445	NAN	
1.5	1.2	0.6865	0.083	0.1443025	NAN	
1.51	1.205	0.692	0.083	0.1451325	NAN	
1.52	1.215	0.6975	0.0795	0.145945	NAN	
1.53	1.22	0.703	0.0845	0.146765	NAN	
1.54	1.23	0.7085	0.0785	0.14758	NAN	
1.55	1.24	0.714	0.077	0.1483575	NAN	
1.56	1.245	0.7195	0.073	0.1491075	NAN	
1.57	1.255	0.725	0.0845	0.149895	NAN	
1.58	1.26	0.7305	0.0685	0.15066	NAN	
1.59	1.27	0.7355	0.089	0.1514475	NAN	
1.6	1.28	0.741	0.073	0.1522575	NAN	
1.61	1.285	0.746	0.0745	0.152995	NAN	
1.62	1.295	0.7515	0.0685	0.15371	NAN	
1.63	1.3	0.757	0.073	0.1544175	NAN	
1.64	1.31	0.762	0.064	0.1551025	NAN	
1.65	1.32	0.7675	0.069	0.1557675	NAN	
1.66	1.325	0.773	0.0675	0.15645	NAN	
1.67	1.335	0.778	0.069	0.1571325	NAN	
1.68	1.34	0.7835	0.064	0.1577975	NAN	
1.69	1.35	0.789	0.0735	0.158485	NAN	
1.7	1.36	0.794	0.0595	0.15915	NAN	
1.71	1.365	0.7995	0.0715	0.159805	NAN	
1.72	1.375	0.805	0.0695	0.16051	NAN	
1.73	1.38	0.8105	0.066	0.1611875	NAN	
1.74	1.39	0.815	0.062	0.1618275	NAN	
1.75	1.4	0.8205	0.0625	0.16245	NAN	
1.76	1.405	0.8255	0.0595	0.16306	NAN	
1.77	1.415	0.831	0.0645	0.16368	NAN	
1.78	1.42	0.8365	0.0565	0.164285	NAN	
1.79	1.43	0.842	0.063	0.1648825	NAN	
1.8	1.44	0.847	0.0445	0.16542	NAN	
1.81	1.445	0.852	0.0665	0.165975	NAN	
1.82	1.455	0.8575	0.0615	0.166615	NAN	
1.83	1.46	0.8625	0.06	0.1672225	NAN	
1.84	1.47	0.8675	0.057	0.1678075	NAN	
1.85	1.48	0.873	0.06	0.1683925	NAN	
1.86	1.485	0.878	0.0535	0.16896	NAN	
1.87	1.495	0.8835	0.0625	0.16954	NAN	
1.88	1.5	0.8885	0.0535	0.17012	NAN	
1.89	1.51	0.894	0.0545	0.17066	NAN	
1.9	1.52	0.899	0.049	0.1711775	NAN	
1.91	1.525	0.904	0.058	0.1717125	NAN	
1.92	1.535	0.9095	0.055	0.1722775	NAN	
1.93	1.54	0.9145	0.055	0.1728275	NAN	
1.94	1.55	0.92	0.0555	0.17338	NAN	
1.95	1.56	0.925	0.055	0.1739325	NAN	
1.96	1.565	0.93	0.048	0.1744475	NAN	
1.97	1.575	0.935	0.062	0.1749975	NAN	
1.98	1.58	0.94	0.051	0.1755625	NAN	
1.99	1.59	0.9455	0.054	0.1760875	NAN	
2	1.6	0.9505	0.0485	0.1766	NAN	
2.01	1.605	0.9555	0.055	0.1771175	NAN	
2.02	1.615	0.9605	0.046	0.1776225	NAN	
2.03	1.62	0.9655	0.0525	0.178115	NAN	
2.04	1.63	0.9705	0.0495	0.178625	NAN	
2.05	1.64	0.9755	0.0475	0.17911	NAN	
2.06	1.645	0.9805	0.045	0.1795725	NAN	
2.07	1.655	0.9855	0.046	0.1800275	NAN	
2.08	1.66	0.9905	0.045	0.1804825	NAN	
2.09	1.67	0.9955	0.052	0.1809675	NAN	
2.1	1.68	1	0.0515	0.181485	NAN	
2.11	1.685	1.005	0.0515	0.182	NAN	
2.12	1.695	1.01	0.044	0.1824775	NAN	
2.13	1.7	1.015	0.05	0.1829475	NAN	
2.14	1.71	1.02	0.048	0.1834375	NAN	
2.15	1.72	1.02	0.047	0.1839125	NAN	
2.16	1.725	1.02	0.0435	0.184365	NAN	
2.17	1.735	1.02	0.0475	0.18482	NAN	
2.18	1.74	1.02	0.0385	0.18525	NAN	
2.19	1.75	1.02	0.051	0.1856975	NAN	
2.2	1.76	1.02	0.0425	0.186165	NAN	
2.21	1.765	1.02	0.043	0.1865925	NAN	
2.22	1.775	1.02	0.044	0.1870275	NAN	
2.23	1.78	1.02	0.048	0.1874875	NAN	
2.24	1.79	1.02	0.04	0.1879275	NAN	
2.25	1.8	1.02	0.047	0.1883625	NAN	
2.26	1.805	1.02	0.04	0.1887975	NAN	
2.27	1.815	1.02	0.045	0.1892225	NAN	
2.28	1.82	1.02	0.041	0.1896525	NAN	
2.29	1.83	1.02	0.0485	0.1901	NAN	
2.3	1.84	1.02	0.0325	0.190505	NAN	
2.31	1.845	1.02	0.074	0.1910375	NAN	
2.32	1.855	1.02	0.045	0.1916325	NAN	
2.33	1.86	1.02	0.041	0.1920625	NAN	
2.34	1.87	1.02	0.039	0.1924625	NAN	
2.35	1.88	1.02	0.045	0.1928825	NAN	
2.36	1.885	1.02	0.035	0.1932825	NAN	
2.37	1.895	1.02	-0.004	0.1934375	NAN	
2.38	1.9	1.02	0.023	0.1935325	NAN	
2.39	1.91	1.02	-0.007	0.1936125	NAN	
2.4	1.92	1.02	-0.0055	0.19355	NAN	
2.41	1.925	1.02	0.0005	0.193525	NAN	
2.42	1.935	1.02	0.001	0.1935325	NAN	
2.43	1.94	1.02	-0.0025	0.193525	NAN	
2.44	1.95	1.02	0.002	0.1935225	NAN	
2.45	1.96	1.02	-0.0005	0.19353	NAN	
2.46	1.965	1.02	0.001	0.1935325	NAN	
2.47	1.975	1.02	-0.002	0.1935275	NAN	
2.48	1.98	1.02	0	0.1935175	NAN	
2.49	1.99	1.02	-0.0015	0.19351	NAN	
2.5	2	1.02	-0.0045	0.19348	NAN	
2.51	1.995	1.02	-0.0015	0.19345	NAN	
2.52	1.985	1.02	-0.003	0.1934275	NAN	
2.53	1.98	1.02	-0.004	0.1933925	NAN	
2.54	1.97	1.02	-0.0005	0.19337	NAN	
2.55	1.96	1.02	0.006	0.1933975	NAN	
2.56	1.955	1.02	-0.005	0.1934025	NAN	
2.57	1.945	1.02	-0.005	0.1933525	NAN	
2.58	1.94	1.02	-0.0035	0.19331	NAN	
2.59	1.93	1.02	-0.001	0.1932875	NAN	
2.6	1.92	1.02	-0.0005	0.19328	NAN	
2.61	1.915	1.02	-0.001	0.1932725	NAN	
2.62	1.905	1.02	-0.002	0.1932575	NAN	
2.63	1.9	1.02	-0.0025	0.193235	NAN	
2.64	1.89	1.02	-0.0025	0.19321	NAN	
2.65	1.88	1.02	0.0005	0.1932	NAN	
2.66	1.875	1.02	-0.0095	0.193155	NAN	
2.67	1.865	1.02	-0.006	0.1930775	NAN	
2.68	1.86	1.02	0.009	0.1930925	NAN	
2.69	1.85	1.02	0.002	0.1931475	NAN	
2.7	1.84	1.02	-0.0025	0.193145	NAN	
2.71	1.835	1.02	0.002	0.1931425	NAN	
2.72	1.825	1.02	-0.0085	0.19311	NAN	
2.73	1.82	1.02	-0.007	0.1930325	NAN	
2.74	1.81	1.02	-0.013	0.1929325	NAN	
2.75	1.8	1.02	-0.003	0.1928525	NAN	
2.76	1.795	1.02	-0.014	0.1927675	NAN	
2.77	1.785	1.02	-0.013	0.1926325	NAN	
2.78	1.78	1.02	-0.0135	0.1925	NAN	
2.79	1.77	1.02	-0.01	0.1923825	NAN	
2.8	1.76	1.02	-0.016	0.1922525	NAN	
2.81	1.755	1.02	-0.0095	0.192125	NAN	
2.82	1.745	1.02	-0.018	0.1919875	NAN	
2.83	1.74	1.02	-0.01	0.1918475	NAN	
2.84	1.73	1.02	-0.019	0.1917025	NAN	
2.85	1.72	1.02	-0.0095	0.19156	NAN	
2.86	1.715	1.02	-0.017	0.1914275	NAN	
2.87	1.705	1.02	-0.013	0.1912775	NAN	
2.88	1.7	1.02	-0.0205	0.19111	NAN	
2.89	1.69	1.02	-0.013	0.1909425	NAN	
2.9	1.68	1.02	-0.0115	0.19082	NAN	
2.91	1.675	1.02	-0.017	0.1906775	NAN	
2.92	1.665	1.02	-0.02	0.1904925	NAN	
2.93	1.66	1.02	-0.008	0.1903525	NAN	
2.94	1.65	1.02	-0.0155	0.190235	NAN	
2.95	1.64	1.02	-0.0165	0.190075	NAN	
2.96	1.635	1.02	-0.0145	0.18992	NAN	
2.97	1.625	1.0185	-0.013	0.1897825	NAN	
2.98	1.62	1.0135	-0.0215	0.18961	NAN	
2.99	1.61	1.009	-0.0165	0.18942	NAN	
3	1.6	1.004	-0.0145	0.189265	NAN	
3.01	1.595	1	-0.0075	0.189155	NAN	
3.02	1.585	0.995	-0.0235	0.189	NAN	
3.03	1.58	0.9905	-0.013	0.1888175	NAN	
3.04	1.57	0.986	-0.0185	0.18866	NAN	
3.05	1.56	0.9815	-0.013	0.1885025	NAN	
3.06	1.555	0.9765	-0.0225	0.188325	NAN	
3.07	1.545	0.972	-0.0165	0.18813	NAN	
3.08	1.54	0.967	-0.0185	0.187955	NAN	
3.09	1.53	0.9625	-0.019	0.1877675	NAN	
3.1	1.52	0.9575	-0.02	0.1875725	NAN	
3.11	1.515	0.953	-0.013	0.1874075	NAN	
3.12	1.505	0.948	-0.0245	0.18722	NAN	
3.13	1.5	0.9435	-0.019	0.1870025	NAN	
3.14	1.49	0.9385	-0.021	0.1868025	NAN	
3.15	1.48	0.9335	-0.0135	0.18663	NAN	
3.16	1.475	0.9285	-0.0235	0.186445	NAN	
3.17	1.465	0.9245	-0.0205	0.186225	NAN	
3.18	1.46	0.919	-0.0185	0.18603	NAN	
3.19	1.45	0.9145	-0.019	0.1858425	NAN	
3.2	1.44	0.9095	-0.0235	0.18563	NAN	
3.21	1.435	0.905	-0.0185	0.18542	NAN	
3.22	1.425	0.9	-0.0235	0.18521	NAN	
3.23	1.42	0.895	-0.0205	0.18499	NAN	
3.24	1.41	0.89	-0.0255	0.18476	NAN	
3.25	1.4	0.8855	-0.015	0.1845575	NAN	
3.26	1.395	0.8805	-0.0225	0.18437	NAN	
3.27	1.385	0.876	-0.0245	0.184135	NAN	
3.28	1.38	0.871	-0.023	0.1838975	NAN	
3.29	1.37	0.866	-0.0195	0.183685	NAN	
3.3	1.36	0.8615	-0.0235	0.18347	NAN	
3.31	1.355	0.857	-0.0225	0.18324	NAN	
3.32	1.345	0.852	-0.023	0.1830125	NAN	
3.33	1.34	0.8475	-0.022	0.1827875	NAN	
3.34	1.33	0.8425	-0.028	0.1825375	NAN	
3.35	1.32	0.838	-0.02	0.1822975	NAN	
3.36	1.315	0.8325	-0.0225	0.182085	NAN	
3.37	1.305	0.828	-0.0265	0.18184	NAN	
3.38	1.3	0.823	-0.0265	0.181575	NAN	
3.39	1.29	0.8185	-0.0225	0.18133	NAN	
3.4	1.28	0.8135	-0.0235	0.1811	NAN	
3.41	1.275	0.809	-0.0255	0.180855	NAN	
3.42	1.265	0.804	-0.0255	0.1806	NAN	
3.43	1.26	0.7995	-0.022	0.1803625	NAN	
3.44	1.25	0.7945	-0.0295	0.180105	NAN	
3.45	1.24	0.7905	-0.023	0.1798425	NAN	
3.46	1.235	0.7855	-0.023	0.1796125	NAN	
3.47	1.225	0.781	-0.027	0.1793625	NAN	
3.48	1.22	0.776	-0.0285	0.179085	NAN	
3.49	1.21	0.7715	-0.027	0.1788075	NAN	
3.5	1.2	0.7665	-0.023	0.1785575	NAN	
3.51	1.195	0.762	-0.0295	0.178295	NAN	
3.52	1.185	0.757	-0.029	0.1780025	NAN	
3.53	1.18	0.753	-0.0255	0.17773	NAN	
3.54	1.17	0.748	-0.032	0.1774425	NAN	
3.55	1.16	0.743	-0.028	0.1771425	NAN	
3.56	1.155	0.7385	-0.026	0.1768725	NAN	
3.57	1.145	0.734	-0.0295	0.176595	NAN	
3.58	1.14	0.729	-0.031	0.1762925	NAN	
3.59	1.13	0.725	-0.0305	0.175985	NAN	
3.6	1.12	0.7195	-0.0255	0.175705	NAN	
3.61	1.115	0.715	-0.032	0.1754175	NAN	
3.62	1.105	0.7105	-0.032	0.1750975	NAN	
3.63	1.1	0.7055	-0.028	0.1747975	NAN	
3.64	1.09	0.701	-0.031	0.1745025	NAN	
3.65	1.08	0.6965	-0.033	0.1741825	NAN	
3.66	1.075	0.6915	-0.028	0.1738775	NAN	
3.67	1.065	0.687	-0.0325	0.173575	NAN	
3.68	1.06	0.6825	-0.032	0.1732525	NAN	
3.69	1.05	0.678	-0.0365	0.17291	NAN	
3.7	1.04	0.673	-0.026	0.1725975	NAN	
3.71	1.035	0.6685	-0.035	0.1722925	NAN	
3.72	1.025	0.6635	-0.0345	0.171945	NAN	
3.73	1.02	0.659	-0.033	0.1716075	NAN	
3.74	1.01	0.654	-0.0335	0.171275	NAN	
3.75	1	0.6495	-0.0375	0.17092	NAN	
3.76	0.995	0.645	-0.032	0.1705725	NAN	
3.77	0.985	0.64	-0.0365	0.17023	NAN	
3.78	0.98	0.635	-0.0335	0.16988	NAN	
3.79	0.97	0.631	-0.0425	0.1695	NAN	
3.8	0.96	0.626	-0.0295	0.16914	NAN	
3.81	0.955	0.6215	-0.0365	0.16881	NAN	
3.82	0.945	0.6165	-0.038	0.1684375	NAN	
3.83	0.94	0.6125	-0.038	0.1680575	NAN	
3.84	0.93	0.6075	-0.0345	0.167695	NAN	
3.85	0.92	0.6025	-0.041	0.1673175	NAN	
3.86	0.915	0.598	-0.0365	0.16693	NAN	
3.87	0.905	0.5935	-0.042	0.1665375	NAN	
3.88	0.9	0.5885	-0.0365	0.166145	NAN	
3.89	0.89	0.584	-0.0475	0.165725	NAN	
3.9	0.88	0.5795	-0.0355	0.16531	NAN	
3.91	0.875	0.5745	-0.043	0.1649175	NAN	
3.92	0.865	0.57	-0.0425	0.16449	NAN	
3.93	0.86	0.565	-0.0455	0.16405	NAN	
3.94	0.85	0.56	-0.0385	0.16363	NAN	
3.95	0.84	0.5555	-0.047	0.1632025	NAN	
3.96	0.835	0.551	-0.042	0.1627575	NAN	
3.97	0.825	0.546	-0.047	0.1623125	NAN	
3.98	0.82	0.5415	-0.041	0.1618725	NAN	
3.99	0.81	0.5365	-0.0525	0.161405	NAN	
4	0.8	0.532	-0.0405	0.16094	NAN	
4.01	0.795	0.5275	-0.049	0.1604925	NAN	
4.02	0.785	0.5225	-0.0465	0.160015	NAN	
4.03	0.78	0.518	-0.05	0.1595325	NAN	
4.04	0.77	0.513	-0.0435	0.159065	NAN	
4.05	0.76	0.508	-0.0535	0.15858	NAN	
4.06	0.755	0.5035	-0.047	0.1580775	NAN	
4.07	0.745	0.499	-0.051	0.1575875	NAN	
4.08	0.74	0.494	-0.046	0.1571025	NAN	
4.09	0.73	0.4895	-0.0575	0.156585	NAN	
4.1	0.72	0.485	-0.045	0.1560725	NAN	
4.11	0.715	0.4805	-0.055	0.1555725	NAN	
4.12	0.705	0.4755	-0.0535	0.15503	NAN	
4.13	0.7	0.471	-0.0555	0.154485	NAN	
4.14	0.69	0.466	-0.049	0.1539625	NAN	
4.15	0.68	0.4615	-0.059	0.1534225	NAN	
4.16	0.675	0.4565	-0.0535	0.15286	NAN	
4.17	0.665	0.452	-0.058	0.1523025	NAN	
4.18	0.66	0.4475	-0.0535	0.151745	NAN	
4.19	0.65	0.443	-0.0635	0.15116	NAN	
4.2	0.64	0.4385	-0.051	0.1505875	NAN	
4.21	0.635	0.4335	-0.0625	0.15002	NAN	
4.22	0.625	0.429	-0.0585	0.149415	NAN	
4.23	0.62	0.4245	-0.0595	0.148825	NAN	
4.24	0.61	0.42	-0.055	0.1482525	NAN	
4.25	0.6	0.4155	-0.0645	0.147655	NAN	
4.26	0.595	0.4115	-0.058	0.1470425	NAN	
4.27	0.585	0.407	-0.0645	0.14643	NAN	
4.28	0.58	0.4025	-0.0605	0.145805	NAN	
4.29	0.57	0.398	-0.0685	0.14516	NAN	
4.3	0.56	0.3935	-0.057	0.1445325	NAN	
4.31	0.555	0.389	-0.07	0.1438975	NAN	
4.32	0.545	0.3845	-0.066	0.1432175	NAN	
4.33	0.54	0.3805	-0.0665	0.142555	NAN	
4.34	0.53	0.3755	-0.0635	0.141905	NAN	
4.35	0.52	0.371	-0.0735	0.14122	NAN	
4.36	0.515	0.3665	-0.066	0.1405225	NAN	
4.37	0.505	0.3625	-0.074	0.1398225	NAN	
4.38	0.5	0.358	-0.0675	0.139115	NAN	
4.39	0.49	0.354	-0.0765	0.138395	NAN	
4.4	0.48	0.3495	-0.065	0.1376875	NAN	
4.41	0.475	0.345	-0.079	0.1369675	NAN	
4.42	0.465	0.341	-0.0755	0.136195	NAN	
4.43	0.46	0.3365	-0.076	0.1354375	NAN	
4.44	0.45	0.332	-0.0735	0.13469	NAN	
4.45	0.44	0.3275	-0.082	0.1339125	NAN	
4.46	0.435	0.3235	-0.074	0.1331325	NAN	
4.47	0.425	0.319	-0.0835	0.132345	NAN	
4.48	0.42	0.315	-0.078	0.1315375	NAN	
4.49	0.41	0.3105	-0.086	0.1307175	NAN	
4.5	0.4	0.3065	-0.075	0.1299125	NAN	
4.51	0.395	0.3025	-0.09	0.1290875	NAN	
4.52	0.385	0.298	-0.086	0.1282075	NAN	
4.53	0.38	0.294	-0.086	0.1273475	NAN	
4.54	0.37	0.2895	-0.0855	0.12649	NAN	
4.55	0.36	0.2855	-0.0935	0.125595	NAN	
4.56	0.355	0.281	-0.0855	0.1247	NAN	
4.57	0.345	0.277	-0.096	0.1237925	NAN	
4.58	0.34	0.2725	-0.0905	0.12286	NAN	
4.59	0.33	0.2685	-0.098	0.1219175	NAN	
4.6	0.32	0.2645	-0.0885	0.120985	NAN	
4.61	0.315	0.2605	-0.102	0.1200325	NAN	
4.62	0.305	0.256	-0.0975	0.119035	NAN	
4.63	0.3	0.252	-0.099	0.1180525	NAN	
4.64	0.29	0.248	-0.0985	0.117065	NAN	
4.65	0.28	0.244	-0.1045	0.11605	NAN	
4.66	0.275	0.24	-0.0985	0.115035	NAN	
4.67	0.265	0.2355	-0.111	0.1139875	NAN	
4.68	0.26	0.2315	-0.105	0.1129075	NAN	
4.69	0.25	0.2275	-0.11	0.1118325	NAN	
4.7	0.24	0.2235	-0.104	0.1107625	NAN	
4.71	0.235	0.2195	-0.1175	0.109655	NAN	
4.72	0.225	0.2155	-0.1135	0.1085	NAN	
4.73	0.22	0.2115	-0.116	0.1073525	NAN	
4.74	0.21	0.2075	-0.117	0.1061875	NAN	
4.75	0.2	0.2035	-0.119	0.1050075	NAN	
4.76	0.195	0.1995	-0.1145	0.10384	NAN	
4.77	0.185	0.1955	-0.1175	0.10268	NAN	
4.78	0.18	0.1915	-0.1165	0.10151	NAN	
4.79	0.17	0.1875	-0.1305	0.100275	NAN	
4.8	0.16	0.1835	-0.126	0.0989925	NAN	
4.81	0.155	0.18	-0.1365	0.09768	NAN	
4.82	0.145	0.1755	-0.12	0.0963975	NAN	
4.83	0.14	0.172	-0.136	0.0951175	NAN	
4.84	0.13	0.168	-0.1355	0.09376	NAN	
4.85	0.12	0.1645	-0.1335	0.092415	NAN	
4.86	0.115	0.1605	-0.125	0.0911225	NAN	
4.87	0.105	0.1565	-0.1435	0.08978	NAN	
4.88	0.1	0.153	-0.14	0.0883625	NAN	
4.89	0.09	0.1485	-0.144	0.0869425	NAN	
4.9	0.08	0.145	-0.1425	0.08551	NAN	
4.91	0.075	0.1415	-0.152	0.0840375	NAN	
4.92	0.065	0.1375	-0.149	0.0825325	NAN	
4.93	0.06	0.134	-0.1575	0.081	NAN	
4.94	0.05	0.13	-0.156	0.0794325	NAN	
4.95	0.04	0.1265	-0.1555	0.077875	NAN	
4.96	0.035	0.1225	-0.156	0.0763175	NAN	
4.97	0.025	0.1185	-0.1705	0.074685	NAN	
4.98	0.02	0.1155	-0.163	0.0730175	NAN	
4.99	0.01	0.1115	-0.1675	0.071365	NAN	
5	0	0.108	-0.1665	0.069695	NAN	
5.01	-0.005	0.1045	-0.178	0.0679725	NAN	
5.02	-0.015	0.1005	-0.169	0.0662375	NAN	
5.03	-0.02	0.097	-0.1795	0.064495	NAN	
5.04	-0.03	0.0935	-0.176	0.0627175	NAN	
5.05	-0.04	0.09	-0.1765	0.060955	NAN	
5.06	-0.045	0.0865	-0.1775	0.059185	NAN	
5.07	-0.055	0.083	-0.189	0.0573525	NAN	
5.08	-0.06	0.0795	-0.184	0.0554875	NAN	
5.09	-0.07	0.076	-0.199	0.0535725	NAN	
5.1	-0.08	0.0725	-0.1885	0.051635	NAN	
5.11	-0.085	0.0695	-0.1925	0.04973	NAN	
5.12	-0.095	0.0655	-0.195	0.0477925	NAN	
5.13	-0.1	0.0625	-0.2025	0.045805	NAN	
5.14	-0.11	0.059	-0.2035	0.043775	NAN	
5.15	-0.12	0.0555	-0.2055	0.04173	NAN	
5.16	-0.125	0.052	-0.195	0.0397275	NAN	
5.17	-0.135	0.049	-0.2225	0.03764	NAN	
5.18	-0.14	0.0455	-0.2185	0.035435	NAN	
5.19	-0.15	0.042	-0.2185	0.03325	NAN	
5.2	-0.16	0.0385	-0.21	0.0311075	NAN	
5.21	-0.165	0.0355	-0.223	0.0289425	NAN	
5.22	-0.175	0.032	-0.22	0.0267275	NAN	
5.23	-0.18	0.0285	-0.2295	0.02448	NAN	
5.24	-0.19	0.0255	-0.2295	0.022185	NAN	
5.25	-0.2	0.022	-0.229	0.0198925	NAN	
5.26	-0.205	0.0185	-0.235	0.0175725	NAN	
5.27	-0.215	0.0155	-0.2425	0.015185	NAN	
5.28	-0.22	0.0125	-0.215	0.0128975	NAN	
5.29	-0.23	0.009	-0.2485	0.01058	NAN	
5.3	-0.24	0.0055	-0.2425	0.008125	NAN	
5.31	-0.245	0.0025	-0.244	0.0056925	NAN	
5.32	-0.255	-0.0005	-0.2545	0.0032	NAN	
5.33	-0.26	-0.0035	-0.2575	0.00064	NAN	
5.34	-0.27	-0.006	-0.2625	-0.00196	NAN	
5.35	-0.28	-0.0095	-0.265	-0.0045975	NAN	
5.36	-0.285	-0.0125	-0.269	-0.0072675	NAN	
5.37	-0.295	-0.0155	-0.274	-0.0099825	NAN	
5.38	-0.3	-0.0185	-0.269	-0.0126975	NAN	
5.39	-0.31	-0.0215	-0.279	-0.0154375	NAN	
5.4	-0.32	-0.0245	-0.2775	-0.01822	NAN	
5.41	-0.325	-0.028	-0.2815	-0.021015	NAN	
5.42	-0.335	-0.03	-0.2815	-0.02383	NAN	
5.43	-0.34	-0.0325	-0.291	-0.0266925	NAN	
5.44	-0.35	-0.0355	-0.295	-0.0296225	NAN	
5.45	-0.36	-0.0385	-0.295	-0.0325725	NAN	
5.46	-0.365	-0.0415	-0.2965	-0.03553	NAN	
5.47	-0.375	-0.044	-0.307	-0.0385475	NAN	
5.48	-0.38	-0.0465	-0.305	-0.0416075	NAN	
5.49	-0.39	-0.05	-0.317	-0.0447175	NAN	
5.5	-0.4	-0.052	-0.3125	-0.047865	NAN	
5.51	-0.405	-0.0545	-0.3205	-0.05103	NAN	
5.52	-0.415	-0.057	-0.319	-0.0542275	NAN	
5.53	-0.42	-0.0595	-0.32	-0.0574225	NAN	
5.54	-0.43	-0.062	-0.345	-0.0607475	NAN	
5.55	-0.44	-0.0645	-0.335	-0.0641475	NAN	
5.56	-0.445	-0.067	-0.337	-0.0675075	NAN	
5.57	-0.455	-0.0695	-0.344	-0.0709125	NAN	
5.58	-0.46	-0.072	-0.3455	-0.07436	NAN	
5.59	-0.47	-0.074	-0.351	-0.0778425	NAN	
5.6	-0.48	-0.0765	-0.35	-0.0813475	NAN	
5.61	-0.485	-0.0785	-0.3625	-0.08491	NAN	
5.62	-0.495	-0.081	-0.3635	-0.08854	NAN	
5.63	-0.5	-0.0835	-0.367	-0.0921925	NAN	
5.64	-0.51	-0.0855	-0.3755	-0.095905	NAN	
5.65	-0.52	-0.0875	-0.3795	-0.09968	NAN	
5.66	-0.525	-0.0895	-0.377	-0.1034625	NAN	
5.67	-0.535	-0.091	-0.3905	-0.1073	NAN	
5.68	-0.54	-0.093	-0.3925	-0.111215	NAN	
5.69	-0.55	-0.095	-0.4005	-0.11518	NAN	
5.7	-0.56	-0.097	-0.3995	-0.11918	NAN	
5.71	-0.565	-0.0985	-0.4085	-0.12322	NAN	
5.72	-0.575	-0.101	-0.4145	-0.127335	NAN	
5.73	-0.58	-0.1025	-0.416	-0.1314875	NAN	
5.74	-0.59	-0.104	-0.4215	-0.135675	NAN	
5.75	-0.6	-0.106	-0.4315	-0.13994	NAN	
5.76	-0.605	-0.1075	-0.435	-0.1442725	NAN	
5.77	-0.615	-0.109	-0.441	-0.1486525	NAN	
5.78	-0.62	-0.111	-0.4425	-0.15307	NAN	
5.79	-0.63	-0.1125	-0.4545	-0.157555	NAN	
5.8	-0.64	-0.114	-0.453	-0.1620925	NAN	
5.81	-0.645	-0.116	-0.455	-0.1666325	NAN	
5.82	-0.655	-0.1175	-0.465	-0.1712325	NAN	
5.83	-0.66	-0.119	-0.474	-0.1759275	NAN	
5.84	-0.67	-0.1205	-0.4715	-0.180655	NAN	
5.85	-0.68	-0.1215	-0.48	-0.1854125	NAN	
5.86	-0.685	-0.1235	-0.488	-0.1902525	NAN	
5.87	-0.695	-0.1255	-0.4935	-0.19516	NAN	
5.88	-0.7	-0.127	-0.4925	-0.20009	NAN	
5.89	-0.71	-0.1285	-0.5065	-0.205085	NAN	
5.9	-0.72	-0.1305	-0.5065	-0.21015	NAN	
5.91	-0.725	-0.132	-0.5135	-0.21525	NAN	
5.92	-0.735	-0.1335	-0.515	-0.2203925	NAN	
5.93	-0.74	-0.1355	-0.5195	-0.225565	NAN	
5.94	-0.75	-0.1375	-0.5265	-0.230795	NAN	
5.95	-0.76	-0.1385	-0.5305	-0.23608	NAN	
5.96	-0.765	-0.141	-0.536	-0.2414125	NAN	
5.97	-0.775	-0.1435	-0.5455	-0.24682	NAN	
5.98	-0.78	-0.1445	-0.546	-0.2522775	NAN	
5.99	-0.79	-0.146	-0.5515	-0.257765	NAN	
6	-0.8	-0.148	-0.5545	-0.263295	NAN	
6.01	-0.805	-0.15	-0.566	-0.2688975	NAN	
6.02	-0.815	-0.152	-0.5695	-0.274575	NAN	
6.03	-0.82	-0.1535	-0.571	-0.2802775	NAN	
6.04	-0.83	-0.156	-0.5745	-0.286005	NAN	
6.05	-0.84	-0.158	-0.583	-0.2917925	NAN	
6.06	-0.845	-0.16	-0.5865	-0.29764	NAN	
6.07	-0.855	-0.162	-0.593	-0.3035375	NAN	
6.08	-0.86	-0.1645	-0.591	-0.3094575	NAN	
6.09	-0.87	-0.167	-0.6035	-0.31543	NAN	
6.1	-0.88	-0.169	-0.6025	-0.32146	NAN	
6.11	-0.885	-0.1715	-0.6085	-0.327515	NAN	
6.12	-0.895	-0.174	-0.6115	-0.333615	NAN	
6.13	-0.9	-0.1765	-0.616	-0.3397525	NAN	
6.14	-0.91	-0.1785	-0.621	-0.3459375	NAN	
6.15	-0.92	-0.181	-0.6215	-0.35215	NAN	
6.16	-0.925	-0.184	-0.624	-0.3583775	NAN	
6.17	-0.935	-0.1865	-0.636	-0.3646775	NAN	
6.18	-0.94	-0.1895	-0.634	-0.3710275	NAN	
6.19	-0.95	-0.192	-0.638	-0.3773875	NAN	
6.2	-0.96	-0.1955	-0.635	-0.3837525	NAN	
6.21	-0.965	-0.1985	-0.6445	-0.39015	NAN	
6.22	-0.975	-0.201	-0.65	-0.3966225	NAN	
6.23	-0.98	-0.2045	-0.647	-0.4031075	NAN	
6.24	-0.99	-0.208	-0.6465	-0.409575	NAN	
6.25	-1	-0.211	-0.65	-0.4160575	NAN	
6.26	-1.005	-0.2145	-0.655	-0.4225825	NAN	
6.27	-1.015	-0.2175	-0.661	-0.4291625	NAN	
6.28	-1.02	-0.222	-0.655	-0.4357425	NAN	
6.29	-1.03	-0.2255	-0.661	-0.4423225	NAN	
6.3	-1.04	-0.23	-0.6595	-0.448925	NAN	
6.31	-1.045	-0.234	-0.6655	-0.45555	NAN	
6.32	-1.055	-0.238	-0.664	-0.4621975	NAN	
6.33	-1.06	-0.2425	-0.662	-0.4688275	NAN	
6.34	-1.07	-0.247	-0.664	-0.4754575	NAN	
6.35	-1.08	-0.2515	-0.6645	-0.4821	NAN	
6.36	-1.085	-0.2565	-0.6625	-0.488735	NAN	
6.37	-1.095	-0.2615	-0.6635	-0.495365	NAN	
6.38	-1.1	-0.2665	-0.661	-0.5019875	NAN	
6.39	-1.11	-0.2725	-0.6655	-0.50862	NAN	
6.4	-1.12	-0.2775	-0.657	-0.5152325	NAN	
6.41	-1.125	-0.2835	-0.656	-0.5217975	NAN	
6.42	-1.135	-0.29	-0.6565	-0.52836	NAN	
6.43	-1.14	-0.296	-0.6555	-0.53492	NAN	
6.44	-1.15	-0.303	-0.65	-0.5414475	NAN	
6.45	-1.16	-0.3095	-0.6415	-0.547905	NAN	
6.46	-1.165	-0.3165	-0.639	-0.5543075	NAN	
6.47	-1.175	-0.3235	-0.643	-0.5607175	NAN	
6.48	-1.18	-0.3305	-0.634	-0.5671025	NAN	
6.49	-1.19	-0.3385	-0.629	-0.5734175	NAN	
6.5	-1.2	-0.346	-0.618	-0.5796525	NAN	
6.51	-1.205	-0.3545	-0.6225	-0.585855	NAN	
6.52	-1.215	-0.363	-0.615	-0.5920425	NAN	
6.53	-1.22	-0.3715	-0.607	-0.5981525	NAN	
6.54	-1.23	-0.3795	-0.6	-0.6041875	NAN	
6.55	-1.24	-0.3885	-0.598	-0.6101775	NAN	
6.56	-1.245	-0.3975	-0.587	-0.6161025	NAN	
6.57	-1.255	-0.407	-0.583	-0.6219525	NAN	
6.58	-1.26	-0.4165	-0.571	-0.6277225	NAN	
6.59	-1.27	-0.426	-0.572	-0.6334375	NAN	
6.6	-1.28	-0.436	-0.553	-0.6390625	NAN	
6.61	-1.285	-0.446	-0.54	-0.6445275	NAN	
6.62	-1.295	-0.457	-0.534	-0.6498975	NAN	
6.63	-1.3	-0.467	-0.5285	-0.65521	NAN	
6.64	-1.31	-0.4785	-0.518	-0.6604425	NAN	
6.65	-1.32	-0.489	-0.501	-0.6655375	NAN	
6.66	-1.325	-0.5005	-0.4935	-0.67051	NAN	
6.67	-1.335	-0.512	-0.49	-0.6754275	NAN	
6.68	-1.34	-0.524	-0.474	-0.6802475	NAN	
6.69	-1.35	-0.5355	-0.4605	-0.68492	NAN	
6.7	-1.36	-0.5475	-0.4475	-0.68946	NAN	
6.71	-1.365	-0.56	-0.4385	-0.69389	NAN	
6.72	-1.375	-0.5725	-0.4245	-0.698205	NAN	
6.73	-1.38	-0.585	-0.411	-0.7023825	NAN	
6.74	-1.39	-0.5975	-0.399	-0.7064325	NAN	
6.75	-1.4	-0.611	-0.3865	-0.71036	NAN	
6.76	-1.405	-0.6235	-0.372	-0.7141525	NAN	
6.77	-1.415	-0.6365	-0.3675	-0.71785	NAN	
6.78	-1.42	-0.65	-0.348	-0.7214275	NAN	
6.79	-1.43	-0.663	-0.336	-0.7248475	NAN	
6.8	-1.44	-0.6765	-0.3155	-0.728105	NAN	
6.81	-1.445	-0.6895	-0.311	-0.7312375	NAN	
6.82	-1.455	-0.7025	-0.2955	-0.73427	NAN	
6.83	-1.46	-0.7155	-0.279	-0.7371425	NAN	
6.84	-1.47	-0.7285	-0.27	-0.7398875	NAN	
6.85	-1.48	-0.7415	-0.2615	-0.742545	NAN	
6.86	-1.485	-0.754	-0.236	-0.7450325	NAN	
6.87	-1.495	-0.7665	-0.236	-0.7473925	NAN	
6.88	-1.5	-0.779	-0.2205	-0.749675	NAN	
6.89	-1.51	-0.791	-0.2085	-0.75182	NAN	
6.9	-1.52	-0.8025	-0.1945	-0.753835	NAN	
6.91	-1.525	-0.8145	-0.1915	-0.755765	NAN	
6.92	-1.535	-0.825	-0.1775	-0.75761	NAN	
6.93	-1.54	-0.836	-0.172	-0.7593575	NAN	
6.94	-1.55	-0.847	-0.162	-0.7610275	NAN	
6.95	-1.56	-0.857	-0.152	-0.7625975	NAN	
6.96	-1.565	-0.868	-0.1405	-0.76406	NAN	
6.97	-1.575	-0.8775	-0.1455	-0.76549	NAN	
6.98	-1.58	-0.887	-0.1275	-0.766855	NAN	
6.99	-1.59	-0.896	-0.127	-0.7681275	NAN	
7	-1.6	-0.905	-0.1155	-0.76934	NAN	
7.01	-1.605	-0.9135	-0.1135	-0.770485	NAN	
7.02	-1.615	-0.9225	-0.105	-0.7715775	NAN	
7.03	-1.62	-0.93	-0.1085	-0.772645	NAN	
7.04	-1.63	-0.9385	-0.095	-0.7736625	NAN	
7.05	-1.64	-0.9455	-0.0935	-0.774605	NAN	
7.06	-1.645	-0.9535	-0.089	-0.7755175	NAN	
7.07	-1.655	-0.9605	-0.092	-0.7764225	NAN	
7.08	-1.66	-0.968	-0.081	-0.7772875	NAN	
7.09	-1.67	-0.975	-0.0845	-0.778115	NAN	
7.1	-1.68	-0.9815	-0.075	-0.7789125	NAN	
7.11	-1.685	-0.9885	-0.077	-0.7796725	NAN	
7.12	-1.695	-0.9955	-0.0745	-0.78043	NAN	
7.13	-1.7	-1.0015	-0.075	-0.7811775	NAN	
7.14	-1.71	-1.0075	-0.063	-0.7818675	NAN	
7.15	-1.72	-1.014	-0.071	-0.7825375	NAN	
7.16	-1.725	-1.0205	-0.0615	-0.7832	NAN	
7.17	-1.735	-1.026	-0.0645	-0.78383	NAN	
7.18	-1.74	-1.0275	-0.063	-0.7844675	NAN	
7.19	-1.75	-1.0275	-0.0625	-0.785095	NAN	
7.2	-1.76	-1.0275	-0.0495	-0.785655	NAN	
7.21	-1.765	-1.0275	-0.0595	-0.7862	NAN	
7.22	-1.775	-1.0275	-0.0575	-0.786785	NAN	
7.23	-1.78	-1.0275	-0.0595	-0.78737	NAN	
7.24	-1.79	-1.0275	-0.055	-0.7879425	NAN	
7.25	-1.8	-1.0275	-0.0595	-0.788515	NAN	
7.26	-1.805	-1.0275	-0.0455	-0.78904	NAN	
7.27	-1.815	-1.0275	-0.0605	-0.78957	NAN	
7.28	-1.82	-1.0275	-0.0505	-0.790125	NAN	
7.29	-1.83	-1.0275	-0.0525	-0.79064	NAN	
7.3	-1.84	-1.0275	-0.0445	-0.791125	NAN	
7.31	-1.845	-1.0275	-0.0575	-0.791635	NAN	
7.32	-1.855	-1.0275	-0.043	-0.7921375	NAN	
7.33	-1.86	-1.0275	-0.0055	-0.79238	NAN	
7.34	-1.87	-1.0275	0	-0.7924075	NAN	
7.35	-1.88	-1.0275	-0.001	-0.7924125	NAN	
7.36	-1.885	-1.0275	0.001	-0.7924125	NAN	
7.37	-1.895	-1.0275	-0.004	-0.7924275	NAN	
7.38	-1.9	-1.0275	0.01	-0.7923975	NAN	
7.39	-1.91	-1.0275	-0.0065	-0.79238	NAN	
7.4	-1.92	-1.0275	-0.0045	-0.792435	NAN	
7.41	-1.925	-1.0275	-0.0095	-0.792505	NAN	
7.42	-1.935	-1.0275	-0.006	-0.7925825	NAN	
7.43	-1.94	-1.0275	-0.0065	-0.792645	NAN	
7.44	-1.95	-1.0275	0.014	-0.7926075	NAN	
7.45	-1.96	-1.0275	0.008	-0.7924975	NAN	
7.46	-1.965	-1.0275	0.0015	-0.79245	NAN	
7.47	-1.975	-1.0275	-0.006	-0.7924725	NAN	
7.48	-1.98	-1.0275	0.0065	-0.79247	NAN	
7.49	-1.99	-1.0275	-0.0025	-0.79245	NAN	
7.5	-2	-1.0275	0.0045	-0.79244	NAN	
7.51	-1.995	-1.0275	-0.008	-0.7924575	NAN	
7.52	-1.985	-1.0275	0.014	-0.7924275	NAN	
7.53	-1.98	-1.0275	-0.011	-0.7924125	NAN	
7.54	-1.97	-1.0275	-0.0015	-0.792475	NAN	
7.55	-1.96	-1.0275	-0.011	-0.7925375	NAN	
7.56	-1.955	-1.0275	0.0095	-0.792545	NAN	
7.57	-1.945	-1.0275	-0.0015	-0.792505	NAN	
7.58	-1.94	-1.0275	0.008	-0.7924725	NAN	
7.59	-1.93	-1.0275	-0.0135	-0.7925	NAN	
7.6	-1.92	-1.0275	0.0005	-0.792565	NAN	
7.61	-1.915	-1.0275	0.003	-0.7925475	NAN	
7.62	-1.905	-1.0275	0.002	-0.7925225	NAN	
7.63	-1.9	-1.0275	-0.0025	-0.792525	NAN	
7.64	-1.89	-1.0275	0.009	-0.7924925	NAN	
7.65	-1.88	-1.0275	-0.004	-0.7924675	NAN	
7.66	-1.875	-1.0275	0.001	-0.7924825	NAN	
7.67	-1.865	-1.0275	0.003	-0.7924625	NAN	
7.68	-1.86	-1.0275	0.006	-0.7924175	NAN	
7.69	-1.85	-1.0275	0.0025	-0.792375	NAN	
7.7	-1.84	-1.0275	0.0095	-0.792315	NAN	
7.71	-1.835	-1.0275	-0.0045	-0.79229	NAN	
7.72	-1.825	-1.0275	0.0035	-0.792295	NAN	
7.73	-1.82	-1.0275	0.0015	-0.79227	NAN	
7.74	-1.81	-1.0275	-0.004	-0.7922825	NAN	
7.75	-1.8	-1.0275	-0.002	-0.7923125	NAN	
7.76	-1.795	-1.0275	0.0055	-0.792295	NAN	
7.77	-1.785	-1.0275	0.0045	-0.792245	NAN	
7.78	-1.78	-1.0275	0.0125	-0.79216	NAN	
7.79	-1.77	-1.0275	0.008	-0.7920575	NAN	
7.8	-1.76	-1.0275	0.0045	-0.791995	NAN	
7.81	-1.755	-1.0275	0.0125	-0.79191	NAN	
7.82	-1.745	-1.0275	0.0125	-0.791785	NAN	
7.83	-1.74	-1.0275	0.013	-0.7916575	NAN	
7.84	-1.73	-1.0275	0.018	-0.7915025	NAN	
7.85	-1.72	-1.0275	0.0085	-0.79137	NAN	
7.86	-1.715	-1.0275	0.0175	-0.79124	NAN	
7.87	-1.705	-1.0275	0.0115	-0.791095	NAN	
7.88	-1.7	-1.0275	0.019	-0.7909425	NAN	
7.89	-1.69	-1.0275	0.014	-0.7907775	NAN	
7.9	-1.68	-1.0275	0.016	-0.7906275	NAN	
7.91	-1.675	-1.0275	0.016	-0.7904675	NAN	
7.92	-1.665	-1.0275	0.019	-0.7902925	NAN	
7.93	-1.66	-1.0275	0.015	-0.7901225	NAN	
7.94	-1.65	-1.0275	0.0205	-0.789945	NAN	
7.95	-1.64	-1.0275	0.012	-0.7897825	NAN	
7.96	-1.635	-1.026	0.024	-0.7896025	NAN	
7.97	-1.625	-1.021	0.014	-0.7894125	NAN	
7.98	-1.62	-1.016	0.019	-0.7892475	NAN	
7.99	-1.61	-1.0115	0.0185	-0.78906	NAN	
8	-1.6	-1.0065	0.0155	-0.78889	NAN	
8.01	-1.595	-1.0015	0.0165	-0.78873	NAN	
8.02	-1.585	-0.997	0.022	-0.7885375	NAN	
8.03	-1.58	-0.992	0.014	-0.7883575	NAN	
8.04	-1.57	-0.9875	0.024	-0.7881675	NAN	
8.05	-1.56	-0.983	0.0095	-0.788	NAN	
8.06	-1.555	-0.9775	0.022	-0.7878425	NAN	
8.07	-1.545	-0.973	0.0165	-0.78765	NAN	
8.08	-1.54	-0.9675	0.02	-0.7874675	NAN	
8.09	-1.53	-0.963	0.0195	-0.78727	NAN	
8.1	-1.52	-0.958	0.019	-0.7870775	NAN	
8.11	-1.515	-0.953	0.016	-0.7869025	NAN	
8.12	-1.505	-0.948	0.025	-0.7866975	NAN	
8.13	-1.5	-0.9435	0.014	-0.7865025	NAN	
8.14	-1.49	-0.938	0.0235	-0.786315	NAN	
8.15	-1.48	-0.9335	0.0135	-0.78613	NAN	
8.16	-1.475	-0.9285	0.0205	-0.78596	NAN	
8.17	-1.465	-0.924	0.0205	-0.785755	NAN	
8.18	-1.46	-0.919	0.0205	-0.78555	NAN	
8.19	-1.45	-0.914	0.0215	-0.78534	NAN	
8.2	-1.44	-0.909	0.024	-0.7851125	NAN	
8.21	-1.435	-0.9045	0.0175	-0.784905	NAN	
8.22	-1.425	-0.8995	0.0285	-0.784675	NAN	
8.23	-1.42	-0.8945	0.017	-0.7844475	NAN	
8.24	-1.41	-0.8895	0.0265	-0.78423	NAN	
8.25	-1.4	-0.885	0.0185	-0.784005	NAN	
8.26	-1.395	-0.88	0.021	-0.7838075	NAN	
8.27	-1.385	-0.875	0.021	-0.7835975	NAN	
8.28	-1.38	-0.87	0.0245	-0.78337	NAN	
8.29	-1.37	-0.865	0.02	-0.7831475	NAN	
8.3	-1.36	-0.8605	0.017	-0.7829625	NAN	
8.31	-1.355	-0.8555	0.014	-0.7828075	NAN	
8.32	-1.345	-0.8505	0.035	-0.7825625	NAN	
8.33	-1.34	-0.846	0.0225	-0.782275	NAN	
8.34	-1.33	-0.841	0.029	-0.7820175	NAN	
8.35	-1.32	-0.836	0.022	-0.7817625	NAN	
8.36	-1.315	-0.831	0.02	-0.7815525	NAN	
8.37	-1.305	-0.827	0.0255	-0.781325	NAN	
8.38	-1.3	-0.8215	0.028	-0.7810575	NAN	
8.39	-1.29	-0.817	0.0205	-0.780815	NAN	
8.4	-1.28	-0.8125	0.0285	-0.78057	NAN	
8.41	-1.275	-0.8075	0.0205	-0.780325	NAN	
8.42	-1.265	-0.8025	0.027	-0.7800875	NAN	
8.43	-1.26	-0.798	0.0245	-0.77983	NAN	
8.44	-1.25	-0.793	0.026	-0.7795775	NAN	
8.45	-1.24	-0.789	0.0225	-0.779335	NAN	
8.46	-1.235	-0.7845	0.0275	-0.779085	NAN	
8.47	-1.225	-0.7795	0.0225	-0.778835	NAN	
8.48	-1.22	-0.7745	0.0315	-0.778565	NAN	
8.49	-1.21	-0.77	0.022	-0.7782975	NAN	
8.5	-1.2	-0.765	0.0285	-0.778045	NAN	
8.51	-1.195	-0.7605	0.026	-0.7777725	NAN	
8.52	-1.185	-0.756	0.0285	-0.7775	NAN	
8.53	-1.18	-0.751	0.026	-0.7772275	NAN	
8.54	-1.17	-0.747	0.0315	-0.77694	NAN	
8.55	-1.16	-0.741	0.022	-0.7766725	NAN	
8.56	-1.155	-0.7355	0.033	-0.7763975	NAN	
8.57	-1.145	-0.7325	0.0245	-0.77611	NAN	
8.58	-1.14	-0.728	0.032	-0.7758275	NAN	
8.59	-1.13	-0.7225	0.0285	-0.775525	NAN	
8.6	-1.12	-0.7195	0.028	-0.7752425	NAN	
8.61	-1.115	-0.7135	0.029	-0.7749575	NAN	
8.62	-1.105	-0.709	0.0325	-0.77465	NAN	
8.63	-1.1	-0.704	0.025	-0.7743625	NAN	
8.64	-1.09	-0.6995	0.036	-0.7740575	NAN	
8.65	-1.08	-0.6945	0.023	-0.7737625	NAN	
8.66	-1.075	-0.69	0.0375	-0.77346	NAN	
8.67	-1.065	-0.6855	0.03	-0.7731225	NAN	
8.68	-1.06	-0.6805	0.031	-0.7728175	NAN	
8.69	-1.05	-0.6755	0.033	-0.7724975	NAN	
8.7	-1.04	-0.6705	0.0315	-0.772175	NAN	
8.71	-1.035	-0.6665	0.031	-0.7718625	NAN	
8.72	-1.025	-0.6615	0.0365	-0.771525	NAN	
8.73	-1.02	-0.657	0.0275	-0.771205	NAN	
8.74	-1.01	-0.652	0.04	-0.7708675	NAN	
8.75	-1	-0.648	0.027	-0.7705325	NAN	
8.76	-0.995	-0.6425	0.037	-0.7702125	NAN	
8.77	-0.985	-0.6385	0.0355	-0.76985	NAN	
8.78	-0.98	-0.6325	0.0325	-0.76951	NAN	
8.79	-0.97	-0.629	0.037	-0.7691625	NAN	
8.8	-0.96	-0.6245	0.036	-0.7687975	NAN	
8.81	-0.955	-0.62	0.0325	-0.768455	NAN	
8.82	-0.945	-0.615	0.041	-0.7680875	NAN	
8.83	-0.94	-0.6105	0.031	-0.7677275	NAN	
8.84	-0.93	-0.6065	0.0405	-0.76737	NAN	
8.85	-0.92	-0.6015	0.035	-0.7669925	NAN	
8.86	-0.915	-0.596	0.0385	-0.766625	NAN	
8.87	-0.905	-0.5925	0.041	-0.7662275	NAN	
8.88	-0.9	-0.5865	0.036	-0.7658425	NAN	
8.89	-0.89	-0.5825	0.038	-0.7654725	NAN	
8.9	-0.88	-0.578	0.041	-0.7650775	NAN	
8.91	-0.875	-0.5735	0.037	-0.7646875	NAN	
8.92	-0.865	-0.569	0.047	-0.7642675	NAN	
8.93	-0.86	-0.564	0.0375	-0.763845	NAN	
8.94	-0.85	-0.5595	0.0425	-0.763445	NAN	
8.95	-0.84	-0.5545	0.042	-0.7630225	NAN	
8.96	-0.835	-0.5495	0.0405	-0.76261	NAN	
8.97	-0.825	-0.5455	0.047	-0.7621725	NAN	
8.98	-0.82	-0.5405	0.0455	-0.76171	NAN	
8.99	-0.81	-0.536	0.0435	-0.761265	NAN	
9	-0.8	-0.5315	0.047	-0.7608125	NAN	
9.01	-0.795	-0.5275	0.044	-0.7603575	NAN	
9.02	-0.785	-0.5225	0.048	-0.7598975	NAN	
9.03	-0.78	-0.5175	0.0465	-0.759425	NAN	
9.04	-0.77	-0.513	0.0445	-0.75897	NAN	
9.05	-0.76	-0.5085	0.0475	-0.75851	NAN	
9.06	-0.755	-0.5035	0.0475	-0.758035	NAN	
9.07	-0.745	-0.499	0.0495	-0.75755	NAN	
9.08	-0.74	-0.4945	0.05	-0.7570525	NAN	
9.09	-0.73	-0.49	0.047	-0.7565675	NAN	
9.1	-0.72	-0.485	0.0495	-0.756085	NAN	
9.11	-0.715	-0.481	0.0535	-0.75557	NAN	
9.12	-0.705	-0.476	0.05	-0.7550525	NAN	
9.13	-0.7	-0.4715	0.055	-0.7545275	NAN	
9.14	-0.69	-0.467	0.0515	-0.753995	NAN	
9.15	-0.68	-0.4625	0.0525	-0.753475	NAN	
9.16	-0.675	-0.4575	0.056	-0.7529325	NAN	
9.17	-0.665	-0.4535	0.0565	-0.75237	NAN	
9.18	-0.66	-0.449	0.0545	-0.751815	NAN	
9.19	-0.65	-0.4445	0.058	-0.7512525	NAN	
9.2	-0.64	-0.4395	0.0505	-0.75071	NAN	
9.21	-0.635	-0.4355	0.0605	-0.750155	NAN	
9.22	-0.625	-0.4305	0.055	-0.7495775	NAN	
9.23	-0.62	-0.4265	0.0585	-0.74901	NAN	
9.24	-0.61	-0.422	0.059	-0.7484225	NAN	
9.25	-0.6	-0.418	0.057	-0.7478425	NAN	
9.26	-0.595	-0.413	0.06	-0.7472575	NAN	
9.27	-0.585	-0.409	0.0665	-0.746625	NAN	
9.28	-0.58	-0.405	0.055	-0.7460175	NAN	
9.29	-0.57	-0.4	0.068	-0.7454025	NAN	
9.3	-0.56	-0.3955	0.061	-0.7447575	NAN	
9.31	-0.555	-0.3915	0.067	-0.7441175	NAN	
9.32	-0.545	-0.3865	0.0665	-0.74345	NAN	
9.33	-0.54	-0.382	0.0645	-0.742795	NAN	
9.34	-0.53	-0.378	0.0655	-0.742145	NAN	
9.35	-0.52	-0.373	0.0685	-0.741475	NAN	
9.36	-0.515	-0.369	0.0645	-0.74081	NAN	
9.37	-0.505	-0.3645	0.078	-0.7400975	NAN	
9.38	-0.5	-0.36	0.0645	-0.739385	NAN	
9.39	-0.49	-0.356	0.0775	-0.738675	NAN	
9.4	-0.48	-0.3515	0.0675	-0.73795	NAN	
9.41	-0.475	-0.347	0.076	-0.7372325	NAN	
9.42	-0.465	-0.343	0.0765	-0.73647	NAN	
9.43	-0.46	-0.3385	0.0775	-0.7357	NAN	
9.44	-0.45	-0.334	0.0725	-0.73495	NAN	
9.45	-0.44	-0.33	0.0805	-0.734185	NAN	
9.46	-0.435	-0.3255	0.071	-0.7334275	NAN	
9.47	-0.425	-0.3215	0.087	-0.7326375	NAN	
9.48	-0.42	-0.317	0.0775	-0.731815	NAN	
9.49	-0.41	-0.313	0.0845	-0.731005	NAN	
9.5	-0.4	-0.3085	0.08	-0.7301825	NAN	
9.51	-0.395	-0.3045	0.0865	-0.72935	NAN	
9.52	-0.385	-0.2995	0.084	-0.7284975	NAN	
9.53	-0.38	-0.2955	0.092	-0.7276175	NAN	
9.54	-0.37	-0.2915	0.083	-0.7267425	NAN	
9.55	-0.36	-0.2875	0.0925	-0.725865	NAN	
9.56	-0.355	-0.283	0.087	-0.7249675	NAN	
9.57	-0.345	-0.279	0.0965	-0.72405	NAN	
9.58	-0.34	-0.2745	0.092	-0.7231075	NAN	
9.59	-0.33	-0.271	0.0985	-0.722155	NAN	
9.6	-0.32	-0.267	0.0885	-0.72122	NAN	
9.61	-0.315	-0.262	0.1015	-0.72027	NAN	
9.62	-0.305	-0.258	0.0935	-0.719295	NAN	
9.63	-0.3	-0.254	0.102	-0.7183175	NAN	
9.64	-0.29	-0.25	0.098	-0.7173175	NAN	
9.65	-0.28	-0.246	0.101	-0.7163225	NAN	
9.66	-0.275	-0.2415	0.1025	-0.715305	NAN	
9.67	-0.265	-0.2375	0.1105	-0.71424	NAN	
9.68	-0.26	-0.2345	0.101	-0.7131825	NAN	
9.69	-0.25	-0.23	0.1155	-0.7121	NAN	
9.7	-0.24	-0.2255	0.102	-0.7110125	NAN	
9.71	-0.235	-0.222	0.1155	-0.709925	NAN	
9.72	-0.225	-0.217	0.1145	-0.708775	NAN	
9.73	-0.22	-0.2135	0.1165	-0.70762	NAN	
9.74	-0.21	-0.2105	0.116	-0.7064575	NAN	
9.75	-0.2	-0.206	0.121	-0.7052725	NAN	
9.76	-0.195	-0.2015	0.114	-0.7040975	NAN	
9.77	-0.185	-0.1975	0.13	-0.7028775	NAN	
9.78	-0.18	-0.1945	0.1205	-0.701625	NAN	
9.79	-0.17	-0.1905	0.1285	-0.70038	NAN	
9.8	-0.16	-0.187	0.124	-0.6991175	NAN	
9.81	-0.155	-0.182	0.131	-0.6978425	NAN	
9.82	-0.145	-0.1785	0.129	-0.6965425	NAN	
9.83	-0.14	-0.1745	0.138	-0.6952075	NAN	
9.84	-0.13	-0.171	0.13	-0.6938675	NAN	
9.85	-0.12	-0.167	0.1395	-0.69252	NAN	
9.86	-0.115	-0.1625	0.135	-0.6911475	NAN	
9.87	-0.105	-0.1595	0.144	-0.6897525	NAN	
9.88	-0.1	-0.156	0.1415	-0.688325	NAN	
9.89	-0.09	-0.152	0.149	-0.6868725	NAN	
9.9	-0.08	-0.1475	0.1405	-0.685425	NAN	
9.91	-0.075	-0.1445	0.1545	-0.68395	NAN	
9.92	-0.065	-0.1405	0.1485	-0.682435	NAN	
9.93	-0.06	-0.137	0.1575	-0.680905	NAN	
9.94	-0.05	-0.133	0.155	-0.6793425	NAN	
9.95	-0.04	-0.13	0.157	-0.6777825	NAN	
9.96	-0.035	-0.1255	0.158	-0.6762075	NAN	
9.97	-0.025	-0.1225	0.169	-0.6745725	NAN	
9.98	-0.02	-0.119	0.159	-0.6729325	NAN	
9.99	-0.01	-0.115	0.173	-0.6712725	NAN	
10	0	-0.1125	0.1635	-0.66959	NAN	
10.01	0.005	-0.1085	0.1715	-0.667915	NAN	
10.02	0.015	-0.105	0.1735	-0.66619	NAN	
10.03	0.02	-0.1015	0.1765	-0.66444	NAN	
10.04	0.03	-0.0965	0.1745	-0.662685	NAN	
10.05	0.04	-0.094	0.1825	-0.6609	NAN	
10.06	0.045	-0.091	0.176	-0.6591075	NAN	
10.07	0.055	-0.087	0.19	-0.6572775	NAN	
10.08	0.06	-0.085	0.1855	-0.6554	NAN	
10.09	0.07	-0.08	0.1915	-0.653515	NAN	
10.1	0.08	-0.0765	0.1885	-0.651615	NAN	
10.11	0.085	-0.073	0.1985	-0.64968	NAN	
10.12	0.095	-0.0705	0.1935	-0.64772	NAN	
10.13	0.1	-0.0665	0.2035	-0.645735	NAN	
10.14	0.11	-0.063	0.2025	-0.643705	NAN	
10.15	0.12	-0.0595	0.205	-0.6416675	NAN	
10.16	0.125	-0.056	0.2055	-0.639615	NAN	
10.17	0.135	-0.053	0.217	-0.6375025	NAN	
10.18	0.14	-0.0495	0.2075	-0.63538	NAN	
10.19	0.15	-0.0465	0.2235	-0.633225	NAN	
10.2	0.16	-0.0445	0.2145	-0.631035	NAN	
10.21	0.165	-0.0395	0.2215	-0.628855	NAN	
10.22	0.175	-0.0365	0.226	-0.6266175	NAN	
10.23	0.18	-0.0335	0.231	-0.6243325	NAN	
10.24	0.19	-0.0305	0.2265	-0.622045	NAN	
10.25	0.2	-0.0265	0.2365	-0.61973	NAN	
10.26	0.205	-0.024	0.233	-0.6173825	NAN	
10.27	0.215	-0.0205	0.243	-0.6150025	NAN	
10.28	0.22	-0.0175	0.241	-0.6125825	NAN	
10.29	0.23	-0.014	0.251	-0.6101225	NAN	
10.3	0.24	-0.011	0.2415	-0.60766	NAN	
10.31	0.245	-0.0085	0.2565	-0.60517	NAN	
10.32	0.255	-0.005	0.2565	-0.602605	NAN	
10.33	0.26	-0.0015	0.258	-0.6000325	NAN	
10.34	0.27	0.0015	0.2605	-0.59744	NAN	
10.35	0.28	0.005	0.2685	-0.594795	NAN	
10.36	0.285	0.008	0.265	-0.5921275	NAN	
10.37	0.295	0.0105	0.28	-0.5894025	NAN	
10.38	0.3	0.014	0.271	-0.5866475	NAN	
10.39	0.31	0.0165	0.2785	-0.5839	NAN	
10.4	0.32	0.0195	0.279	-0.5811125	NAN	
10.41	0.325	0.023	0.285	-0.5782925	NAN	
10.42	0.335	0.0255	0.287	-0.5754325	NAN	
10.43	0.34	0.0285	0.2955	-0.57252	NAN	
10.44	0.35	0.031	0.2935	-0.569575	NAN	
10.45	0.36	0.0345	0.296	-0.5666275	NAN	
10.46	0.365	0.038	0.3	-0.5636475	NAN	
10.47	0.375	0.04	0.31	-0.5605975	NAN	
10.48	0.38	0.043	0.3015	-0.55754	NAN	
10.49	0.39	0.0455	0.317	-0.5544475	NAN	
10.5	0.4	0.0485	0.312	-0.5513025	NAN	
10.51	0.405	0.051	0.3185	-0.54815	NAN	
10.52	0.415	0.0535	0.3235	-0.54494	NAN	
10.53	0.42	0.0565	0.3305	-0.54167	NAN	
10.54	0.43	0.059	0.3265	-0.538385	NAN	
10.55	0.44	0.061	0.3355	-0.535075	NAN	
10.56	0.445	0.0635	0.337	-0.5317125	NAN	
10.57	0.455	0.0665	0.3445	-0.528305	NAN	
10.58	0.46	0.0685	0.343	-0.5248675	NAN	
10.59	0.47	0.0705	0.356	-0.5213725	NAN	
10.6	0.48	0.073	0.35	-0.5178425	NAN	
10.61	0.485	0.075	0.3595	-0.514295	NAN	
10.62	0.495	0.078	0.3655	-0.51067	NAN	
10.63	0.5	0.08	0.3695	-0.506995	NAN	
10.64	0.51	0.0825	0.3705	-0.503295	NAN	
10.65	0.52	0.0845	0.3805	-0.49954	NAN	
10.66	0.525	0.086	0.3805	-0.495735	NAN	
10.67	0.535	0.0885	0.3875	-0.491895	NAN	
10.68	0.54	0.0905	0.389	-0.4880125	NAN	
10.69	0.55	0.0925	0.403	-0.4840525	NAN	
10.7	0.56	0.094	0.3965	-0.480055	NAN	
10.71	0.565	0.096	0.407	-0.4760375	NAN	
10.72	0.575	0.098	0.4125	-0.47194	NAN	
10.73	0.58	0.0995	0.418	-0.4677875	NAN	
10.74	0.59	0.1015	0.4195	-0.4636	NAN	
10.75	0.6	0.103	0.429	-0.4593575	NAN	
10.76	0.605	0.1045	0.4325	-0.45505	NAN	
10.77	0.615	0.1065	0.44	-0.4506875	NAN	
10.78	0.62	0.108	0.4395	-0.44629	NAN	
10.79	0.63	0.1095	0.455	-0.4418175	NAN	
10.8	0.64	0.111	0.449	-0.4372975	NAN	
10.81	0.645	0.113	0.4575	-0.432765	NAN	
10.82	0.655	0.1145	0.4635	-0.42816	NAN	
10.83	0.66	0.116	0.472	-0.4234825	NAN	
10.84	0.67	0.118	0.4745	-0.41875	NAN	
10.85	0.68	0.119	0.4785	-0.413985	NAN	
10.86	0.685	0.121	0.4865	-0.40916	NAN	
10.87	0.695	0.1225	0.496	-0.4042475	NAN	
10.88	0.7	0.124	0.493	-0.3993025	NAN	
10.89	0.71	0.126	0.504	-0.3943175	NAN	
10.9	0.72	0.1275	0.507	-0.3892625	NAN	
10.91	0.725	0.129	0.516	-0.3841475	NAN	
10.92	0.735	0.131	0.5185	-0.378975	NAN	
10.93	0.74	0.1325	0.527	-0.3737475	NAN	
10.94	0.75	0.1345	0.532	-0.3684525	NAN	
10.95	0.76	0.136	0.5335	-0.363125	NAN	
10.96	0.765	0.1375	0.538	-0.3577675	NAN	
10.97	0.775	0.1395	0.5505	-0.352325	NAN	
10.98	0.78	0.1415	0.549	-0.3468275	NAN	
10.99	0.79	0.1435	0.5575	-0.341295	NAN	
11	0.8	0.145	0.557	-0.3357225	NAN	
11.01	0.805	0.147	0.57	-0.3300875	NAN	
11.02	0.815	0.149	0.572	-0.3243775	NAN	
11.03	0.82	0.151	0.575	-0.3186425	NAN	
11.04	0.83	0.153	0.5815	-0.31286	NAN	
11.05	0.84	0.155	0.5895	-0.307005	NAN	
11.06	0.845	0.157	0.588	-0.3011175	NAN	
11.07	0.855	0.159	0.596	-0.2951975	NAN	
11.08	0.86	0.1615	0.5995	-0.28922	NAN	
11.09	0.87	0.1635	0.61	-0.2831725	NAN	
11.1	0.88	0.1655	0.605	-0.2770975	NAN	
11.11	0.885	0.168	0.611	-0.2710175	NAN	
11.12	0.895	0.1705	0.6175	-0.264875	NAN	
11.13	0.9	0.173	0.6265	-0.258655	NAN	
11.14	0.91	0.1755	0.6275	-0.252385	NAN	
11.15	0.92	0.178	0.627	-0.2461125	NAN	
11.16	0.925	0.1805	0.6315	-0.23982	NAN	
11.17	0.935	0.1835	0.6445	-0.23344	NAN	
11.18	0.94	0.186	0.6395	-0.22702	NAN	
11.19	0.95	0.189	0.6445	-0.2206	NAN	
11.2	0.96	0.1915	0.6435	-0.21416	NAN	
11.21	0.965	0.195	0.6515	-0.207685	NAN	
11.22	0.975	0.1975	0.6535	-0.20116	NAN	
11.23	0.98	0.201	0.653	-0.1946275	NAN	
11.24	0.99	0.204	0.658	-0.1880725	NAN	
11.25	1	0.2075	0.661	-0.1814775	NAN	
11.26	1.005	0.211	0.662	-0.1748625	NAN	
11.27	1.015	0.2145	0.666	-0.1682225	NAN	
11.28	1.02	0.2185	0.662	-0.1615825	NAN	
11.29	1.03	0.222	0.673	-0.1549075	NAN	
11.3	1.04	0.226	0.6655	-0.148215	NAN	
11.31	1.045	0.23	0.6695	-0.14154	NAN	
11.32	1.055	0.2345	0.67	-0.1348425	NAN	
11.33	1.06	0.239	0.674	-0.1281225	NAN	
11.34	1.07	0.243	0.6735	-0.121385	NAN	
11.35	1.08	0.248	0.6695	-0.11467	NAN	
11.36	1.085	0.253	0.6675	-0.107985	NAN	
11.37	1.095	0.258	0.676	-0.1012675	NAN	
11.38	1.1	0.263	0.671	-0.0945325	NAN	
11.39	1.11	0.269	0.6705	-0.087825	NAN	
11.4	1.12	0.2745	0.6595	-0.081175	NAN	
11.41	1.125	0.2805	0.666	-0.0745475	NAN	
11.42	1.135	0.2865	0.6655	-0.06789	NAN	
11.43	1.14	0.293	0.661	-0.0612575	NAN	
11.44	1.15	0.2995	0.653	-0.0546875	NAN	
11.45	1.16	0.3065	0.651	-0.0481675	NAN	
11.46	1.165	0.3135	0.649	-0.0416675	NAN	
11.47	1.175	0.3205	0.649	-0.0351775	NAN	
11.48	1.18	0.3285	0.635	-0.0287575	NAN	
11.49	1.19	0.336	0.6365	-0.0224	NAN	
11.5	1.2	0.3435	0.6285	-0.016075	NAN	
11.51	1.205	0.352	0.6275	-0.009795	NAN	
11.52	1.215	0.36	0.617	-0.0035725	NAN	
11.53	1.22	0.369	0.6125	0.002575	NAN	
11.54	1.23	0.3775	0.606	0.0086675	NAN	
11.55	1.24	0.3865	0.5985	0.01469	NAN	
11.56	1.245	0.396	0.5895	0.02063	NAN	
11.57	1.255	0.4055	0.588	0.0265175	NAN	
11.58	1.26	0.415	0.5755	0.032335	NAN	
11.59	1.27	0.425	0.5695	0.03806	NAN	
11.6	1.28	0.4355	0.5505	0.04366	NAN	
11.61	1.285	0.4455	0.55	0.0491625	NAN	
11.62	1.295	0.4565	0.539	0.0546075	NAN	
11.63	1.3	0.4675	0.5265	0.059935	NAN	
11.64	1.31	0.4785	0.5145	0.06514	NAN	
11.65	1.32	0.49	0.507	0.0702475	NAN	
11.66	1.325	0.502	0.4935	0.07525	NAN	
11.67	1.335	0.514	0.485	0.0801425	NAN	
11.68	1.34	0.526	0.469	0.0849125	NAN	
11.69	1.35	0.5385	0.4635	0.089575	NAN	
11.7	1.36	0.5515	0.4385	0.094085	NAN	
11.71	1.365	0.564	0.4335	0.098445	NAN	
11.72	1.375	0.577	0.422	0.1027225	NAN	
11.73	1.38	0.5905	0.4065	0.106865	NAN	
11.74	1.39	0.604	0.3875	0.110835	NAN	
11.75	1.4	0.6175	0.379	0.1146675	NAN	
11.76	1.405	0.631	0.362	0.1183725	NAN	
11.77	1.415	0.645	0.351	0.1219375	NAN	
11.78	1.42	0.6585	0.332	0.1253525	NAN	
11.79	1.43	0.672	0.325	0.1286375	NAN	
11.8	1.44	0.686	0.298	0.1317525	NAN	
11.81	1.445	0.6995	0.2965	0.134725	NAN	
11.82	1.455	0.713	0.2785	0.1376	NAN	
11.83	1.46	0.7265	0.264	0.1403125	NAN	
11.84	1.47	0.74	0.2505	0.142885	NAN	
11.85	1.48	0.7535	0.239	0.1453325	NAN	
11.86	1.485	0.766	0.2215	0.147635	NAN	
11.87	1.495	0.7785	0.221	0.1498475	NAN	
11.88	1.5	0.791	0.2015	0.15196	NAN	
11.89	1.51	0.8025	0.193	0.1539325	NAN	
11.9	1.52	0.8145	0.1785	0.15579	NAN	
11.91	1.525	0.826	0.172	0.1575425	NAN	
11.92	1.535	0.837	0.162	0.1592125	NAN	
11.93	1.54	0.8475	0.1565	0.160805	NAN	
11.94	1.55	0.858	0.139	0.1622825	NAN	
11.95	1.56	0.868	0.141	0.1636825	NAN	
11.96	1.565	0.8775	0.1265	0.16502	NAN	
11.97	1.575	0.887	0.127	0.1662875	NAN	
11.98	1.58	0.896	0.116	0.1675025	NAN	
11.99	1.59	0.905	0.1115	0.16864	NAN	
12	1.6	0.913	0.102	0.1697075	NAN	
12.01	1.605	0.9215	0.1035	0.170735	NAN	
12.02	1.615	0.9295	0.0915	0.17171	NAN	
12.03	1.62	0.937	0.095	0.1726425	NAN	
12.04	1.63	0.944	0.082	0.1735275	NAN	
12.05	1.64	0.9515	0.0845	0.17436	NAN	
12.06	1.645	0.958	0.078	0.1751725	NAN	
12.07	1.655	0.9655	0.079	0.1759575	NAN	
12.08	1.66	0.9715	0.073	0.1767175	NAN	
12.09	1.67	0.978	0.073	0.1774475	NAN	
12.1	1.68	0.9845	0.0655	0.17814	NAN	
12.11	1.685	0.991	0.072	0.1788275	NAN	
12.12	1.695	0.9965	0.0615	0.179495	NAN	
12.13	1.7	1.003	0.067	0.1801375	NAN	
12.14	1.71	1.0085	0.0565	0.180755	NAN	
12.15	1.72	1.014	0.063	0.1813525	NAN	
12.16	1.725	1.0195	0.056	0.1819475	NAN	
12.17	1.735	1.02	0.06	0.1825275	NAN	
12.18	1.74	1.02	0.0535	0.183095	NAN	
12.19	1.75	1.02	0.055	0.1836375	NAN	
12.2	1.76	1.02	0.0505	0.184165	NAN	
12.21	1.765	1.02	0.0565	0.1847	NAN	
12.22	1.775	1.02	0.0485	0.185225	NAN	
12.23	1.78	1.02	0.0555	0.185745	NAN	
12.24	1.79	1.02	0.0455	0.18625	NAN	
12.25	1.8	1.02	0.0535	0.186745	NAN	
12.26	1.805	1.02	0.0455	0.18724	NAN	
12.27	1.815	1.02	0.0535	0.187735	NAN	
12.28	1.82	1.02	0.044	0.1882225	NAN	
12.29	1.83	1.02	0.0475	0.18868	NAN	
12.3	1.84	1.02	0.044	0.1891375	NAN	
12.31	1.845	1.02	0.048	0.1895975	NAN	
12.32	1.855	1.02	0.0435	0.190055	NAN	
12.33	1.86	1.02	0.048	0.1905125	NAN	
12.34	1.87	1.02	0.037	0.1909375	NAN	
12.35	1.88	1.02	0.048	0.1913625	NAN	
12.36	1.885	1.02	0.0375	0.19179	NAN	
12.37	1.895	1.02	0.0485	0.19222	NAN	
12.38	1.9	1.02	0.039	0.1926575	NAN	
12.39	1.91	1.02	-0.003	0.1928375	NAN	
12.4	1.92	1.02	0.046	0.1930525	NAN	
12.41	1.925	1.02	-0.0025	0.19327	NAN	
12.42	1.935	1.02	0.0215	0.193365	NAN	
12.43	1.94	1.02	0	0.1934725	NAN	
12.44	1.95	1.02	0.01	0.1935225	NAN	
12.45	1.96	1.02	0.001	0.1935775	NAN	
12.46	1.965	1.02	0.019	0.1936775	NAN	
12.47	1.975	1.02	-0.0035	0.193755	NAN	
12.48	1.98	1.02	0.0135	0.193805	NAN	
12.49	1.99	1.02	-0.004	0.1938525	NAN	
12.5	2	1.02	0.007	0.1938675	NAN	
