MIN=0	-10	-1	-1	-2	0	
MAX=12.5	10	1	1	2	50	
SCALE=5	5	0.5	0.5	1	10	
DEC=2	2	3	3	2	2	
DEF="Time" t / s	"Voltage" U_1 / V	"Current" I_1 / A	"Voltage" U_B2 / V	"Magnetic Flux" &F / Vs	"Frequency" f / Hz	
0	0	0.001	-0.004	0	NAN	
0.01	0.005	0.0015	0.0045	2.5E-6	NAN	
0.02	0.015	0.002	0.0125	8.75E-5	NAN	
0.03	0.02	0.0035	0.023	0.000265	NAN	
0.04	0.03	0.0055	0.0145	0.0004525	NAN	
0.05	0.04	0.008	0.021	0.00063	NAN	
0.06	0.045	0.0105	0.0305	0.0008875	NAN	
0.07	0.055	0.013	0.034	0.00121	NAN	
0.08	0.06	0.016	0.024	0.0015	NAN	
0.09	0.07	0.0195	0.0395	0.0018175	NAN	
0.1	0.08	0.0225	0.035	0.00219	NAN	
0.11	0.085	0.026	0.039	0.00256	NAN	
0.12	0.095	0.0295	0.0425	0.0029675	NAN	
0.13	0.1	0.0335	0.0455	0.0034075	NAN	
0.14	0.11	0.037	0.0495	0.0038825	NAN	
0.15	0.12	0.041	0.0455	0.0043575	NAN	
0.16	0.125	0.0445	0.0505	0.0048375	NAN	
0.17	0.135	0.048	0.0545	0.0053625	NAN	
0.18	0.14	0.0525	0.0535	0.0059025	NAN	
0.19	0.15	0.059	0.054	0.00644	NAN	
0.2	0.16	0.061	0.0455	0.0069375	NAN	
0.21	0.165	0.0645	0.061	0.00747	NAN	
0.22	0.175	0.069	0.0595	0.0080725	NAN	
0.23	0.18	0.073	0.051	0.008625	NAN	
0.24	0.19	0.0775	0.0585	0.0091725	NAN	
0.25	0.2	0.0815	0.063	0.00978	NAN	
0.26	0.205	0.0855	0.0635	0.0104125	NAN	
0.27	0.215	0.09	0.0635	0.0110475	NAN	
0.28	0.22	0.094	0.068	0.011705	NAN	
0.29	0.23	0.0985	0.0685	0.0123875	NAN	
0.3	0.24	0.103	0.067	0.013065	NAN	
0.31	0.245	0.107	0.07	0.01375	NAN	
0.32	0.255	0.1115	0.0745	0.0144725	NAN	
0.33	0.26	0.116	0.0705	0.0151975	NAN	
0.34	0.27	0.1205	0.0755	0.0159275	NAN	
0.35	0.28	0.125	0.074	0.016675	NAN	
0.36	0.285	0.1295	0.0795	0.0174425	NAN	
0.37	0.295	0.134	0.072	0.0182	NAN	
0.38	0.3	0.138	0.0755	0.0189375	NAN	
0.39	0.31	0.1425	0.08	0.019715	NAN	
0.4	0.32	0.1465	0.079	0.02051	NAN	
0.41	0.325	0.1515	0.078	0.021295	NAN	
0.42	0.335	0.1555	0.0805	0.0220875	NAN	
0.43	0.34	0.1595	0.0825	0.0229025	NAN	
0.44	0.35	0.164	0.091	0.02377	NAN	
0.45	0.36	0.1685	0.078	0.024615	NAN	
0.46	0.365	0.1725	0.087	0.02544	NAN	
0.47	0.375	0.177	0.088	0.026315	NAN	
0.48	0.38	0.181	0.0895	0.0272025	NAN	
0.49	0.39	0.1855	0.086	0.02808	NAN	
0.5	0.4	0.19	0.0915	0.0289675	NAN	
0.51	0.405	0.194	0.0905	0.0298775	NAN	
0.52	0.415	0.1985	0.095	0.030805	NAN	
0.53	0.42	0.203	0.089	0.031725	NAN	
0.54	0.43	0.207	0.1025	0.0326825	NAN	
0.55	0.44	0.2115	0.0935	0.0336625	NAN	
0.56	0.445	0.2155	0.096	0.03461	NAN	
0.57	0.455	0.22	0.095	0.035565	NAN	
0.58	0.46	0.224	0.1035	0.0365575	NAN	
0.59	0.47	0.2285	0.0975	0.0375625	NAN	
0.6	0.48	0.2325	0.097	0.038535	NAN	
0.61	0.485	0.237	0.0985	0.0395125	NAN	
0.62	0.495	0.241	0.1135	0.0405725	NAN	
0.63	0.5	0.2455	0.0995	0.0416375	NAN	
0.64	0.51	0.2495	0.1055	0.0426625	NAN	
0.65	0.52	0.254	0.101	0.043695	NAN	
0.66	0.525	0.258	0.1105	0.0447525	NAN	
0.67	0.535	0.2625	0.103	0.04582	NAN	
0.68	0.54	0.2665	0.1205	0.0469375	NAN	
0.69	0.55	0.2705	0.1095	0.0480875	NAN	
0.7	0.56	0.275	0.111	0.04919	NAN	
0.71	0.565	0.2795	0.1055	0.0502725	NAN	
0.72	0.575	0.2835	0.125	0.051425	NAN	
0.73	0.58	0.288	0.112	0.05261	NAN	
0.74	0.59	0.292	0.1155	0.0537475	NAN	
0.75	0.6	0.2965	0.112	0.054885	NAN	
0.76	0.605	0.3005	0.124	0.056065	NAN	
0.77	0.615	0.305	0.115	0.05726	NAN	
0.78	0.62	0.3095	0.122	0.058445	NAN	
0.79	0.63	0.3135	0.12	0.059655	NAN	
0.8	0.64	0.318	0.123	0.06087	NAN	
0.81	0.645	0.3225	0.1165	0.0620675	NAN	
0.82	0.655	0.3265	0.1295	0.0632975	NAN	
0.83	0.66	0.331	0.12	0.064545	NAN	
0.84	0.67	0.3355	0.128	0.065785	NAN	
0.85	0.68	0.3395	0.123	0.06704	NAN	
0.86	0.685	0.3445	0.1325	0.0683175	NAN	
0.87	0.695	0.3485	0.125	0.069605	NAN	
0.88	0.7	0.353	0.128	0.07087	NAN	
0.89	0.71	0.3575	0.1275	0.0721475	NAN	
0.9	0.72	0.362	0.135	0.07346	NAN	
0.91	0.725	0.3665	0.125	0.07476	NAN	
0.92	0.735	0.3715	0.1345	0.0760575	NAN	
0.93	0.74	0.3755	0.129	0.077375	NAN	
0.94	0.75	0.3805	0.1385	0.0787125	NAN	
0.95	0.76	0.3855	0.126	0.080035	NAN	
0.96	0.765	0.39	0.1385	0.0813575	NAN	
0.97	0.775	0.3945	0.134	0.08272	NAN	
0.98	0.78	0.3995	0.133	0.084055	NAN	
0.99	0.79	0.4045	0.1305	0.0853725	NAN	
1	0.8	0.4095	0.1415	0.0867325	NAN	
1.01	0.805	0.4145	0.133	0.088105	NAN	
1.02	0.815	0.4195	0.139	0.089465	NAN	
1.03	0.82	0.4245	0.129	0.090805	NAN	
1.04	0.83	0.4295	0.141	0.092155	NAN	
1.05	0.84	0.4345	0.1285	0.0935025	NAN	
1.06	0.845	0.44	0.135	0.09482	NAN	
1.07	0.855	0.445	0.131	0.09615	NAN	
1.08	0.86	0.4505	0.139	0.0975	NAN	
1.09	0.87	0.456	0.1295	0.0988425	NAN	
1.1	0.88	0.461	0.1305	0.1001425	NAN	
1.11	0.885	0.4665	0.127	0.10143	NAN	
1.12	0.895	0.472	0.1395	0.1027625	NAN	
1.13	0.9	0.4775	0.1245	0.1040825	NAN	
1.14	0.91	0.483	0.132	0.105365	NAN	
1.15	0.92	0.4885	0.1245	0.1066475	NAN	
1.16	0.925	0.494	0.132	0.10793	NAN	
1.17	0.935	0.4995	0.122	0.1092	NAN	
1.18	0.94	0.505	0.1275	0.1104475	NAN	
1.19	0.95	0.511	0.1235	0.1117025	NAN	
1.2	0.96	0.5165	0.1265	0.1129525	NAN	
1.21	0.965	0.522	0.116	0.114165	NAN	
1.22	0.975	0.5275	0.129	0.11539	NAN	
1.23	0.98	0.5335	0.116	0.116615	NAN	
1.24	0.99	0.5395	0.1185	0.1177875	NAN	
1.25	1	0.545	0.11	0.11893	NAN	
1.26	1.005	0.5505	0.121	0.120085	NAN	
1.27	1.015	0.5565	0.1115	0.1212475	NAN	
1.28	1.02	0.562	0.114	0.122375	NAN	
1.29	1.03	0.568	0.108	0.123485	NAN	
1.3	1.04	0.5735	0.1125	0.1245875	NAN	
1.31	1.045	0.579	0.103	0.125665	NAN	
1.32	1.055	0.585	0.1125	0.1267425	NAN	
1.33	1.06	0.5905	0.103	0.12782	NAN	
1.34	1.07	0.5965	0.1085	0.1288775	NAN	
1.35	1.08	0.602	0.0955	0.1298975	NAN	
1.36	1.085	0.608	0.106	0.130905	NAN	
1.37	1.095	0.6135	0.1005	0.1319375	NAN	
1.38	1.1	0.619	0.0985	0.1329325	NAN	
1.39	1.11	0.625	0.0925	0.1338875	NAN	
1.4	1.12	0.6305	0.0995	0.1348475	NAN	
1.41	1.125	0.636	0.0935	0.1358125	NAN	
1.42	1.135	0.642	0.0965	0.1367625	NAN	
1.43	1.14	0.6475	0.0865	0.1376775	NAN	
1.44	1.15	0.653	0.098	0.1386	NAN	
1.45	1.16	0.6585	0.085	0.139515	NAN	
1.46	1.165	0.664	0.089	0.140385	NAN	
1.47	1.175	0.67	0.0845	0.1412525	NAN	
1.48	1.18	0.6755	0.091	0.14213	NAN	
1.49	1.19	0.681	0.082	0.142995	NAN	
1.5	1.2	0.6865	0.083	0.14382	NAN	
1.51	1.205	0.692	0.0805	0.1446375	NAN	
1.52	1.215	0.6975	0.089	0.145485	NAN	
1.53	1.22	0.703	0.075	0.146305	NAN	
1.54	1.23	0.7085	0.083	0.147095	NAN	
1.55	1.24	0.714	0.076	0.14789	NAN	
1.56	1.245	0.7195	0.082	0.14868	NAN	
1.57	1.255	0.725	0.0735	0.1494575	NAN	
1.58	1.26	0.7305	0.078	0.150215	NAN	
1.59	1.27	0.736	0.0765	0.1509875	NAN	
1.6	1.28	0.741	0.076	0.15175	NAN	
1.61	1.285	0.7465	0.066	0.15246	NAN	
1.62	1.295	0.7515	0.076	0.15317	NAN	
1.63	1.3	0.757	0.07	0.1539	NAN	
1.64	1.31	0.762	0.075	0.154625	NAN	
1.65	1.32	0.7675	0.062	0.15531	NAN	
1.66	1.325	0.773	0.0715	0.1559775	NAN	
1.67	1.335	0.778	0.0715	0.1566925	NAN	
1.68	1.34	0.7835	0.072	0.15741	NAN	
1.69	1.35	0.789	0.0625	0.1580825	NAN	
1.7	1.36	0.794	0.066	0.158725	NAN	
1.71	1.365	0.7995	0.0655	0.1593825	NAN	
1.72	1.375	0.8045	0.073	0.160075	NAN	
1.73	1.38	0.81	0.0605	0.1607425	NAN	
1.74	1.39	0.8155	0.0675	0.1613825	NAN	
1.75	1.4	0.8205	0.0615	0.1620275	NAN	
1.76	1.405	0.826	0.0665	0.1626675	NAN	
1.77	1.415	0.831	0.0595	0.1632975	NAN	
1.78	1.42	0.836	0.065	0.16392	NAN	
1.79	1.43	0.8415	0.0625	0.1645575	NAN	
1.8	1.44	0.8465	0.0615	0.1651775	NAN	
1.81	1.445	0.852	0.0565	0.1657675	NAN	
1.82	1.455	0.8575	0.066	0.16638	NAN	
1.83	1.46	0.8625	0.0595	0.1670075	NAN	
1.84	1.47	0.8675	0.0615	0.1676125	NAN	
1.85	1.48	0.873	0.053	0.168185	NAN	
1.86	1.485	0.879	0.063	0.168765	NAN	
1.87	1.495	0.8835	0.0605	0.1693825	NAN	
1.88	1.5	0.8885	0.058	0.169975	NAN	
1.89	1.51	0.8935	0.053	0.17053	NAN	
1.9	1.52	0.899	0.059	0.17109	NAN	
1.91	1.525	0.904	0.056	0.171665	NAN	
1.92	1.535	0.9095	0.059	0.17224	NAN	
1.93	1.54	0.9145	0.05	0.172785	NAN	
1.94	1.55	0.9195	0.061	0.17334	NAN	
1.95	1.56	0.925	0.0525	0.1739075	NAN	
1.96	1.565	0.93	0.0545	0.1744425	NAN	
1.97	1.575	0.935	0.052	0.174975	NAN	
1.98	1.58	0.9405	0.057	0.17552	NAN	
1.99	1.59	0.9455	0.0525	0.1760675	NAN	
2	1.6	0.9505	0.0515	0.1765875	NAN	
2.01	1.605	0.9555	0.049	0.17709	NAN	
2.02	1.615	0.9605	0.057	0.17762	NAN	
2.03	1.62	0.9655	0.047	0.17814	NAN	
2.04	1.63	0.9705	0.052	0.178635	NAN	
2.05	1.64	0.9755	0.0465	0.1791275	NAN	
2.06	1.645	0.9805	0.054	0.17963	NAN	
2.07	1.655	0.9855	0.047	0.180135	NAN	
2.08	1.66	0.9905	0.048	0.18061	NAN	
2.09	1.67	0.995	0.0485	0.1810925	NAN	
2.1	1.68	1	0.051	0.18159	NAN	
2.11	1.685	1.005	0.0445	0.1820675	NAN	
2.12	1.695	1.01	0.048	0.18253	NAN	
2.13	1.7	1.015	0.0445	0.1829925	NAN	
2.14	1.71	1.0195	0.0525	0.1834775	NAN	
2.15	1.72	1.02	0.041	0.183945	NAN	
2.16	1.725	1.02	0.045	0.184375	NAN	
2.17	1.735	1.02	0.0455	0.1848275	NAN	
2.18	1.74	1.02	0.0505	0.1853075	NAN	
2.19	1.75	1.02	0.043	0.185775	NAN	
2.2	1.76	1.02	0.0415	0.1861975	NAN	
2.21	1.765	1.02	0.0425	0.1866175	NAN	
2.22	1.775	1.02	0.0515	0.1870875	NAN	
2.23	1.78	1.02	0.04	0.187545	NAN	
2.24	1.79	1.02	0.044	0.187965	NAN	
2.25	1.8	1.02	0.0395	0.1883825	NAN	
2.26	1.805	1.02	0.0485	0.1888225	NAN	
2.27	1.815	1.02	0.042	0.189275	NAN	
2.28	1.82	1.02	0.042	0.189695	NAN	
2.29	1.83	1.02	0.04	0.190105	NAN	
2.3	1.84	1.02	0.046	0.190535	NAN	
2.31	1.845	1.02	0.039	0.19096	NAN	
2.32	1.855	1.02	0.0445	0.1913775	NAN	
2.33	1.86	1.02	0.039	0.191795	NAN	
2.34	1.87	1.02	0.047	0.192225	NAN	
2.35	1.88	1.02	0.0375	0.1926475	NAN	
2.36	1.885	1.02	0.041	0.19304	NAN	
2.37	1.895	1.02	0.0115	0.1933025	NAN	
2.38	1.9	1.02	-0.005	0.193335	NAN	
2.39	1.91	1.02	0.004	0.19333	NAN	
2.4	1.92	1.02	-0.0055	0.1933225	NAN	
2.41	1.925	1.02	0.0125	0.1933575	NAN	
2.42	1.935	1.02	-0.009	0.193375	NAN	
2.43	1.94	1.02	0.0045	0.1933525	NAN	
2.44	1.95	1.02	-0.006	0.193345	NAN	
2.45	1.96	1.02	0.01	0.193365	NAN	
2.46	1.965	1.02	-0.006	0.193385	NAN	
2.47	1.975	1.02	0.01	0.193405	NAN	
2.48	1.98	1.02	-0.0025	0.1934425	NAN	
2.49	1.99	1.02	0.0155	0.1935075	NAN	
2.5	2	1.02	-0.0115	0.1935275	NAN	
2.51	1.995	1.02	0.009	0.193515	NAN	
2.52	1.985	1.02	-0.0085	0.1935175	NAN	
2.53	1.98	1.02	0.01	0.193525	NAN	
2.54	1.97	1.02	-0.01	0.193525	NAN	
2.55	1.96	1.02	0.01	0.193525	NAN	
2.56	1.955	1.02	0.003	0.19359	NAN	
2.57	1.945	1.02	0.0125	0.1936675	NAN	
2.58	1.94	1.02	-0.007	0.193695	NAN	
2.59	1.93	1.02	0.013	0.193725	NAN	
2.6	1.92	1.02	-0.0005	0.1937875	NAN	
2.61	1.915	1.02	0.005	0.19381	NAN	
2.62	1.905	1.02	-0.0045	0.1938125	NAN	
2.63	1.9	1.02	0.016	0.19387	NAN	
2.64	1.89	1.02	-0.003	0.193935	NAN	
2.65	1.88	1.02	0.014	0.19399	NAN	
2.66	1.875	1.02	0.002	0.19407	NAN	
2.67	1.865	1.02	0.011	0.194135	NAN	
2.68	1.86	1.02	-0.007	0.194155	NAN	
2.69	1.85	1.02	0.003	0.194135	NAN	
2.7	1.84	1.02	0.0035	0.1941675	NAN	
2.71	1.835	1.02	-0.005	0.19416	NAN	
2.72	1.825	1.02	-0.0075	0.1940975	NAN	
2.73	1.82	1.02	-0.0085	0.1940175	NAN	
2.74	1.81	1.02	-0.0065	0.1939425	NAN	
2.75	1.8	1.02	-0.0145	0.1938375	NAN	
2.76	1.795	1.02	-0.009	0.19372	NAN	
2.77	1.785	1.02	-0.013	0.19361	NAN	
2.78	1.78	1.02	-0.0115	0.1934875	NAN	
2.79	1.77	1.02	-0.019	0.193335	NAN	
2.8	1.76	1.02	-0.0075	0.1932025	NAN	
2.81	1.755	1.02	-0.016	0.193085	NAN	
2.82	1.745	1.02	-0.0165	0.1929225	NAN	
2.83	1.74	1.02	-0.0155	0.1927625	NAN	
2.84	1.73	1.02	-0.0115	0.1926275	NAN	
2.85	1.72	1.02	-0.0185	0.1924775	NAN	
2.86	1.715	1.02	-0.014	0.192315	NAN	
2.87	1.705	1.02	-0.0155	0.1921675	NAN	
2.88	1.7	1.02	-0.015	0.192015	NAN	
2.89	1.69	1.02	-0.023	0.191825	NAN	
2.9	1.68	1.02	-0.0095	0.1916625	NAN	
2.91	1.675	1.02	-0.014	0.191545	NAN	
2.92	1.665	1.02	-0.0175	0.1913875	NAN	
2.93	1.66	1.02	-0.023	0.191185	NAN	
2.94	1.65	1.02	-0.013	0.191005	NAN	
2.95	1.64	1.02	-0.025	0.190815	NAN	
2.96	1.635	1.02	-0.012	0.19063	NAN	
2.97	1.625	1.018	-0.023	0.190455	NAN	
2.98	1.62	1.0135	-0.022	0.19023	NAN	
2.99	1.61	1.0085	-0.024	0.19	NAN	
3	1.6	1.004	-0.0125	0.1898175	NAN	
3.01	1.595	0.9995	-0.019	0.18966	NAN	
3.02	1.585	0.995	-0.019	0.18947	NAN	
3.03	1.58	0.9905	-0.0195	0.1892775	NAN	
3.04	1.57	0.986	-0.014	0.18911	NAN	
3.05	1.56	0.9815	-0.0225	0.1889275	NAN	
3.06	1.555	0.9765	-0.019	0.18872	NAN	
3.07	1.545	0.972	-0.0195	0.1885275	NAN	
3.08	1.54	0.967	-0.0175	0.1883425	NAN	
3.09	1.53	0.9625	-0.025	0.18813	NAN	
3.1	1.52	0.9575	-0.015	0.18793	NAN	
3.11	1.515	0.953	-0.021	0.18775	NAN	
3.12	1.505	0.948	-0.023	0.18753	NAN	
3.13	1.5	0.943	-0.022	0.187305	NAN	
3.14	1.49	0.938	-0.021	0.18709	NAN	
3.15	1.48	0.9335	-0.0225	0.1868725	NAN	
3.16	1.475	0.9285	-0.0215	0.1866525	NAN	
3.17	1.465	0.924	-0.023	0.18643	NAN	
3.18	1.46	0.9195	-0.017	0.18623	NAN	
3.19	1.45	0.9145	-0.029	0.186	NAN	
3.2	1.44	0.9095	-0.017	0.18577	NAN	
3.21	1.435	0.905	-0.024	0.185565	NAN	
3.22	1.425	0.9	-0.025	0.18532	NAN	
3.23	1.42	0.895	-0.026	0.185065	NAN	
3.24	1.41	0.89	-0.018	0.184845	NAN	
3.25	1.4	0.8855	-0.026	0.184625	NAN	
3.26	1.395	0.8805	-0.019	0.1844	NAN	
3.27	1.385	0.876	-0.027	0.18417	NAN	
3.28	1.38	0.871	-0.0175	0.1839475	NAN	
3.29	1.37	0.8665	-0.028	0.18372	NAN	
3.3	1.36	0.8615	-0.0195	0.1834825	NAN	
3.31	1.355	0.857	-0.024	0.183265	NAN	
3.32	1.345	0.852	-0.0235	0.1830275	NAN	
3.33	1.34	0.847	-0.028	0.18277	NAN	
3.34	1.33	0.8425	-0.0225	0.1825175	NAN	
3.35	1.32	0.8375	-0.0225	0.1822925	NAN	
3.36	1.315	0.8325	-0.027	0.182045	NAN	
3.37	1.305	0.828	-0.029	0.181765	NAN	
3.38	1.3	0.823	-0.0185	0.1815275	NAN	
3.39	1.29	0.8185	-0.0295	0.1812875	NAN	
3.4	1.28	0.8135	-0.024	0.18102	NAN	
3.41	1.275	0.8085	-0.0265	0.1807675	NAN	
3.42	1.265	0.804	-0.025	0.18051	NAN	
3.43	1.26	0.7995	-0.028	0.180245	NAN	
3.44	1.25	0.795	-0.0225	0.1799925	NAN	
3.45	1.24	0.79	-0.0245	0.1797575	NAN	
3.46	1.235	0.7855	-0.0235	0.1795175	NAN	
3.47	1.225	0.7805	-0.031	0.179245	NAN	
3.48	1.22	0.7765	-0.021	0.178985	NAN	
3.49	1.21	0.7715	-0.03	0.17873	NAN	
3.5	1.2	0.7665	-0.0265	0.1784475	NAN	
3.51	1.195	0.762	-0.0285	0.1781725	NAN	
3.52	1.185	0.7575	-0.025	0.177905	NAN	
3.53	1.18	0.7525	-0.031	0.177625	NAN	
3.54	1.17	0.748	-0.0295	0.1773225	NAN	
3.55	1.16	0.743	-0.0275	0.1770375	NAN	
3.56	1.155	0.7385	-0.027	0.176765	NAN	
3.57	1.145	0.734	-0.035	0.176455	NAN	
3.58	1.14	0.729	-0.026	0.17615	NAN	
3.59	1.13	0.7245	-0.0295	0.1758725	NAN	
3.6	1.12	0.7195	-0.0255	0.1755975	NAN	
3.61	1.115	0.715	-0.0345	0.1752975	NAN	
3.62	1.105	0.7105	-0.0285	0.1749825	NAN	
3.63	1.1	0.7055	-0.0325	0.1746775	NAN	
3.64	1.09	0.701	-0.042	0.174305	NAN	
3.65	1.08	0.696	-0.027	0.17396	NAN	
3.66	1.075	0.6915	-0.025	0.1737	NAN	
3.67	1.065	0.687	-0.036	0.173395	NAN	
3.68	1.06	0.682	-0.0335	0.1730475	NAN	
3.69	1.05	0.6775	-0.005	0.172855	NAN	
3.7	1.04	0.673	-0.0305	0.1726775	NAN	
3.71	1.035	0.6685	-0.0395	0.1723275	NAN	
3.72	1.025	0.6635	-0.031	0.171975	NAN	
3.73	1.02	0.659	-0.0375	0.1716325	NAN	
3.74	1.01	0.654	-0.033	0.17128	NAN	
3.75	1	0.6495	-0.0405	0.1709125	NAN	
3.76	0.995	0.6445	-0.0315	0.1705525	NAN	
3.77	0.985	0.64	-0.042	0.170185	NAN	
3.78	0.98	0.635	-0.0365	0.1697925	NAN	
3.79	0.97	0.6305	-0.039	0.169415	NAN	
3.8	0.96	0.6255	-0.031	0.169065	NAN	
3.81	0.955	0.621	-0.0405	0.1687075	NAN	
3.82	0.945	0.616	-0.038	0.168315	NAN	
3.83	0.94	0.612	-0.036	0.167945	NAN	
3.84	0.93	0.6075	-0.036	0.167585	NAN	
3.85	0.92	0.6025	-0.0425	0.1671925	NAN	
3.86	0.915	0.598	-0.0365	0.1667975	NAN	
3.87	0.905	0.593	-0.0425	0.1664025	NAN	
3.88	0.9	0.5885	-0.039	0.165995	NAN	
3.89	0.89	0.584	-0.0455	0.1655725	NAN	
3.9	0.88	0.579	-0.0345	0.1651725	NAN	
3.91	0.875	0.5745	-0.044	0.16478	NAN	
3.92	0.865	0.5695	-0.045	0.164335	NAN	
3.93	0.86	0.5645	-0.0435	0.1638925	NAN	
3.94	0.85	0.56	-0.0395	0.1634775	NAN	
3.95	0.84	0.5555	-0.047	0.163045	NAN	
3.96	0.835	0.551	-0.0445	0.1625875	NAN	
3.97	0.825	0.5455	-0.046	0.162135	NAN	
3.98	0.82	0.5415	-0.041	0.1617	NAN	
3.99	0.81	0.5365	-0.051	0.16124	NAN	
4	0.8	0.5315	-0.043	0.16077	NAN	
4.01	0.795	0.527	-0.046	0.160325	NAN	
4.02	0.785	0.5225	-0.0475	0.1598575	NAN	
4.03	0.78	0.5175	-0.051	0.159365	NAN	
4.04	0.77	0.513	-0.0455	0.1588825	NAN	
4.05	0.76	0.508	-0.049	0.15841	NAN	
4.06	0.755	0.5035	-0.048	0.157925	NAN	
4.07	0.745	0.4985	-0.0535	0.1574175	NAN	
4.08	0.74	0.494	-0.0455	0.1569225	NAN	
4.09	0.73	0.4895	-0.0555	0.1564175	NAN	
4.1	0.72	0.485	-0.05	0.15589	NAN	
4.11	0.715	0.48	-0.0525	0.1553775	NAN	
4.12	0.705	0.475	-0.05	0.154865	NAN	
4.13	0.7	0.4705	-0.057	0.15433	NAN	
4.14	0.69	0.466	-0.0555	0.1537675	NAN	
4.15	0.68	0.4615	-0.053	0.153225	NAN	
4.16	0.675	0.457	-0.0525	0.1526975	NAN	
4.17	0.665	0.452	-0.0635	0.1521175	NAN	
4.18	0.66	0.4475	-0.0555	0.1515225	NAN	
4.19	0.65	0.443	-0.0575	0.1509575	NAN	
4.2	0.64	0.438	-0.054	0.1504	NAN	
4.21	0.635	0.4335	-0.0625	0.1498175	NAN	
4.22	0.625	0.429	-0.058	0.149215	NAN	
4.23	0.62	0.4245	-0.058	0.148635	NAN	
4.24	0.61	0.42	-0.06	0.148045	NAN	
4.25	0.6	0.4155	-0.063	0.14743	NAN	
4.26	0.595	0.411	-0.057	0.14683	NAN	
4.27	0.585	0.4065	-0.065	0.14622	NAN	
4.28	0.58	0.402	-0.061	0.14559	NAN	
4.29	0.57	0.398	-0.067	0.14495	NAN	
4.3	0.56	0.3935	-0.0575	0.1443275	NAN	
4.31	0.555	0.389	-0.0685	0.1436975	NAN	
4.32	0.545	0.3845	-0.068	0.143015	NAN	
4.33	0.54	0.38	-0.067	0.14234	NAN	
4.34	0.53	0.3755	-0.064	0.141685	NAN	
4.35	0.52	0.371	-0.07	0.141015	NAN	
4.36	0.515	0.3665	-0.0685	0.1403225	NAN	
4.37	0.505	0.362	-0.071	0.139625	NAN	
4.38	0.5	0.358	-0.0675	0.1389325	NAN	
4.39	0.49	0.3535	-0.078	0.138205	NAN	
4.4	0.48	0.349	-0.0695	0.1374675	NAN	
4.41	0.475	0.345	-0.072	0.13676	NAN	
4.42	0.465	0.3405	-0.075	0.136025	NAN	
4.43	0.46	0.336	-0.08	0.13525	NAN	
4.44	0.45	0.332	-0.0745	0.1344775	NAN	
4.45	0.44	0.3275	-0.0775	0.1337175	NAN	
4.46	0.435	0.3235	-0.0795	0.1329325	NAN	
4.47	0.425	0.319	-0.083	0.13212	NAN	
4.48	0.42	0.315	-0.075	0.13133	NAN	
4.49	0.41	0.3105	-0.086	0.130525	NAN	
4.5	0.4	0.3065	-0.0805	0.1296925	NAN	
4.51	0.395	0.302	-0.084	0.12887	NAN	
4.52	0.385	0.298	-0.0825	0.1280375	NAN	
4.53	0.38	0.2935	-0.0925	0.1271625	NAN	
4.54	0.37	0.2895	-0.0885	0.1262575	NAN	
4.55	0.36	0.285	-0.0875	0.1253775	NAN	
4.56	0.355	0.281	-0.087	0.124505	NAN	
4.57	0.345	0.2765	-0.0985	0.1235775	NAN	
4.58	0.34	0.2725	-0.091	0.12263	NAN	
4.59	0.33	0.2685	-0.095	0.1217	NAN	
4.6	0.32	0.2645	-0.092	0.120765	NAN	
4.61	0.315	0.26	-0.1	0.119805	NAN	
4.62	0.305	0.2555	-0.0975	0.1188175	NAN	
4.63	0.3	0.2515	-0.0975	0.1178425	NAN	
4.64	0.29	0.2475	-0.1	0.116855	NAN	
4.65	0.28	0.2435	-0.1035	0.1158375	NAN	
4.66	0.275	0.2395	-0.1	0.11482	NAN	
4.67	0.265	0.2355	-0.109	0.113775	NAN	
4.68	0.26	0.2315	-0.106	0.1127	NAN	
4.69	0.25	0.2275	-0.112	0.11161	NAN	
4.7	0.24	0.2235	-0.105	0.110525	NAN	
4.71	0.235	0.2195	-0.115	0.109425	NAN	
4.72	0.225	0.2155	-0.117	0.108265	NAN	
4.73	0.22	0.211	-0.116	0.1071	NAN	
4.74	0.21	0.207	-0.1135	0.1059525	NAN	
4.75	0.2	0.2035	-0.1195	0.1047875	NAN	
4.76	0.195	0.1995	-0.122	0.10358	NAN	
4.77	0.185	0.1955	-0.126	0.10234	NAN	
4.78	0.18	0.1915	-0.1175	0.1011225	NAN	
4.79	0.17	0.1875	-0.1295	0.0998875	NAN	
4.8	0.16	0.1835	-0.127	0.098605	NAN	
4.81	0.155	0.1795	-0.1315	0.0973125	NAN	
4.82	0.145	0.1755	-0.129	0.09601	NAN	
4.83	0.14	0.1715	-0.137	0.09468	NAN	
4.84	0.13	0.168	-0.1355	0.0933175	NAN	
4.85	0.12	0.164	-0.135	0.091965	NAN	
4.86	0.115	0.1605	-0.1365	0.0906075	NAN	
4.87	0.105	0.1565	-0.1475	0.0891875	NAN	
4.88	0.1	0.1525	-0.139	0.087755	NAN	
4.89	0.09	0.149	-0.1465	0.0863275	NAN	
4.9	0.08	0.145	-0.145	0.08487	NAN	
4.91	0.075	0.141	-0.1535	0.0833775	NAN	
4.92	0.065	0.1375	-0.1485	0.0818675	NAN	
4.93	0.06	0.1335	-0.155	0.08035	NAN	
4.94	0.05	0.13	-0.1575	0.0787875	NAN	
4.95	0.04	0.1265	-0.159	0.077205	NAN	
4.96	0.035	0.1225	-0.1555	0.0756325	NAN	
4.97	0.025	0.1185	-0.167	0.07402	NAN	
4.98	0.02	0.115	-0.1645	0.0723625	NAN	
4.99	0.01	0.1115	-0.1705	0.0706875	NAN	
5	0	0.108	-0.164	0.069015	NAN	
5.01	-0.005	0.104	-0.1735	0.0673275	NAN	
5.02	-0.015	0.1005	-0.1735	0.0655925	NAN	
5.03	-0.02	0.097	-0.175	0.06385	NAN	
5.04	-0.03	0.0935	-0.1765	0.0620925	NAN	
5.05	-0.04	0.09	-0.1815	0.0603025	NAN	
5.06	-0.045	0.0865	-0.18	0.058495	NAN	
5.07	-0.055	0.0825	-0.186	0.056665	NAN	
5.08	-0.06	0.0795	-0.184	0.054815	NAN	
5.09	-0.07	0.0755	-0.1955	0.0529175	NAN	
5.1	-0.08	0.0725	-0.188	0.051	NAN	
5.11	-0.085	0.069	-0.193	0.049095	NAN	
5.12	-0.095	0.0655	-0.199	0.047135	NAN	
5.13	-0.1	0.062	-0.2025	0.0451275	NAN	
5.14	-0.11	0.059	-0.2	0.043115	NAN	
5.15	-0.12	0.0555	-0.203	0.0411	NAN	
5.16	-0.125	0.052	-0.2095	0.0390375	NAN	
5.17	-0.135	0.0485	-0.215	0.036915	NAN	
5.18	-0.14	0.0455	-0.208	0.0348	NAN	
5.19	-0.15	0.043	-0.2175	0.0326725	NAN	
5.2	-0.16	0.0385	-0.217	0.0305	NAN	
5.21	-0.165	0.035	-0.2205	0.0283125	NAN	
5.22	-0.175	0.032	-0.2225	0.0260975	NAN	
5.23	-0.18	0.0285	-0.2285	0.0238425	NAN	
5.24	-0.19	0.025	-0.228	0.02156	NAN	
5.25	-0.2	0.0215	-0.2285	0.0192775	NAN	
5.26	-0.205	0.0185	-0.2325	0.0169725	NAN	
5.27	-0.215	0.015	-0.2405	0.0146075	NAN	
5.28	-0.22	0.012	-0.2375	0.0122175	NAN	
5.29	-0.23	0.009	-0.2445	0.0098075	NAN	
5.3	-0.24	0.0055	-0.243	0.00737	NAN	
5.31	-0.245	0.0025	-0.2525	0.0048925	NAN	
5.32	-0.255	-0.002	-0.252	0.00237	NAN	
5.33	-0.26	-0.004	-0.254	-0.00016	NAN	
5.34	-0.27	-0.0075	-0.259	-0.002725	NAN	
5.35	-0.28	-0.0095	-0.2655	-0.0053475	NAN	
5.36	-0.285	-0.013	-0.2635	-0.0079925	NAN	
5.37	-0.295	-0.0155	-0.272	-0.01067	NAN	
5.38	-0.3	-0.0185	-0.273	-0.013395	NAN	
5.39	-0.31	-0.0215	-0.2795	-0.0161575	NAN	
5.4	-0.32	-0.025	-0.276	-0.018935	NAN	
5.41	-0.325	-0.027	-0.285	-0.02174	NAN	
5.42	-0.335	-0.0305	-0.286	-0.024595	NAN	
5.43	-0.34	-0.033	-0.2865	-0.0274575	NAN	
5.44	-0.35	-0.036	-0.2935	-0.0303575	NAN	
5.45	-0.36	-0.0385	-0.298	-0.033315	NAN	
5.46	-0.365	-0.041	-0.297	-0.03629	NAN	
5.47	-0.375	-0.044	-0.306	-0.039305	NAN	
5.48	-0.38	-0.047	-0.307	-0.04237	NAN	
5.49	-0.39	-0.0495	-0.315	-0.04548	NAN	
5.5	-0.4	-0.052	-0.3065	-0.0485875	NAN	
5.51	-0.405	-0.055	-0.3215	-0.0517275	NAN	
5.52	-0.415	-0.0575	-0.323	-0.05495	NAN	
5.53	-0.42	-0.06	-0.3265	-0.0581975	NAN	
5.54	-0.43	-0.0625	-0.33	-0.06148	NAN	
5.55	-0.44	-0.0645	-0.337	-0.064815	NAN	
5.56	-0.445	-0.067	-0.335	-0.068175	NAN	
5.57	-0.455	-0.0705	-0.3445	-0.0715725	NAN	
5.58	-0.46	-0.072	-0.346	-0.075025	NAN	
5.59	-0.47	-0.0745	-0.3535	-0.0785225	NAN	
5.6	-0.48	-0.077	-0.3475	-0.0820275	NAN	
5.61	-0.485	-0.079	-0.3615	-0.0855725	NAN	
5.62	-0.495	-0.0815	-0.367	-0.089215	NAN	
5.63	-0.5	-0.083	-0.368	-0.09289	NAN	
5.64	-0.51	-0.085	-0.3725	-0.0965925	NAN	
5.65	-0.52	-0.0875	-0.379	-0.10035	NAN	
5.66	-0.525	-0.089	-0.3835	-0.1041625	NAN	
5.67	-0.535	-0.0915	-0.3885	-0.1080225	NAN	
5.68	-0.54	-0.0935	-0.392	-0.111925	NAN	
5.69	-0.55	-0.0955	-0.402	-0.115895	NAN	
5.7	-0.56	-0.097	-0.3955	-0.1198825	NAN	
5.71	-0.565	-0.099	-0.411	-0.123915	NAN	
5.72	-0.575	-0.101	-0.416	-0.12805	NAN	
5.73	-0.58	-0.1025	-0.419	-0.132225	NAN	
5.74	-0.59	-0.104	-0.42	-0.13642	NAN	
5.75	-0.6	-0.106	-0.43	-0.14067	NAN	
5.76	-0.605	-0.1075	-0.433	-0.144985	NAN	
5.77	-0.615	-0.1095	-0.4405	-0.1493525	NAN	
5.78	-0.62	-0.111	-0.442	-0.153765	NAN	
5.79	-0.63	-0.1125	-0.455	-0.15825	NAN	
5.8	-0.64	-0.114	-0.449	-0.16277	NAN	
5.81	-0.645	-0.1155	-0.4625	-0.1673275	NAN	
5.82	-0.655	-0.1175	-0.4665	-0.1719725	NAN	
5.83	-0.66	-0.119	-0.4695	-0.1766525	NAN	
5.84	-0.67	-0.1205	-0.4725	-0.1813625	NAN	
5.85	-0.68	-0.122	-0.4845	-0.1861475	NAN	
5.86	-0.685	-0.124	-0.4835	-0.1909875	NAN	
5.87	-0.695	-0.125	-0.4935	-0.1958725	NAN	
5.88	-0.7	-0.127	-0.495	-0.200815	NAN	
5.89	-0.71	-0.129	-0.5075	-0.2058275	NAN	
5.9	-0.72	-0.1305	-0.501	-0.21087	NAN	
5.91	-0.725	-0.132	-0.5155	-0.2159525	NAN	
5.92	-0.735	-0.134	-0.517	-0.221115	NAN	
5.93	-0.74	-0.1355	-0.522	-0.22631	NAN	
5.94	-0.75	-0.1375	-0.5285	-0.2315625	NAN	
5.95	-0.76	-0.139	-0.5365	-0.2368875	NAN	
5.96	-0.765	-0.1405	-0.5345	-0.2422425	NAN	
5.97	-0.775	-0.1425	-0.5485	-0.2476575	NAN	
5.98	-0.78	-0.1445	-0.5465	-0.2531325	NAN	
5.99	-0.79	-0.1465	-0.557	-0.25865	NAN	
6	-0.8	-0.1485	-0.553	-0.2642	NAN	
6.01	-0.805	-0.15	-0.5655	-0.2697925	NAN	
6.02	-0.815	-0.152	-0.5655	-0.2754475	NAN	
6.03	-0.82	-0.154	-0.577	-0.28116	NAN	
6.04	-0.83	-0.156	-0.5775	-0.2869325	NAN	
6.05	-0.84	-0.158	-0.581	-0.292725	NAN	
6.06	-0.845	-0.1605	-0.5835	-0.2985475	NAN	
6.07	-0.855	-0.1625	-0.597	-0.30445	NAN	
6.08	-0.86	-0.1645	-0.5885	-0.3103775	NAN	
6.09	-0.87	-0.1665	-0.605	-0.316345	NAN	
6.1	-0.88	-0.169	-0.5995	-0.3223675	NAN	
6.11	-0.885	-0.1715	-0.608	-0.328405	NAN	
6.12	-0.895	-0.1735	-0.614	-0.334515	NAN	
6.13	-0.9	-0.176	-0.6185	-0.3406775	NAN	
6.14	-0.91	-0.179	-0.6165	-0.3468525	NAN	
6.15	-0.92	-0.181	-0.626	-0.353065	NAN	
6.16	-0.925	-0.1835	-0.627	-0.35933	NAN	
6.17	-0.935	-0.1865	-0.6355	-0.3656425	NAN	
6.18	-0.94	-0.189	-0.6315	-0.3719775	NAN	
6.19	-0.95	-0.192	-0.6445	-0.3783575	NAN	
6.2	-0.96	-0.1955	-0.6345	-0.3847525	NAN	
6.21	-0.965	-0.198	-0.648	-0.391165	NAN	
6.22	-0.975	-0.201	-0.6465	-0.3976375	NAN	
6.23	-0.98	-0.2045	-0.6475	-0.4041075	NAN	
6.24	-0.99	-0.2075	-0.6495	-0.4105925	NAN	
6.25	-1	-0.211	-0.655	-0.417115	NAN	
6.26	-1.005	-0.2145	-0.6505	-0.4236425	NAN	
6.27	-1.015	-0.218	-0.662	-0.430205	NAN	
6.28	-1.02	-0.2225	-0.655	-0.43679	NAN	
6.29	-1.03	-0.2255	-0.662	-0.443375	NAN	
6.3	-1.04	-0.229	-0.66	-0.449985	NAN	
6.31	-1.045	-0.2335	-0.668	-0.456625	NAN	
6.32	-1.055	-0.238	-0.66	-0.463265	NAN	
6.33	-1.06	-0.2425	-0.6685	-0.4699075	NAN	
6.34	-1.07	-0.2465	-0.6635	-0.4765675	NAN	
6.35	-1.08	-0.2515	-0.665	-0.48321	NAN	
6.36	-1.085	-0.2565	-0.6625	-0.4898475	NAN	
6.37	-1.095	-0.261	-0.6685	-0.4965025	NAN	
6.38	-1.1	-0.2665	-0.658	-0.503135	NAN	
6.39	-1.11	-0.272	-0.669	-0.50977	NAN	
6.4	-1.12	-0.2775	-0.6555	-0.5163925	NAN	
6.41	-1.125	-0.2835	-0.6595	-0.5229675	NAN	
6.42	-1.135	-0.2895	-0.658	-0.529555	NAN	
6.43	-1.14	-0.296	-0.656	-0.536125	NAN	
6.44	-1.15	-0.302	-0.649	-0.54265	NAN	
6.45	-1.16	-0.309	-0.651	-0.54915	NAN	
6.46	-1.165	-0.3155	-0.639	-0.5556	NAN	
6.47	-1.175	-0.323	-0.643	-0.56201	NAN	
6.48	-1.18	-0.3305	-0.6345	-0.5683975	NAN	
6.49	-1.19	-0.338	-0.634	-0.57474	NAN	
6.5	-1.2	-0.3455	-0.62	-0.58101	NAN	
6.51	-1.205	-0.3535	-0.6255	-0.5872375	NAN	
6.52	-1.215	-0.362	-0.614	-0.593435	NAN	
6.53	-1.22	-0.3705	-0.61	-0.599555	NAN	
6.54	-1.23	-0.379	-0.6035	-0.6056225	NAN	
6.55	-1.24	-0.3875	-0.5955	-0.6116175	NAN	
6.56	-1.245	-0.397	-0.585	-0.61752	NAN	
6.57	-1.255	-0.406	-0.589	-0.62339	NAN	
6.58	-1.26	-0.4155	-0.5705	-0.6291875	NAN	
6.59	-1.27	-0.4255	-0.567	-0.634875	NAN	
6.6	-1.28	-0.4355	-0.555	-0.640485	NAN	
6.61	-1.285	-0.4455	-0.5485	-0.6460025	NAN	
6.62	-1.295	-0.456	-0.537	-0.65143	NAN	
6.63	-1.3	-0.4665	-0.5305	-0.6567675	NAN	
6.64	-1.31	-0.477	-0.517	-0.662005	NAN	
6.65	-1.32	-0.4885	-0.5055	-0.6671175	NAN	
6.66	-1.325	-0.4995	-0.4985	-0.6721375	NAN	
6.67	-1.335	-0.511	-0.491	-0.677085	NAN	
6.68	-1.34	-0.5225	-0.4705	-0.6818925	NAN	
6.69	-1.35	-0.5345	-0.4655	-0.6865725	NAN	
6.7	-1.36	-0.547	-0.451	-0.691155	NAN	
6.71	-1.365	-0.559	-0.442	-0.69562	NAN	
6.72	-1.375	-0.5715	-0.4255	-0.6999575	NAN	
6.73	-1.38	-0.584	-0.417	-0.70417	NAN	
6.74	-1.39	-0.597	-0.403	-0.70827	NAN	
6.75	-1.4	-0.6095	-0.387	-0.71222	NAN	
6.76	-1.405	-0.623	-0.375	-0.71603	NAN	
6.77	-1.415	-0.6365	-0.3685	-0.7197475	NAN	
6.78	-1.42	-0.649	-0.3455	-0.7233175	NAN	
6.79	-1.43	-0.6625	-0.337	-0.72673	NAN	
6.8	-1.44	-0.6755	-0.3235	-0.7300325	NAN	
6.81	-1.445	-0.689	-0.3095	-0.7331975	NAN	
6.82	-1.455	-0.702	-0.2935	-0.7362125	NAN	
6.83	-1.46	-0.715	-0.283	-0.739095	NAN	
6.84	-1.47	-0.728	-0.272	-0.74187	NAN	
6.85	-1.48	-0.7415	-0.253	-0.744495	NAN	
6.86	-1.485	-0.754	-0.2415	-0.7469675	NAN	
6.87	-1.495	-0.7665	-0.236	-0.749355	NAN	
6.88	-1.5	-0.779	-0.223	-0.75165	NAN	
6.89	-1.51	-0.7915	-0.21	-0.753815	NAN	
6.9	-1.52	-0.8025	-0.195	-0.75584	NAN	
6.91	-1.525	-0.814	-0.191	-0.75777	NAN	
6.92	-1.535	-0.8255	-0.183	-0.75964	NAN	
6.93	-1.54	-0.8365	-0.1675	-0.7613925	NAN	
6.94	-1.55	-0.847	-0.162	-0.76304	NAN	
6.95	-1.56	-0.8575	-0.1525	-0.7646125	NAN	
6.96	-1.565	-0.868	-0.147	-0.76611	NAN	
6.97	-1.575	-0.8775	-0.138	-0.767535	NAN	
6.98	-1.58	-0.8865	-0.1315	-0.7688825	NAN	
6.99	-1.59	-0.8965	-0.1275	-0.7701775	NAN	
7	-1.6	-0.905	-0.1185	-0.7714075	NAN	
7.01	-1.605	-0.914	-0.1085	-0.7725425	NAN	
7.02	-1.615	-0.9215	-0.111	-0.77364	NAN	
7.03	-1.62	-0.9305	-0.103	-0.77471	NAN	
7.04	-1.63	-0.938	-0.0995	-0.7757225	NAN	
7.05	-1.64	-0.946	-0.088	-0.77666	NAN	
7.06	-1.645	-0.953	-0.0925	-0.7775625	NAN	
7.07	-1.655	-0.961	-0.0905	-0.7784775	NAN	
7.08	-1.66	-0.9675	-0.0825	-0.7793425	NAN	
7.09	-1.67	-0.975	-0.0765	-0.7801375	NAN	
7.1	-1.68	-0.981	-0.0785	-0.7809125	NAN	
7.11	-1.685	-0.9885	-0.078	-0.781695	NAN	
7.12	-1.695	-0.9955	-0.0775	-0.7824725	NAN	
7.13	-1.7	-1.0015	-0.064	-0.78318	NAN	
7.14	-1.71	-1.0075	-0.073	-0.783865	NAN	
7.15	-1.72	-1.014	-0.067	-0.784565	NAN	
7.16	-1.725	-1.02	-0.0675	-0.7852375	NAN	
7.17	-1.735	-1.0265	-0.061	-0.78588	NAN	
7.18	-1.74	-1.0275	-0.066	-0.786515	NAN	
7.19	-1.75	-1.0275	-0.0635	-0.7871625	NAN	
7.2	-1.76	-1.0275	-0.06	-0.78778	NAN	
7.21	-1.765	-1.0275	-0.0555	-0.7883575	NAN	
7.22	-1.775	-1.0275	-0.063	-0.78895	NAN	
7.23	-1.78	-1.0275	-0.056	-0.789545	NAN	
7.24	-1.79	-1.0275	-0.0595	-0.7901225	NAN	
7.25	-1.8	-1.0275	-0.05	-0.79067	NAN	
7.26	-1.805	-1.0275	-0.059	-0.791215	NAN	
7.27	-1.815	-1.0275	-0.0545	-0.7917825	NAN	
7.28	-1.82	-1.0275	-0.0535	-0.7923225	NAN	
7.29	-1.83	-1.0275	-0.048	-0.79283	NAN	
7.3	-1.84	-1.0275	-0.054	-0.79334	NAN	
7.31	-1.845	-1.0275	-0.0495	-0.7938575	NAN	
7.32	-1.855	-1.0275	-0.0525	-0.7943675	NAN	
7.33	-1.86	-1.0275	-0.006	-0.79466	NAN	
7.34	-1.87	-1.0275	-0.0015	-0.7946975	NAN	
7.35	-1.88	-1.0275	-0.0055	-0.7947325	NAN	
7.36	-1.885	-1.0275	0.0035	-0.7947425	NAN	
7.37	-1.895	-1.0275	-0.0025	-0.7947375	NAN	
7.38	-1.9	-1.0275	0.002	-0.79474	NAN	
7.39	-1.91	-1.0275	-0.0045	-0.7947525	NAN	
7.4	-1.92	-1.0275	0.0075	-0.7947375	NAN	
7.41	-1.925	-1.0275	-0.0085	-0.7947425	NAN	
7.42	-1.935	-1.0275	-0.005	-0.79481	NAN	
7.43	-1.94	-1.0275	0.0065	-0.7948025	NAN	
7.44	-1.95	-1.0275	-0.013	-0.794835	NAN	
7.45	-1.96	-1.0275	0.005	-0.794875	NAN	
7.46	-1.965	-1.0275	-0.011	-0.794905	NAN	
7.47	-1.975	-1.0275	-0.014	-0.79503	NAN	
7.48	-1.98	-1.0275	-0.0085	-0.7951425	NAN	
7.49	-1.99	-1.0275	-0.017	-0.79527	NAN	
7.5	-2	-1.0275	0.0025	-0.7953425	NAN	
7.51	-1.995	-1.0275	0.0055	-0.7953025	NAN	
7.52	-1.985	-1.0275	-0.0195	-0.7953725	NAN	
7.53	-1.98	-1.0275	0.0025	-0.7954575	NAN	
7.54	-1.97	-1.0275	-0.007	-0.79548	NAN	
7.55	-1.96	-1.0275	-0.0045	-0.7955375	NAN	
7.56	-1.955	-1.0275	0.0035	-0.7955425	NAN	
7.57	-1.945	-1.0275	-0.0015	-0.7955325	NAN	
7.58	-1.94	-1.0275	0.0135	-0.7954725	NAN	
7.59	-1.93	-1.0275	0.0005	-0.7954025	NAN	
7.6	-1.92	-1.0275	0.0055	-0.7953725	NAN	
7.61	-1.915	-1.0275	0	-0.795345	NAN	
7.62	-1.905	-1.0275	-0.0015	-0.7953525	NAN	
7.63	-1.9	-1.0275	-0.0015	-0.7953675	NAN	
7.64	-1.89	-1.0275	0	-0.795375	NAN	
7.65	-1.88	-1.0275	0.002	-0.795365	NAN	
7.66	-1.875	-1.0275	-0.0045	-0.7953775	NAN	
7.67	-1.865	-1.0275	0.0065	-0.7953675	NAN	
7.68	-1.86	-1.0275	-0.0025	-0.7953475	NAN	
7.69	-1.85	-1.0275	-0.004	-0.79538	NAN	
7.7	-1.84	-1.0275	-0.0085	-0.7954425	NAN	
7.71	-1.835	-1.0275	0.002	-0.795475	NAN	
7.72	-1.825	-1.0275	-0.0035	-0.7954825	NAN	
7.73	-1.82	-1.0275	-0.0025	-0.7955125	NAN	
7.74	-1.81	-1.0275	-0.007	-0.79556	NAN	
7.75	-1.8	-1.0275	0.003	-0.79558	NAN	
7.76	-1.795	-1.0275	0.0025	-0.7955525	NAN	
7.77	-1.785	-1.0275	0.009	-0.795495	NAN	
7.78	-1.78	-1.0275	0.0005	-0.7954475	NAN	
7.79	-1.77	-1.0275	0.012	-0.795385	NAN	
7.8	-1.76	-1.0275	0.009	-0.79528	NAN	
7.81	-1.755	-1.0275	0.018	-0.795145	NAN	
7.82	-1.745	-1.0275	0.0105	-0.7950025	NAN	
7.83	-1.74	-1.0275	0.01	-0.7949	NAN	
7.84	-1.73	-1.0275	0.0105	-0.7947975	NAN	
7.85	-1.72	-1.0275	0.018	-0.794655	NAN	
7.86	-1.715	-1.0275	0.013	-0.7945	NAN	
7.87	-1.705	-1.0275	0.017	-0.79435	NAN	
7.88	-1.7	-1.0275	0.007	-0.79423	NAN	
7.89	-1.69	-1.0275	0.018	-0.794105	NAN	
7.9	-1.68	-1.0275	0.0135	-0.7939475	NAN	
7.91	-1.675	-1.0275	0.021	-0.793775	NAN	
7.92	-1.665	-1.0275	0.013	-0.793605	NAN	
7.93	-1.66	-1.0275	0.0155	-0.7934625	NAN	
7.94	-1.65	-1.0275	0.0135	-0.7933175	NAN	
7.95	-1.64	-1.0275	0.019	-0.793155	NAN	
7.96	-1.635	-1.0255	0.0165	-0.7929775	NAN	
7.97	-1.625	-1.021	0.0215	-0.7927875	NAN	
7.98	-1.62	-1.016	0.0115	-0.7926225	NAN	
7.99	-1.61	-1.011	0.02	-0.792465	NAN	
8	-1.6	-1.006	0.0145	-0.7922925	NAN	
8.01	-1.595	-1.0015	0.0225	-0.7921075	NAN	
8.02	-1.585	-0.997	0.016	-0.791915	NAN	
8.03	-1.58	-0.9925	0.018	-0.791745	NAN	
8.04	-1.57	-0.987	0.013	-0.79159	NAN	
8.05	-1.56	-0.983	0.0205	-0.7914225	NAN	
8.06	-1.555	-0.9775	0.0185	-0.7912275	NAN	
8.07	-1.545	-0.9725	0.024	-0.791015	NAN	
8.08	-1.54	-0.9675	0.0135	-0.7908275	NAN	
8.09	-1.53	-0.9625	0.021	-0.790655	NAN	
8.1	-1.52	-0.958	0.014	-0.79048	NAN	
8.11	-1.515	-0.953	0.025	-0.790285	NAN	
8.12	-1.505	-0.948	0.0175	-0.7900725	NAN	
8.13	-1.5	-0.943	0.02	-0.789885	NAN	
8.14	-1.49	-0.938	0.0125	-0.7897225	NAN	
8.15	-1.48	-0.9335	0.022	-0.78955	NAN	
8.16	-1.475	-0.9285	0.0185	-0.7893475	NAN	
8.17	-1.465	-0.9235	0.027	-0.78912	NAN	
8.18	-1.46	-0.9185	0.0115	-0.7889275	NAN	
8.19	-1.45	-0.914	0.0195	-0.7887725	NAN	
8.2	-1.44	-0.909	0.0195	-0.7885775	NAN	
8.21	-1.435	-0.9045	0.0265	-0.7883475	NAN	
8.22	-1.425	-0.899	0.021	-0.78811	NAN	
8.23	-1.42	-0.8945	0.0225	-0.7878925	NAN	
8.24	-1.41	-0.8895	0.0175	-0.7876925	NAN	
8.25	-1.4	-0.8845	0.0225	-0.7874925	NAN	
8.26	-1.395	-0.8795	0.0215	-0.7872725	NAN	
8.27	-1.385	-0.8745	0.029	-0.78702	NAN	
8.28	-1.38	-0.87	0.0175	-0.7867875	NAN	
8.29	-1.37	-0.865	0.0235	-0.7865825	NAN	
8.3	-1.36	-0.8605	0.018	-0.786375	NAN	
8.31	-1.355	-0.8555	0.028	-0.786145	NAN	
8.32	-1.345	-0.8505	0.023	-0.78589	NAN	
8.33	-1.34	-0.846	0.024	-0.785655	NAN	
8.34	-1.33	-0.841	0.019	-0.78544	NAN	
8.35	-1.32	-0.836	0.025	-0.78522	NAN	
8.36	-1.315	-0.831	0.023	-0.78498	NAN	
8.37	-1.305	-0.8265	0.031	-0.78471	NAN	
8.38	-1.3	-0.8215	0.021	-0.78445	NAN	
8.39	-1.29	-0.8165	0.027	-0.78421	NAN	
8.4	-1.28	-0.812	0.0205	-0.7839725	NAN	
8.41	-1.275	-0.8075	0.028	-0.78373	NAN	
8.42	-1.265	-0.8025	0.025	-0.783465	NAN	
8.43	-1.26	-0.798	0.0265	-0.7832075	NAN	
8.44	-1.25	-0.793	0.0205	-0.7829725	NAN	
8.45	-1.24	-0.7885	0.024	-0.78275	NAN	
8.46	-1.235	-0.784	0.024	-0.78251	NAN	
8.47	-1.225	-0.7795	0.0325	-0.7822275	NAN	
8.48	-1.22	-0.7745	0.023	-0.78195	NAN	
8.49	-1.21	-0.7695	0.0265	-0.7817025	NAN	
8.5	-1.2	-0.765	0.0205	-0.7814675	NAN	
8.51	-1.195	-0.7605	0.0315	-0.7812075	NAN	
8.52	-1.185	-0.7555	0.029	-0.780905	NAN	
8.53	-1.18	-0.751	0.029	-0.780615	NAN	
8.54	-1.17	-0.746	0.0225	-0.7803575	NAN	
8.55	-1.16	-0.7415	0.0275	-0.7801075	NAN	
8.56	-1.155	-0.7365	0.028	-0.77983	NAN	
8.57	-1.145	-0.732	0.035	-0.779515	NAN	
8.58	-1.14	-0.727	0.0255	-0.7792125	NAN	
8.59	-1.13	-0.7225	0.0275	-0.7789475	NAN	
8.6	-1.12	-0.7175	0.025	-0.778685	NAN	
8.61	-1.115	-0.7135	0.0335	-0.7783925	NAN	
8.62	-1.105	-0.7085	0.0305	-0.7780725	NAN	
8.63	-1.1	-0.704	0.031	-0.777765	NAN	
8.64	-1.09	-0.699	0.028	-0.77747	NAN	
8.65	-1.08	-0.694	0.031	-0.777175	NAN	
8.66	-1.075	-0.69	0.0295	-0.7768725	NAN	
8.67	-1.065	-0.685	0.037	-0.77654	NAN	
8.68	-1.06	-0.6805	0.029	-0.77621	NAN	
8.69	-1.05	-0.676	0.0325	-0.7759025	NAN	
8.7	-1.04	-0.671	0.0265	-0.7756075	NAN	
8.71	-1.035	-0.6665	0.035	-0.7753	NAN	
8.72	-1.025	-0.6615	0.035	-0.77495	NAN	
8.73	-1.02	-0.657	0.0355	-0.7745975	NAN	
8.74	-1.01	-0.6525	0.03	-0.77427	NAN	
8.75	-1	-0.6475	0.0315	-0.7739625	NAN	
8.76	-0.995	-0.643	0.0285	-0.7736625	NAN	
8.77	-0.985	-0.6385	0.04	-0.77332	NAN	
8.78	-0.98	-0.6335	0.036	-0.77294	NAN	
8.79	-0.97	-0.629	0.0365	-0.7725775	NAN	
8.8	-0.96	-0.6245	0.0295	-0.7722475	NAN	
8.81	-0.955	-0.62	0.037	-0.771915	NAN	
8.82	-0.945	-0.615	0.0385	-0.7715375	NAN	
8.83	-0.94	-0.6105	0.038	-0.771155	NAN	
8.84	-0.93	-0.606	0.0345	-0.7707925	NAN	
8.85	-0.92	-0.601	0.0355	-0.7704425	NAN	
8.86	-0.915	-0.597	0.0355	-0.7700875	NAN	
8.87	-0.905	-0.5925	0.045	-0.769685	NAN	
8.88	-0.9	-0.587	0.0375	-0.7692725	NAN	
8.89	-0.89	-0.5825	0.04	-0.768885	NAN	
8.9	-0.88	-0.578	0.0335	-0.7685175	NAN	
8.91	-0.875	-0.5735	0.043	-0.768135	NAN	
8.92	-0.865	-0.5685	0.0425	-0.7677075	NAN	
8.93	-0.86	-0.564	0.0455	-0.7672675	NAN	
8.94	-0.85	-0.5595	0.039	-0.766845	NAN	
8.95	-0.84	-0.5545	0.0405	-0.7664475	NAN	
8.96	-0.835	-0.55	0.04	-0.766045	NAN	
8.97	-0.825	-0.545	0.0495	-0.7655975	NAN	
8.98	-0.82	-0.5405	0.0425	-0.7651375	NAN	
8.99	-0.81	-0.536	0.0465	-0.7646925	NAN	
9	-0.8	-0.5315	0.039	-0.764265	NAN	
9.01	-0.795	-0.5265	0.047	-0.763835	NAN	
9.02	-0.785	-0.522	0.0465	-0.7633675	NAN	
9.03	-0.78	-0.5175	0.0485	-0.7628925	NAN	
9.04	-0.77	-0.513	0.0445	-0.7624275	NAN	
9.05	-0.76	-0.5085	0.0455	-0.7619775	NAN	
9.06	-0.755	-0.5035	0.045	-0.761525	NAN	
9.07	-0.745	-0.499	0.054	-0.76103	NAN	
9.08	-0.74	-0.4945	0.0485	-0.7605175	NAN	
9.09	-0.73	-0.49	0.052	-0.760015	NAN	
9.1	-0.72	-0.485	0.044	-0.759535	NAN	
9.11	-0.715	-0.481	0.0505	-0.7590625	NAN	
9.12	-0.705	-0.476	0.053	-0.758545	NAN	
9.13	-0.7	-0.4715	0.0555	-0.7580025	NAN	
9.14	-0.69	-0.467	0.051	-0.75747	NAN	
9.15	-0.68	-0.4625	0.0505	-0.7569625	NAN	
9.16	-0.675	-0.4575	0.0505	-0.7564575	NAN	
9.17	-0.665	-0.4535	0.0615	-0.7558975	NAN	
9.18	-0.66	-0.4485	0.055	-0.755315	NAN	
9.19	-0.65	-0.444	0.057	-0.754755	NAN	
9.2	-0.64	-0.4395	0.0495	-0.7542225	NAN	
9.21	-0.635	-0.435	0.0575	-0.7536875	NAN	
9.22	-0.625	-0.431	0.0595	-0.7531025	NAN	
9.23	-0.62	-0.4265	0.059	-0.75251	NAN	
9.24	-0.61	-0.422	0.0555	-0.7519375	NAN	
9.25	-0.6	-0.4175	0.057	-0.751375	NAN	
9.26	-0.595	-0.413	0.06	-0.75079	NAN	
9.27	-0.585	-0.409	0.067	-0.750155	NAN	
9.28	-0.58	-0.4045	0.06	-0.74952	NAN	
9.29	-0.57	-0.3995	0.062	-0.74891	NAN	
9.3	-0.56	-0.3955	0.0575	-0.7483125	NAN	
9.31	-0.555	-0.391	0.068	-0.747685	NAN	
9.32	-0.545	-0.3865	0.068	-0.747005	NAN	
9.33	-0.54	-0.382	0.0665	-0.7463325	NAN	
9.34	-0.53	-0.3775	0.063	-0.745685	NAN	
9.35	-0.52	-0.3735	0.067	-0.745035	NAN	
9.36	-0.515	-0.369	0.069	-0.744355	NAN	
9.37	-0.505	-0.3645	0.076	-0.74363	NAN	
9.38	-0.5	-0.36	0.067	-0.742915	NAN	
9.39	-0.49	-0.3555	0.072	-0.74222	NAN	
9.4	-0.48	-0.3515	0.0685	-0.7415175	NAN	
9.41	-0.475	-0.3475	0.0765	-0.7407925	NAN	
9.42	-0.465	-0.343	0.077	-0.740025	NAN	
9.43	-0.46	-0.3385	0.0755	-0.7392625	NAN	
9.44	-0.45	-0.334	0.075	-0.73851	NAN	
9.45	-0.44	-0.33	0.0765	-0.7377525	NAN	
9.46	-0.435	-0.3255	0.078	-0.73698	NAN	
9.47	-0.425	-0.321	0.085	-0.736165	NAN	
9.48	-0.42	-0.317	0.078	-0.73535	NAN	
9.49	-0.41	-0.312	0.0825	-0.7345475	NAN	
9.5	-0.4	-0.3085	0.0775	-0.7337475	NAN	
9.51	-0.395	-0.304	0.0865	-0.7329275	NAN	
9.52	-0.385	-0.3	0.089	-0.73205	NAN	
9.53	-0.38	-0.296	0.087	-0.73117	NAN	
9.54	-0.37	-0.2915	0.085	-0.73031	NAN	
9.55	-0.36	-0.2875	0.0875	-0.7294475	NAN	
9.56	-0.355	-0.283	0.091	-0.728555	NAN	
9.57	-0.345	-0.279	0.0975	-0.7276125	NAN	
9.58	-0.34	-0.2745	0.089	-0.72668	NAN	
9.59	-0.33	-0.2705	0.094	-0.725765	NAN	
9.6	-0.32	-0.2665	0.093	-0.72483	NAN	
9.61	-0.315	-0.2625	0.0995	-0.7238675	NAN	
9.62	-0.305	-0.258	0.099	-0.722875	NAN	
9.63	-0.3	-0.254	0.0975	-0.7218925	NAN	
9.64	-0.29	-0.25	0.0975	-0.7209175	NAN	
9.65	-0.28	-0.2455	0.104	-0.71991	NAN	
9.66	-0.275	-0.2415	0.105	-0.718865	NAN	
9.67	-0.265	-0.2375	0.1095	-0.7177925	NAN	
9.68	-0.26	-0.2335	0.101	-0.71674	NAN	
9.69	-0.25	-0.2295	0.1105	-0.7156825	NAN	
9.7	-0.24	-0.2255	0.11	-0.71458	NAN	
9.71	-0.235	-0.222	0.116	-0.71345	NAN	
9.72	-0.225	-0.2175	0.112	-0.71231	NAN	
9.73	-0.22	-0.2135	0.114	-0.71118	NAN	
9.74	-0.21	-0.2095	0.118	-0.71002	NAN	
9.75	-0.2	-0.206	0.1215	-0.7088225	NAN	
9.76	-0.195	-0.202	0.119	-0.70762	NAN	
9.77	-0.185	-0.198	0.1235	-0.7064075	NAN	
9.78	-0.18	-0.194	0.1225	-0.7051775	NAN	
9.79	-0.17	-0.19	0.131	-0.70391	NAN	
9.8	-0.16	-0.186	0.126	-0.702625	NAN	
9.81	-0.155	-0.1825	0.1285	-0.7013525	NAN	
9.82	-0.145	-0.1785	0.13	-0.70006	NAN	
9.83	-0.14	-0.1745	0.1345	-0.6987375	NAN	
9.84	-0.13	-0.1705	0.138	-0.697375	NAN	
9.85	-0.12	-0.167	0.1365	-0.6960025	NAN	
9.86	-0.115	-0.163	0.1355	-0.6946425	NAN	
9.87	-0.105	-0.1595	0.1425	-0.6932525	NAN	
9.88	-0.1	-0.1555	0.1425	-0.6918275	NAN	
9.89	-0.09	-0.152	0.1495	-0.6903675	NAN	
9.9	-0.08	-0.148	0.143	-0.688905	NAN	
9.91	-0.075	-0.1445	0.1485	-0.6874475	NAN	
9.92	-0.065	-0.141	0.1515	-0.6859475	NAN	
9.93	-0.06	-0.137	0.155	-0.684415	NAN	
9.94	-0.05	-0.1335	0.156	-0.68286	NAN	
9.95	-0.04	-0.1295	0.155	-0.681305	NAN	
9.96	-0.035	-0.126	0.158	-0.67974	NAN	
9.97	-0.025	-0.1225	0.1675	-0.6781125	NAN	
9.98	-0.02	-0.1185	0.164	-0.676455	NAN	
9.99	-0.01	-0.115	0.1685	-0.6747925	NAN	
10	0	-0.1115	0.163	-0.673135	NAN	
10.01	0.005	-0.1085	0.171	-0.671465	NAN	
10.02	0.015	-0.1045	0.176	-0.66973	NAN	
10.03	0.02	-0.101	0.1755	-0.6679725	NAN	
10.04	0.03	-0.0975	0.1745	-0.6662225	NAN	
10.05	0.04	-0.094	0.178	-0.66446	NAN	
10.06	0.045	-0.09	0.183	-0.662655	NAN	
10.07	0.055	-0.087	0.1895	-0.6607925	NAN	
10.08	0.06	-0.083	0.1835	-0.6589275	NAN	
10.09	0.07	-0.08	0.1915	-0.6570525	NAN	
10.1	0.08	-0.0765	0.191	-0.65514	NAN	
10.11	0.085	-0.0735	0.1985	-0.6531925	NAN	
10.12	0.095	-0.0695	0.197	-0.651215	NAN	
10.13	0.1	-0.066	0.199	-0.649235	NAN	
10.14	0.11	-0.0635	0.2035	-0.6472225	NAN	
10.15	0.12	-0.0595	0.208	-0.645165	NAN	
10.16	0.125	-0.056	0.2065	-0.6430925	NAN	
10.17	0.135	-0.053	0.2115	-0.6410025	NAN	
10.18	0.14	-0.0495	0.2125	-0.6388825	NAN	
10.19	0.15	-0.046	0.2215	-0.6367125	NAN	
10.2	0.16	-0.0425	0.2165	-0.6345225	NAN	
10.21	0.165	-0.04	0.2215	-0.6323325	NAN	
10.22	0.175	-0.0365	0.2275	-0.6300875	NAN	
10.23	0.18	-0.033	0.2315	-0.6277925	NAN	
10.24	0.19	-0.0295	0.231	-0.62548	NAN	
10.25	0.2	-0.0265	0.23	-0.623175	NAN	
10.26	0.205	-0.023	0.236	-0.620845	NAN	
10.27	0.215	-0.0205	0.2475	-0.6184275	NAN	
10.28	0.22	-0.017	0.241	-0.615985	NAN	
10.29	0.23	-0.014	0.245	-0.613555	NAN	
10.3	0.24	-0.011	0.247	-0.611095	NAN	
10.31	0.245	-0.0075	0.2565	-0.6085775	NAN	
10.32	0.255	-0.0045	0.2555	-0.6060175	NAN	
10.33	0.26	-0.0015	0.2575	-0.6034525	NAN	
10.34	0.27	0.0015	0.263	-0.60085	NAN	
10.35	0.28	0.0045	0.267	-0.5982	NAN	
10.36	0.285	0.008	0.268	-0.595525	NAN	
10.37	0.295	0.011	0.272	-0.592825	NAN	
10.38	0.3	0.0135	0.273	-0.5901	NAN	
10.39	0.31	0.017	0.2835	-0.5873175	NAN	
10.4	0.32	0.02	0.2795	-0.5845025	NAN	
10.41	0.325	0.0225	0.2825	-0.5816925	NAN	
10.42	0.335	0.0255	0.2885	-0.5788375	NAN	
10.43	0.34	0.0285	0.2915	-0.5759375	NAN	
10.44	0.35	0.0315	0.2945	-0.5730075	NAN	
10.45	0.36	0.0345	0.2965	-0.5700525	NAN	
10.46	0.365	0.037	0.301	-0.567065	NAN	
10.47	0.375	0.04	0.3095	-0.5640125	NAN	
10.48	0.38	0.043	0.3055	-0.5609375	NAN	
10.49	0.39	0.0455	0.3115	-0.5578525	NAN	
10.5	0.4	0.0485	0.3145	-0.5547225	NAN	
10.51	0.405	0.051	0.3215	-0.5515425	NAN	
10.52	0.415	0.054	0.3215	-0.5483275	NAN	
10.53	0.42	0.056	0.3255	-0.5450925	NAN	
10.54	0.43	0.0585	0.3335	-0.5417975	NAN	
10.55	0.44	0.061	0.335	-0.538455	NAN	
10.56	0.445	0.064	0.335	-0.535105	NAN	
10.57	0.455	0.0665	0.343	-0.531715	NAN	
10.58	0.46	0.068	0.347	-0.528265	NAN	
10.59	0.47	0.071	0.3545	-0.5247575	NAN	
10.6	0.48	0.073	0.349	-0.52124	NAN	
10.61	0.485	0.076	0.36	-0.517695	NAN	
10.62	0.495	0.078	0.3675	-0.5140575	NAN	
10.63	0.5	0.08	0.368	-0.51038	NAN	
10.64	0.51	0.0825	0.371	-0.506685	NAN	
10.65	0.52	0.0845	0.377	-0.502945	NAN	
10.66	0.525	0.0865	0.383	-0.499145	NAN	
10.67	0.535	0.0885	0.3875	-0.4952925	NAN	
10.68	0.54	0.0905	0.389	-0.49141	NAN	
10.69	0.55	0.0925	0.401	-0.48746	NAN	
10.7	0.56	0.0945	0.398	-0.483465	NAN	
10.71	0.565	0.096	0.406	-0.479445	NAN	
10.72	0.575	0.0975	0.4145	-0.4753425	NAN	
10.73	0.58	0.0995	0.419	-0.471175	NAN	
10.74	0.59	0.1015	0.419	-0.466985	NAN	
10.75	0.6	0.103	0.4265	-0.4627575	NAN	
10.76	0.605	0.105	0.4345	-0.4584525	NAN	
10.77	0.615	0.1065	0.441	-0.454075	NAN	
10.78	0.62	0.108	0.4385	-0.4496775	NAN	
10.79	0.63	0.1095	0.453	-0.44522	NAN	
10.8	0.64	0.1115	0.4525	-0.4406925	NAN	
10.81	0.645	0.113	0.4575	-0.4361425	NAN	
10.82	0.655	0.1145	0.465	-0.43153	NAN	
10.83	0.66	0.116	0.47	-0.426855	NAN	
10.84	0.67	0.1175	0.473	-0.42214	NAN	
10.85	0.68	0.1195	0.48	-0.417375	NAN	
10.86	0.685	0.121	0.487	-0.41254	NAN	
10.87	0.695	0.1225	0.493	-0.40764	NAN	
10.88	0.7	0.1245	0.492	-0.402715	NAN	
10.89	0.71	0.126	0.509	-0.39771	NAN	
10.9	0.72	0.1275	0.5035	-0.3926475	NAN	
10.91	0.725	0.1295	0.5145	-0.3875575	NAN	
10.92	0.735	0.131	0.521	-0.38238	NAN	
10.93	0.74	0.1325	0.526	-0.377145	NAN	
10.94	0.75	0.1345	0.5275	-0.3718775	NAN	
10.95	0.76	0.136	0.536	-0.36656	NAN	
10.96	0.765	0.138	0.54	-0.36118	NAN	
10.97	0.775	0.1395	0.546	-0.35575	NAN	
10.98	0.78	0.1415	0.5495	-0.3502725	NAN	
10.99	0.79	0.1435	0.5605	-0.3447225	NAN	
11	0.8	0.145	0.555	-0.339145	NAN	
11.01	0.805	0.147	0.566	-0.33354	NAN	
11.02	0.815	0.149	0.575	-0.327835	NAN	
11.03	0.82	0.1505	0.5755	-0.3220825	NAN	
11.04	0.83	0.153	0.5795	-0.3163075	NAN	
11.05	0.84	0.155	0.587	-0.310475	NAN	
11.06	0.845	0.157	0.588	-0.3046	NAN	
11.07	0.855	0.159	0.5975	-0.2986725	NAN	
11.08	0.86	0.1615	0.6	-0.292685	NAN	
11.09	0.87	0.163	0.6055	-0.2866575	NAN	
11.1	0.88	0.166	0.603	-0.280615	NAN	
11.11	0.885	0.168	0.619	-0.274505	NAN	
11.12	0.895	0.1705	0.617	-0.268325	NAN	
11.13	0.9	0.173	0.6195	-0.2621425	NAN	
11.14	0.91	0.175	0.627	-0.25591	NAN	
11.15	0.92	0.1775	0.6285	-0.2496325	NAN	
11.16	0.925	0.1805	0.6325	-0.2433275	NAN	
11.17	0.935	0.183	0.6445	-0.2369425	NAN	
11.18	0.94	0.186	0.636	-0.23054	NAN	
11.19	0.95	0.1885	0.646	-0.22413	NAN	
11.2	0.96	0.1915	0.647	-0.217665	NAN	
11.21	0.965	0.1945	0.6495	-0.2111825	NAN	
11.22	0.975	0.1975	0.6515	-0.2046775	NAN	
11.23	0.98	0.201	0.657	-0.198135	NAN	
11.24	0.99	0.204	0.655	-0.191575	NAN	
11.25	1	0.2075	0.6595	-0.1850025	NAN	
11.26	1.005	0.211	0.6625	-0.1783925	NAN	
11.27	1.015	0.2145	0.665	-0.171755	NAN	
11.28	1.02	0.218	0.663	-0.165115	NAN	
11.29	1.03	0.222	0.673	-0.158435	NAN	
11.3	1.04	0.226	0.6625	-0.1517575	NAN	
11.31	1.045	0.23	0.673	-0.14508	NAN	
11.32	1.055	0.234	0.6715	-0.1383575	NAN	
11.33	1.06	0.2385	0.672	-0.13164	NAN	
11.34	1.07	0.243	0.673	-0.124915	NAN	
11.35	1.08	0.2475	0.6735	-0.1181825	NAN	
11.36	1.085	0.253	0.666	-0.111485	NAN	
11.37	1.095	0.258	0.677	-0.10477	NAN	
11.38	1.1	0.263	0.667	-0.09805	NAN	
11.39	1.11	0.2685	0.6695	-0.0913675	NAN	
11.4	1.12	0.2745	0.664	-0.0847	NAN	
11.41	1.125	0.28	0.666	-0.07805	NAN	
11.42	1.135	0.2865	0.661	-0.071415	NAN	
11.43	1.14	0.293	0.664	-0.06479	NAN	
11.44	1.15	0.2995	0.6545	-0.0581975	NAN	
11.45	1.16	0.306	0.6515	-0.0516675	NAN	
11.46	1.165	0.313	0.6495	-0.0451625	NAN	
11.47	1.175	0.3205	0.6485	-0.0386725	NAN	
11.48	1.18	0.328	0.6375	-0.0322425	NAN	
11.49	1.19	0.3355	0.641	-0.02585	NAN	
11.5	1.2	0.3435	0.625	-0.01952	NAN	
11.51	1.205	0.3515	0.627	-0.01326	NAN	
11.52	1.215	0.36	0.6215	-0.0070175	NAN	
11.53	1.22	0.3685	0.6125	-0.0008475	NAN	
11.54	1.23	0.3775	0.6035	0.0052325	NAN	
11.55	1.24	0.3865	0.603	0.011265	NAN	
11.56	1.245	0.3955	0.589	0.017225	NAN	
11.57	1.255	0.4055	0.588	0.02311	NAN	
11.58	1.26	0.415	0.574	0.02892	NAN	
11.59	1.27	0.425	0.57	0.03464	NAN	
11.6	1.28	0.435	0.5525	0.0402525	NAN	
11.61	1.285	0.4455	0.5525	0.0457775	NAN	
11.62	1.295	0.4565	0.5365	0.0512225	NAN	
11.63	1.3	0.467	0.5255	0.0565325	NAN	
11.64	1.31	0.4785	0.5165	0.0617425	NAN	
11.65	1.32	0.4895	0.5095	0.0668725	NAN	
11.66	1.325	0.5015	0.49	0.07187	NAN	
11.67	1.335	0.5135	0.487	0.076755	NAN	
11.68	1.34	0.5255	0.47	0.08154	NAN	
11.69	1.35	0.538	0.4615	0.0861975	NAN	
11.7	1.36	0.551	0.44	0.090705	NAN	
11.71	1.365	0.5635	0.4385	0.0950975	NAN	
11.72	1.375	0.577	0.418	0.09938	NAN	
11.73	1.38	0.59	0.406	0.1035	NAN	
11.74	1.39	0.6035	0.3915	0.1074875	NAN	
11.75	1.4	0.617	0.3805	0.1113475	NAN	
11.76	1.405	0.6305	0.3585	0.1150425	NAN	
11.77	1.415	0.6445	0.3515	0.1185925	NAN	
11.78	1.42	0.658	0.3335	0.1220175	NAN	
11.79	1.43	0.672	0.3265	0.1253175	NAN	
11.8	1.44	0.6855	0.301	0.128455	NAN	
11.81	1.445	0.6995	0.294	0.13143	NAN	
11.82	1.455	0.7125	0.2795	0.1342975	NAN	
11.83	1.46	0.7265	0.2695	0.1370425	NAN	
11.84	1.47	0.7395	0.249	0.139635	NAN	
11.85	1.48	0.753	0.2355	0.1420575	NAN	
11.86	1.485	0.7655	0.225	0.14436	NAN	
11.87	1.495	0.7785	0.222	0.146595	NAN	
11.88	1.5	0.7905	0.1985	0.1486975	NAN	
11.89	1.51	0.803	0.1925	0.1506525	NAN	
11.9	1.52	0.814	0.1765	0.1524975	NAN	
11.91	1.525	0.8255	0.177	0.154265	NAN	
11.92	1.535	0.8365	0.163	0.155965	NAN	
11.93	1.54	0.8475	0.1525	0.1575425	NAN	
11.94	1.55	0.858	0.14	0.159005	NAN	
11.95	1.56	0.8675	0.1395	0.1604025	NAN	
11.96	1.565	0.8775	0.13	0.16175	NAN	
11.97	1.575	0.887	0.1315	0.1630575	NAN	
11.98	1.58	0.896	0.1125	0.1642775	NAN	
11.99	1.59	0.905	0.111	0.165395	NAN	
12	1.6	0.9135	0.1	0.16645	NAN	
12.01	1.605	0.9215	0.103	0.167465	NAN	
12.02	1.615	0.929	0.095	0.168455	NAN	
12.03	1.62	0.937	0.09	0.16938	NAN	
12.04	1.63	0.944	0.081	0.170235	NAN	
12.05	1.64	0.9515	0.085	0.171065	NAN	
12.06	1.645	0.958	0.081	0.171895	NAN	
12.07	1.655	0.9645	0.0835	0.1727175	NAN	
12.08	1.66	0.9715	0.0695	0.1734825	NAN	
12.09	1.67	0.978	0.075	0.174205	NAN	
12.1	1.68	0.984	0.0655	0.1749075	NAN	
12.11	1.685	0.9905	0.0695	0.1755825	NAN	
12.12	1.695	0.9965	0.0655	0.1762575	NAN	
12.13	1.7	1.0025	0.067	0.17692	NAN	
12.14	1.71	1.0085	0.0575	0.1775425	NAN	
12.15	1.72	1.014	0.059	0.178125	NAN	
12.16	1.725	1.0195	0.055	0.178695	NAN	
12.17	1.735	1.02	0.0645	0.1792925	NAN	
12.18	1.74	1.02	0.054	0.179885	NAN	
12.19	1.75	1.02	0.0585	0.1804475	NAN	
12.2	1.76	1.02	0.046	0.18097	NAN	
12.21	1.765	1.02	0.0545	0.1814725	NAN	
12.22	1.775	1.02	0.052	0.182005	NAN	
12.23	1.78	1.02	0.0565	0.1825475	NAN	
12.24	1.79	1.02	0.049	0.183075	NAN	
12.25	1.8	1.02	0.0485	0.1835625	NAN	
12.26	1.805	1.02	0.045	0.18403	NAN	
12.27	1.815	1.02	0.0525	0.1845175	NAN	
12.28	1.82	1.02	0.0465	0.1850125	NAN	
12.29	1.83	1.02	0.052	0.185505	NAN	
12.3	1.84	1.02	0.043	0.18598	NAN	
12.31	1.845	1.02	0.0475	0.1864325	NAN	
12.32	1.855	1.02	0.043	0.186885	NAN	
12.33	1.86	1.02	0.0475	0.1873375	NAN	
12.34	1.87	1.02	0.0455	0.1878025	NAN	
12.35	1.88	1.02	0.0485	0.1882725	NAN	
12.36	1.885	1.02	0.0405	0.1887175	NAN	
12.37	1.895	1.02	0.045	0.189145	NAN	
12.38	1.9	1.02	0.0385	0.1895625	NAN	
12.39	1.91	1.02	0.001	0.18976	NAN	
12.4	1.92	1.02	0.045	0.18999	NAN	
12.41	1.925	1.02	-0.0025	0.1902025	NAN	
12.42	1.935	1.02	0.0075	0.1902275	NAN	
12.43	1.94	1.02	0.0005	0.1902675	NAN	
12.44	1.95	1.02	0.0105	0.1903225	NAN	
12.45	1.96	1.02	0.002	0.190385	NAN	
12.46	1.965	1.02	0.003	0.19041	NAN	
12.47	1.975	1.02	-0.0075	0.1903875	NAN	
12.48	1.98	1.02	-0.0005	0.1903475	NAN	
12.49	1.99	1.02	0.0015	0.1903525	NAN	
12.5	2	1.02	0.003	0.190375	NAN	
