MIN=0	-10	-1	-1	-2	0	
MAX=12.5	10	1	1	2	50	
SCALE=5	5	0.5	0.5	1	10	
DEC=2	2	3	3	2	2	
DEF="Time" t / s	"Voltage" U_1 / V	"Current" I_1 / A	"Voltage" U_B2 / V	"Magnetic Flux" &F / Vs	"Frequency" f / Hz	
0	0	0.0005	-0.0045	0	NAN	
0.01	0.005	0.0005	0.0055	5E-6	NAN	
0.02	0.015	0.0015	0.0075	7E-5	NAN	
0.03	0.02	0.003	0.0135	0.000175	NAN	
0.04	0.03	0.0045	0.018	0.0003325	NAN	
0.05	0.04	0.0065	0.023	0.0005375	NAN	
0.06	0.045	0.0085	0.0275	0.00079	NAN	
0.07	0.055	0.0115	0.04	0.0011275	NAN	
0.08	0.06	0.0135	0.0345	0.0015	NAN	
0.09	0.07	0.0165	0.0465	0.001905	NAN	
0.1	0.08	0.019	0.041	0.0023425	NAN	
0.11	0.085	0.0225	0.064	0.0028675	NAN	
0.12	0.095	0.025	0.046	0.0034175	NAN	
0.13	0.1	0.0285	0.051	0.0039025	NAN	
0.14	0.11	0.0315	0.0595	0.004455	NAN	
0.15	0.12	0.035	0.0545	0.005025	NAN	
0.16	0.125	0.0385	0.055	0.0055725	NAN	
0.17	0.135	0.0425	0.065	0.0061725	NAN	
0.18	0.14	0.0455	0.06	0.0067975	NAN	
0.19	0.15	0.0485	0.0705	0.00745	NAN	
0.2	0.16	0.0525	0.067	0.0081375	NAN	
0.21	0.165	0.0565	0.0755	0.00885	NAN	
0.22	0.175	0.06	0.074	0.0095975	NAN	
0.23	0.18	0.0635	0.081	0.0103725	NAN	
0.24	0.19	0.0675	0.0785	0.01117	NAN	
0.25	0.2	0.0715	0.0835	0.01198	NAN	
0.26	0.205	0.075	0.0805	0.0128	NAN	
0.27	0.215	0.079	0.0875	0.01364	NAN	
0.28	0.22	0.0825	0.0815	0.014485	NAN	
0.29	0.23	0.0865	0.088	0.0153325	NAN	
0.3	0.24	0.0905	0.0875	0.01621	NAN	
0.31	0.245	0.0945	0.0915	0.017105	NAN	
0.32	0.255	0.098	0.0865	0.017995	NAN	
0.33	0.26	0.102	0.0955	0.018905	NAN	
0.34	0.27	0.106	0.091	0.0198375	NAN	
0.35	0.28	0.1095	0.1055	0.02082	NAN	
0.36	0.285	0.113	0.093	0.0218125	NAN	
0.37	0.295	0.1165	0.1065	0.02281	NAN	
0.38	0.3	0.12	0.099	0.0238375	NAN	
0.39	0.31	0.123	0.1205	0.024935	NAN	
0.4	0.32	0.126	0.114	0.0261075	NAN	
0.41	0.325	0.129	0.126	0.0273075	NAN	
0.42	0.335	0.1315	0.125	0.0285625	NAN	
0.43	0.34	0.1335	0.133	0.0298525	NAN	
0.44	0.35	0.1355	0.131	0.0311725	NAN	
0.45	0.36	0.1375	0.1395	0.032525	NAN	
0.46	0.365	0.139	0.138	0.0339125	NAN	
0.47	0.375	0.141	0.1545	0.035375	NAN	
0.48	0.38	0.1425	0.1555	0.036925	NAN	
0.49	0.39	0.144	0.1595	0.0385	NAN	
0.5	0.4	0.1455	0.163	0.0401125	NAN	
0.51	0.405	0.1465	0.167	0.0417625	NAN	
0.52	0.415	0.1485	0.1735	0.043465	NAN	
0.53	0.42	0.1495	0.182	0.0452425	NAN	
0.54	0.43	0.151	0.1875	0.04709	NAN	
0.55	0.44	0.153	0.1965	0.04901	NAN	
0.56	0.445	0.154	0.2075	0.05103	NAN	
0.57	0.455	0.1555	0.2105	0.05312	NAN	
0.58	0.46	0.157	0.203	0.0551875	NAN	
0.59	0.47	0.1585	0.2155	0.05728	NAN	
0.6	0.48	0.1595	0.221	0.0594625	NAN	
0.61	0.485	0.161	0.232	0.0617275	NAN	
0.62	0.495	0.1625	0.234	0.0640575	NAN	
0.63	0.5	0.164	0.241	0.0664325	NAN	
0.64	0.51	0.165	0.2435	0.068855	NAN	
0.65	0.52	0.167	0.253	0.0713375	NAN	
0.66	0.525	0.1685	0.2565	0.073885	NAN	
0.67	0.535	0.1695	0.273	0.0765325	NAN	
0.68	0.54	0.171	0.2655	0.079225	NAN	
0.69	0.55	0.1725	0.278	0.0819425	NAN	
0.7	0.56	0.174	0.276	0.0847125	NAN	
0.71	0.565	0.176	0.288	0.0875325	NAN	
0.72	0.575	0.177	0.2895	0.09042	NAN	
0.73	0.58	0.1785	0.296	0.0933475	NAN	
0.74	0.59	0.18	0.3005	0.09633	NAN	
0.75	0.6	0.182	0.307	0.0993675	NAN	
0.76	0.605	0.1835	0.309	0.1024475	NAN	
0.77	0.615	0.185	0.3255	0.10562	NAN	
0.78	0.62	0.187	0.3195	0.108845	NAN	
0.79	0.63	0.1885	0.326	0.1120725	NAN	
0.8	0.64	0.19	0.328	0.1153425	NAN	
0.81	0.645	0.1915	0.3385	0.118675	NAN	
0.82	0.655	0.1935	0.342	0.1220775	NAN	
0.83	0.66	0.1955	0.349	0.1255325	NAN	
0.84	0.67	0.197	0.3525	0.12904	NAN	
0.85	0.68	0.199	0.363	0.1326175	NAN	
0.86	0.685	0.201	0.364	0.1362525	NAN	
0.87	0.695	0.203	0.3715	0.13993	NAN	
0.88	0.7	0.2045	0.3705	0.14364	NAN	
0.89	0.71	0.207	0.3805	0.147395	NAN	
0.9	0.72	0.209	0.3785	0.15119	NAN	
0.91	0.725	0.211	0.3875	0.15502	NAN	
0.92	0.735	0.213	0.39	0.1589075	NAN	
0.93	0.74	0.2155	0.398	0.1628475	NAN	
0.94	0.75	0.2175	0.398	0.1668275	NAN	
0.95	0.76	0.22	0.404	0.1708375	NAN	
0.96	0.765	0.2225	0.4035	0.174875	NAN	
0.97	0.775	0.225	0.417	0.1789775	NAN	
0.98	0.78	0.2275	0.4075	0.1831	NAN	
0.99	0.79	0.2305	0.4215	0.187245	NAN	
1	0.8	0.2335	0.4135	0.19142	NAN	
1.01	0.805	0.2365	0.4265	0.19562	NAN	
1.02	0.815	0.2395	0.424	0.1998725	NAN	
1.03	0.82	0.243	0.428	0.2041325	NAN	
1.04	0.83	0.2465	0.4275	0.20841	NAN	
1.05	0.84	0.25	0.4325	0.21271	NAN	
1.06	0.845	0.2545	0.4295	0.21702	NAN	
1.07	0.855	0.2585	0.4395	0.221365	NAN	
1.08	0.86	0.2625	0.428	0.2257025	NAN	
1.09	0.87	0.267	0.4395	0.23004	NAN	
1.1	0.88	0.272	0.4285	0.23438	NAN	
1.11	0.885	0.277	0.439	0.2387175	NAN	
1.12	0.895	0.282	0.433	0.2430775	NAN	
1.13	0.9	0.2875	0.435	0.2474175	NAN	
1.14	0.91	0.2935	0.431	0.2517475	NAN	
1.15	0.92	0.299	0.432	0.2560625	NAN	
1.16	0.925	0.3055	0.4275	0.26036	NAN	
1.17	0.935	0.3115	0.4385	0.26469	NAN	
1.18	0.94	0.318	0.417	0.2689675	NAN	
1.19	0.95	0.325	0.4285	0.273195	NAN	
1.2	0.96	0.3315	0.412	0.2773975	NAN	
1.21	0.965	0.338	0.4215	0.281565	NAN	
1.22	0.975	0.3455	0.417	0.2857575	NAN	
1.23	0.98	0.353	0.4095	0.28989	NAN	
1.24	0.99	0.36	0.403	0.2939525	NAN	
1.25	1	0.3675	0.4015	0.297975	NAN	
1.26	1.005	0.3745	0.3925	0.301945	NAN	
1.27	1.015	0.3825	0.397	0.3058925	NAN	
1.28	1.02	0.39	0.3845	0.3098	NAN	
1.29	1.03	0.398	0.3885	0.313665	NAN	
1.3	1.04	0.4055	0.373	0.3174725	NAN	
1.31	1.045	0.4135	0.382	0.3212475	NAN	
1.32	1.055	0.421	0.3715	0.325015	NAN	
1.33	1.06	0.429	0.3705	0.328725	NAN	
1.34	1.07	0.437	0.361	0.3323825	NAN	
1.35	1.08	0.445	0.3545	0.33596	NAN	
1.36	1.085	0.453	0.345	0.3394575	NAN	
1.37	1.095	0.461	0.346	0.3429125	NAN	
1.38	1.1	0.469	0.3315	0.3463	NAN	
1.39	1.11	0.477	0.338	0.3496475	NAN	
1.4	1.12	0.485	0.324	0.3529575	NAN	
1.41	1.125	0.4935	0.3245	0.3562	NAN	
1.42	1.135	0.5015	0.314	0.3593925	NAN	
1.43	1.14	0.5095	0.3185	0.362555	NAN	
1.44	1.15	0.5175	0.3025	0.36566	NAN	
1.45	1.16	0.5255	0.3035	0.36869	NAN	
1.46	1.165	0.534	0.293	0.3716725	NAN	
1.47	1.175	0.542	0.296	0.3746175	NAN	
1.48	1.18	0.55	0.2815	0.377505	NAN	
1.49	1.19	0.5585	0.2835	0.38033	NAN	
1.5	1.2	0.5665	0.271	0.3831025	NAN	
1.51	1.205	0.5745	0.2735	0.385825	NAN	
1.52	1.215	0.583	0.2615	0.3885	NAN	
1.53	1.22	0.5905	0.262	0.3911175	NAN	
1.54	1.23	0.599	0.25	0.3936775	NAN	
1.55	1.24	0.607	0.275	0.3963025	NAN	
1.56	1.245	0.615	0.2395	0.398875	NAN	
1.57	1.255	0.623	0.2425	0.401285	NAN	
1.58	1.26	0.6315	0.2335	0.403665	NAN	
1.59	1.27	0.6395	0.225	0.4059575	NAN	
1.6	1.28	0.6475	0.219	0.4081775	NAN	
1.61	1.285	0.6555	0.2165	0.410355	NAN	
1.62	1.295	0.663	0.21	0.4124875	NAN	
1.63	1.3	0.671	0.2155	0.414615	NAN	
1.64	1.31	0.679	0.1955	0.41667	NAN	
1.65	1.32	0.6865	0.196	0.4186275	NAN	
1.66	1.325	0.694	0.189	0.4205525	NAN	
1.67	1.335	0.702	0.1915	0.422455	NAN	
1.68	1.34	0.7095	0.1775	0.4243	NAN	
1.69	1.35	0.717	0.1795	0.426085	NAN	
1.7	1.36	0.725	0.168	0.4278225	NAN	
1.71	1.365	0.7325	0.1715	0.42952	NAN	
1.72	1.375	0.74	0.1625	0.43119	NAN	
1.73	1.38	0.7475	0.162	0.4328125	NAN	
1.74	1.39	0.7545	0.154	0.4343925	NAN	
1.75	1.4	0.762	0.1565	0.435945	NAN	
1.76	1.405	0.7695	0.1485	0.43747	NAN	
1.77	1.415	0.7765	0.153	0.4389775	NAN	
1.78	1.42	0.7835	0.142	0.4404525	NAN	
1.79	1.43	0.7905	0.146	0.4418925	NAN	
1.8	1.44	0.7975	0.136	0.4433025	NAN	
1.81	1.445	0.8045	0.1385	0.444675	NAN	
1.82	1.455	0.8115	0.1335	0.446035	NAN	
1.83	1.46	0.8185	0.1305	0.447355	NAN	
1.84	1.47	0.825	0.123	0.4486225	NAN	
1.85	1.48	0.8315	0.1235	0.449855	NAN	
1.86	1.485	0.8385	0.1155	0.45105	NAN	
1.87	1.495	0.845	0.1205	0.45223	NAN	
1.88	1.5	0.8515	0.108	0.4533725	NAN	
1.89	1.51	0.858	0.1125	0.454475	NAN	
1.9	1.52	0.864	0.1015	0.455545	NAN	
1.91	1.525	0.871	0.1065	0.456585	NAN	
1.92	1.535	0.877	0.103	0.4576325	NAN	
1.93	1.54	0.883	0.103	0.4586625	NAN	
1.94	1.55	0.889	0.0985	0.45967	NAN	
1.95	1.56	0.8955	0.1005	0.460665	NAN	
1.96	1.565	0.9015	0.0935	0.461635	NAN	
1.97	1.575	0.908	0.1025	0.462615	NAN	
1.98	1.58	0.9135	0.0925	0.46359	NAN	
1.99	1.59	0.92	0.0975	0.46454	NAN	
2	1.6	0.9255	0.0885	0.46547	NAN	
2.01	1.605	0.9315	0.0895	0.46636	NAN	
2.02	1.615	0.9375	0.087	0.4672425	NAN	
2.03	1.62	0.943	0.085	0.4681025	NAN	
2.04	1.63	0.9485	0.081	0.4689325	NAN	
2.05	1.64	0.9545	0.0805	0.46974	NAN	
2.06	1.645	0.96	0.074	0.4705125	NAN	
2.07	1.655	0.9655	0.0805	0.471285	NAN	
2.08	1.66	0.971	0.073	0.4720525	NAN	
2.09	1.67	0.9765	0.078	0.4728075	NAN	
2.1	1.68	0.982	0.071	0.4735525	NAN	
2.11	1.685	0.9875	0.077	0.4742925	NAN	
2.12	1.695	0.9925	0.075	0.4750525	NAN	
2.13	1.7	0.9985	0.075	0.4758025	NAN	
2.14	1.71	1.0035	0.0725	0.47654	NAN	
2.15	1.72	1.009	0.0715	0.47726	NAN	
2.16	1.725	1.014	0.066	0.4779475	NAN	
2.17	1.735	1.0195	0.071	0.4786325	NAN	
2.18	1.74	1.02	0.0605	0.47929	NAN	
2.19	1.75	1.02	0.067	0.4799275	NAN	
2.2	1.76	1.02	0.0575	0.48055	NAN	
2.21	1.765	1.02	0.064	0.4811575	NAN	
2.22	1.775	1.02	0.062	0.4817875	NAN	
2.23	1.78	1.02	0.063	0.4824125	NAN	
2.24	1.79	1.02	0.0635	0.483045	NAN	
2.25	1.8	1.02	0.0635	0.48368	NAN	
2.26	1.805	1.02	0.0625	0.48431	NAN	
2.27	1.815	1.02	0.0655	0.48495	NAN	
2.28	1.82	1.02	0.06	0.4855775	NAN	
2.29	1.83	1.02	0.063	0.4861925	NAN	
2.3	1.84	1.02	0.0545	0.48678	NAN	
2.31	1.845	1.02	0.059	0.4873475	NAN	
2.32	1.855	1.02	0.0555	0.48792	NAN	
2.33	1.86	1.02	0.0565	0.48848	NAN	
2.34	1.87	1.02	0.052	0.4890225	NAN	
2.35	1.88	1.02	0.0545	0.489555	NAN	
2.36	1.885	1.02	0.0515	0.490085	NAN	
2.37	1.895	1.02	0.0575	0.49063	NAN	
2.38	1.9	1.02	0.0545	0.49119	NAN	
2.39	1.91	1.02	-0.0015	0.491455	NAN	
2.4	1.92	1.02	-0.0115	0.49139	NAN	
2.41	1.925	1.02	-0.0025	0.49132	NAN	
2.42	1.935	1.02	-0.0185	0.491215	NAN	
2.43	1.94	1.02	0.0015	0.49113	NAN	
2.44	1.95	1.02	-0.0135	0.49107	NAN	
2.45	1.96	1.02	-0.005	0.4909775	NAN	
2.46	1.965	1.02	-0.0135	0.490885	NAN	
2.47	1.975	1.02	-0.005	0.4907925	NAN	
2.48	1.98	1.02	-0.0155	0.49069	NAN	
2.49	1.99	1.02	-0.006	0.4905825	NAN	
2.5	2	1.02	-0.0155	0.490475	NAN	
2.51	1.995	1.02	-0.0075	0.49036	NAN	
2.52	1.985	1.02	-0.019	0.4902275	NAN	
2.53	1.98	1.02	-0.014	0.4900625	NAN	
2.54	1.97	1.02	-0.018	0.4899025	NAN	
2.55	1.96	1.02	-0.013	0.4897475	NAN	
2.56	1.955	1.02	-0.017	0.4895975	NAN	
2.57	1.945	1.02	-0.0035	0.489495	NAN	
2.58	1.94	1.02	-0.0225	0.489365	NAN	
2.59	1.93	1.02	-0.0045	0.48923	NAN	
2.6	1.92	1.02	-0.013	0.4891425	NAN	
2.61	1.915	1.02	-0.0045	0.489055	NAN	
2.62	1.905	1.02	-0.014	0.4889625	NAN	
2.63	1.9	1.02	-0.005	0.4888675	NAN	
2.64	1.89	1.02	-0.0165	0.48876	NAN	
2.65	1.88	1.02	-0.007	0.4886425	NAN	
2.66	1.875	1.02	-0.016	0.4885275	NAN	
2.67	1.865	1.02	-0.011	0.4883925	NAN	
2.68	1.86	1.02	0.0055	0.488365	NAN	
2.69	1.85	1.02	-0.01	0.4883425	NAN	
2.7	1.84	1.02	-0.002	0.4882825	NAN	
2.71	1.835	1.02	-0.007	0.4882375	NAN	
2.72	1.825	1.02	-0.0115	0.488145	NAN	
2.73	1.82	1.02	-0.0105	0.488035	NAN	
2.74	1.81	1.02	-0.0125	0.48792	NAN	
2.75	1.8	1.02	-0.011	0.4878025	NAN	
2.76	1.795	1.02	-0.0145	0.487675	NAN	
2.77	1.785	1.02	-0.015	0.4875275	NAN	
2.78	1.78	1.02	-0.0165	0.48737	NAN	
2.79	1.77	1.02	-0.014	0.4872175	NAN	
2.8	1.76	1.02	-0.0145	0.487075	NAN	
2.81	1.755	1.02	-0.0145	0.48693	NAN	
2.82	1.745	1.02	-0.017	0.4867725	NAN	
2.83	1.74	1.02	-0.0145	0.486615	NAN	
2.84	1.73	1.02	-0.015	0.4864675	NAN	
2.85	1.72	1.02	-0.0125	0.48633	NAN	
2.86	1.715	1.02	-0.0155	0.48619	NAN	
2.87	1.705	1.02	-0.015	0.4860375	NAN	
2.88	1.7	1.02	-0.016	0.4858825	NAN	
2.89	1.69	1.02	-0.0155	0.485725	NAN	
2.9	1.68	1.02	-0.017	0.4855625	NAN	
2.91	1.675	1.02	-0.0155	0.4854	NAN	
2.92	1.665	1.02	-0.02	0.4852225	NAN	
2.93	1.66	1.02	-0.0175	0.485035	NAN	
2.94	1.65	1.02	-0.021	0.4848425	NAN	
2.95	1.64	1.02	-0.0195	0.48464	NAN	
2.96	1.635	1.02	-0.021	0.4844375	NAN	
2.97	1.625	1.018	-0.023	0.4842175	NAN	
2.98	1.62	1.0135	-0.0235	0.483985	NAN	
2.99	1.61	1.009	-0.023	0.4837525	NAN	
3	1.6	1.004	-0.024	0.4835175	NAN	
3.01	1.595	1	-0.0215	0.48329	NAN	
3.02	1.585	0.995	-0.0245	0.48306	NAN	
3.03	1.58	0.9905	-0.022	0.4828275	NAN	
3.04	1.57	0.986	-0.0235	0.4826	NAN	
3.05	1.56	0.9815	-0.022	0.4823725	NAN	
3.06	1.555	0.9765	-0.0215	0.482155	NAN	
3.07	1.545	0.972	-0.024	0.4819275	NAN	
3.08	1.54	0.9675	-0.021	0.4817025	NAN	
3.09	1.53	0.9625	-0.022	0.4814875	NAN	
3.1	1.52	0.958	-0.0215	0.48127	NAN	
3.11	1.515	0.9535	-0.021	0.4810575	NAN	
3.12	1.505	0.9485	-0.0245	0.48083	NAN	
3.13	1.5	0.9435	-0.02	0.4806075	NAN	
3.14	1.49	0.9385	-0.023	0.4803925	NAN	
3.15	1.48	0.934	-0.02	0.4801775	NAN	
3.16	1.475	0.929	-0.0225	0.479965	NAN	
3.17	1.465	0.9245	-0.0235	0.479735	NAN	
3.18	1.46	0.921	-0.023	0.4795025	NAN	
3.19	1.45	0.915	-0.024	0.4792675	NAN	
3.2	1.44	0.9105	-0.024	0.4790275	NAN	
3.21	1.435	0.9055	-0.025	0.4787825	NAN	
3.22	1.425	0.901	-0.0295	0.47851	NAN	
3.23	1.42	0.896	-0.0255	0.478235	NAN	
3.24	1.41	0.891	-0.0295	0.47796	NAN	
3.25	1.4	0.8865	-0.0265	0.47768	NAN	
3.26	1.395	0.8815	-0.0295	0.4774	NAN	
3.27	1.385	0.877	-0.033	0.4770875	NAN	
3.28	1.38	0.872	-0.028	0.4767825	NAN	
3.29	1.37	0.8675	-0.032	0.4764825	NAN	
3.3	1.36	0.863	-0.0275	0.476185	NAN	
3.31	1.355	0.858	-0.0275	0.47591	NAN	
3.32	1.345	0.8535	-0.0315	0.475615	NAN	
3.33	1.34	0.8485	-0.029	0.4753125	NAN	
3.34	1.33	0.844	-0.0305	0.475015	NAN	
3.35	1.32	0.839	-0.03	0.4747125	NAN	
3.36	1.315	0.834	-0.024	0.4744425	NAN	
3.37	1.305	0.8295	-0.0405	0.47412	NAN	
3.38	1.3	0.8245	-0.0285	0.473775	NAN	
3.39	1.29	0.82	-0.025	0.4735075	NAN	
3.4	1.28	0.8155	-0.0245	0.47326	NAN	
3.41	1.275	0.811	-0.03	0.4729875	NAN	
3.42	1.265	0.806	-0.0275	0.4727	NAN	
3.43	1.26	0.8015	-0.027	0.4724275	NAN	
3.44	1.25	0.797	-0.032	0.4721325	NAN	
3.45	1.24	0.7925	-0.03	0.4718225	NAN	
3.46	1.235	0.7875	-0.033	0.4715075	NAN	
3.47	1.225	0.783	-0.0345	0.47117	NAN	
3.48	1.22	0.7785	-0.037	0.4708125	NAN	
3.49	1.21	0.774	-0.036	0.4704475	NAN	
3.5	1.2	0.769	-0.035	0.4700925	NAN	
3.51	1.195	0.764	-0.0355	0.46974	NAN	
3.52	1.185	0.7595	-0.04	0.4693625	NAN	
3.53	1.18	0.755	-0.0365	0.46898	NAN	
3.54	1.17	0.7505	-0.037	0.4686125	NAN	
3.55	1.16	0.746	-0.0335	0.46826	NAN	
3.56	1.155	0.741	-0.037	0.4679075	NAN	
3.57	1.145	0.7365	-0.0395	0.467525	NAN	
3.58	1.14	0.7315	-0.034	0.4671575	NAN	
3.59	1.13	0.7275	-0.036	0.4668075	NAN	
3.6	1.12	0.7225	-0.0355	0.46645	NAN	
3.61	1.115	0.718	-0.0335	0.466105	NAN	
3.62	1.105	0.7135	-0.0335	0.46577	NAN	
3.63	1.1	0.709	-0.032	0.4654425	NAN	
3.64	1.09	0.704	-0.034	0.4651125	NAN	
3.65	1.08	0.7	-0.0445	0.46472	NAN	
3.66	1.075	0.695	-0.0365	0.464315	NAN	
3.67	1.065	0.6905	-0.0385	0.46394	NAN	
3.68	1.06	0.686	-0.0365	0.463565	NAN	
3.69	1.05	0.6815	-0.0385	0.46319	NAN	
3.7	1.04	0.677	-0.048	0.4627575	NAN	
3.71	1.035	0.672	-0.039	0.4623225	NAN	
3.72	1.025	0.6675	-0.0475	0.46189	NAN	
3.73	1.02	0.663	-0.063	0.4613375	NAN	
3.74	1.01	0.6585	-0.046	0.4607925	NAN	
3.75	1	0.6535	-0.0475	0.460325	NAN	
3.76	0.995	0.649	-0.0615	0.45978	NAN	
3.77	0.985	0.6445	-0.046	0.4592425	NAN	
3.78	0.98	0.64	-0.038	0.4588225	NAN	
3.79	0.97	0.6355	-0.059	0.4583375	NAN	
3.8	0.96	0.6305	-0.0445	0.45782	NAN	
3.81	0.955	0.626	-0.048	0.4573575	NAN	
3.82	0.945	0.6215	-0.047	0.4568825	NAN	
3.83	0.94	0.617	-0.045	0.4564225	NAN	
3.84	0.93	0.6125	-0.0475	0.45596	NAN	
3.85	0.92	0.608	-0.047	0.4554875	NAN	
3.86	0.915	0.6035	-0.047	0.4550175	NAN	
3.87	0.905	0.599	-0.0485	0.45454	NAN	
3.88	0.9	0.5945	-0.047	0.4540625	NAN	
3.89	0.89	0.59	-0.051	0.4535725	NAN	
3.9	0.88	0.585	-0.049	0.4530725	NAN	
3.91	0.875	0.5805	-0.053	0.4525625	NAN	
3.92	0.865	0.5755	-0.0545	0.452025	NAN	
3.93	0.86	0.571	-0.0545	0.45148	NAN	
3.94	0.85	0.5665	-0.0565	0.450925	NAN	
3.95	0.84	0.562	-0.058	0.4503525	NAN	
3.96	0.835	0.557	-0.0575	0.449775	NAN	
3.97	0.825	0.5525	-0.064	0.4491675	NAN	
3.98	0.82	0.548	-0.058	0.4485575	NAN	
3.99	0.81	0.5435	-0.0635	0.44795	NAN	
4	0.8	0.539	-0.0585	0.44734	NAN	
4.01	0.795	0.5345	-0.0615	0.44674	NAN	
4.02	0.785	0.53	-0.0625	0.44612	NAN	
4.03	0.78	0.525	-0.061	0.4455025	NAN	
4.04	0.77	0.5205	-0.0605	0.444895	NAN	
4.05	0.76	0.516	-0.0605	0.44429	NAN	
4.06	0.755	0.5115	-0.06	0.4436875	NAN	
4.07	0.745	0.507	-0.066	0.4430575	NAN	
4.08	0.74	0.502	-0.0605	0.442425	NAN	
4.09	0.73	0.498	-0.0675	0.441785	NAN	
4.1	0.72	0.4935	-0.0635	0.44113	NAN	
4.11	0.715	0.489	-0.0685	0.44047	NAN	
4.12	0.705	0.4845	-0.07	0.4397775	NAN	
4.13	0.7	0.4795	-0.07	0.4390775	NAN	
4.14	0.69	0.4755	-0.0715	0.43837	NAN	
4.15	0.68	0.4705	-0.0725	0.43765	NAN	
4.16	0.675	0.466	-0.073	0.4369225	NAN	
4.17	0.665	0.4615	-0.0805	0.436155	NAN	
4.18	0.66	0.4575	-0.074	0.4353825	NAN	
4.19	0.65	0.4525	-0.0815	0.434605	NAN	
4.2	0.64	0.4485	-0.0745	0.433825	NAN	
4.21	0.635	0.4435	-0.0795	0.433055	NAN	
4.22	0.625	0.4395	-0.0785	0.432265	NAN	
4.23	0.62	0.435	-0.0785	0.43148	NAN	
4.24	0.61	0.4305	-0.0785	0.430695	NAN	
4.25	0.6	0.4265	-0.0785	0.42991	NAN	
4.26	0.595	0.422	-0.077	0.4291325	NAN	
4.27	0.585	0.4175	-0.0835	0.42833	NAN	
4.28	0.58	0.4135	-0.077	0.4275275	NAN	
4.29	0.57	0.4095	-0.0845	0.42672	NAN	
4.3	0.56	0.4045	-0.077	0.4259125	NAN	
4.31	0.555	0.4005	-0.086	0.4250975	NAN	
4.32	0.545	0.3965	-0.0845	0.424245	NAN	
4.33	0.54	0.392	-0.088	0.4233825	NAN	
4.34	0.53	0.3875	-0.0885	0.4225	NAN	
4.35	0.52	0.3835	-0.0905	0.421605	NAN	
4.36	0.515	0.379	-0.0905	0.4207	NAN	
4.37	0.505	0.375	-0.096	0.4197675	NAN	
4.38	0.5	0.3705	-0.093	0.4188225	NAN	
4.39	0.49	0.3665	-0.1015	0.41785	NAN	
4.4	0.48	0.362	-0.093	0.4168775	NAN	
4.41	0.475	0.358	-0.1015	0.415905	NAN	
4.42	0.465	0.3535	-0.099	0.4149025	NAN	
4.43	0.46	0.3495	-0.1	0.4139075	NAN	
4.44	0.45	0.3455	-0.0995	0.41291	NAN	
4.45	0.44	0.341	-0.101	0.4119075	NAN	
4.46	0.435	0.337	-0.0995	0.410905	NAN	
4.47	0.425	0.333	-0.1045	0.409885	NAN	
4.48	0.42	0.3285	-0.0995	0.408865	NAN	
4.49	0.41	0.3245	-0.1075	0.40783	NAN	
4.5	0.4	0.3205	-0.1015	0.406785	NAN	
4.51	0.395	0.3165	-0.1105	0.405725	NAN	
4.52	0.385	0.312	-0.1075	0.404635	NAN	
4.53	0.38	0.308	-0.113	0.4035325	NAN	
4.54	0.37	0.304	-0.1125	0.402405	NAN	
4.55	0.36	0.2995	-0.1155	0.401265	NAN	
4.56	0.355	0.2955	-0.117	0.4001025	NAN	
4.57	0.345	0.2915	-0.1225	0.398905	NAN	
4.58	0.34	0.2875	-0.1125	0.39773	NAN	
4.59	0.33	0.283	-0.1505	0.396415	NAN	
4.6	0.32	0.2795	-0.1335	0.394995	NAN	
4.61	0.315	0.2755	-0.124	0.3937075	NAN	
4.62	0.305	0.271	-0.1195	0.39249	NAN	
4.63	0.3	0.2675	-0.1215	0.391285	NAN	
4.64	0.29	0.263	-0.1225	0.390065	NAN	
4.65	0.28	0.259	-0.1285	0.38881	NAN	
4.66	0.275	0.255	-0.1325	0.387505	NAN	
4.67	0.265	0.251	-0.142	0.3861325	NAN	
4.68	0.26	0.247	-0.1255	0.384795	NAN	
4.69	0.25	0.2425	-0.129	0.3835225	NAN	
4.7	0.24	0.2385	-0.131	0.3822225	NAN	
4.71	0.235	0.2345	-0.137	0.3808825	NAN	
4.72	0.225	0.2305	-0.1325	0.379535	NAN	
4.73	0.22	0.2265	-0.1435	0.378155	NAN	
4.74	0.21	0.2225	-0.1435	0.37672	NAN	
4.75	0.2	0.2185	-0.143	0.3752875	NAN	
4.76	0.195	0.2145	-0.1465	0.37384	NAN	
4.77	0.185	0.2105	-0.155	0.3723325	NAN	
4.78	0.18	0.2065	-0.128	0.3709175	NAN	
4.79	0.17	0.2025	-0.1585	0.369485	NAN	
4.8	0.16	0.1985	-0.147	0.3679575	NAN	
4.81	0.155	0.1945	-0.1615	0.366415	NAN	
4.82	0.145	0.1905	-0.1535	0.36484	NAN	
4.83	0.14	0.1865	-0.154	0.3633025	NAN	
4.84	0.13	0.1825	-0.1605	0.36173	NAN	
4.85	0.12	0.1785	-0.162	0.3601175	NAN	
4.86	0.115	0.1745	-0.1555	0.35853	NAN	
4.87	0.105	0.171	-0.1685	0.35691	NAN	
4.88	0.1	0.1665	-0.1585	0.355275	NAN	
4.89	0.09	0.1625	-0.1705	0.35363	NAN	
4.9	0.08	0.159	-0.1625	0.351965	NAN	
4.91	0.075	0.1545	-0.1735	0.350285	NAN	
4.92	0.065	0.151	-0.1735	0.34855	NAN	
4.93	0.06	0.147	-0.177	0.3467975	NAN	
4.94	0.05	0.143	-0.1765	0.34503	NAN	
4.95	0.04	0.139	-0.1815	0.34324	NAN	
4.96	0.035	0.135	-0.179	0.3414375	NAN	
4.97	0.025	0.131	-0.192	0.3395825	NAN	
4.98	0.02	0.127	-0.18	0.3377225	NAN	
4.99	0.01	0.123	-0.1935	0.335855	NAN	
5	0	0.1195	-0.1905	0.333935	NAN	
5.01	-0.005	0.1155	-0.188	0.3320425	NAN	
5.02	-0.015	0.1115	-0.1845	0.33018	NAN	
5.03	-0.02	0.108	-0.191	0.3283025	NAN	
5.04	-0.03	0.104	-0.1945	0.326375	NAN	
5.05	-0.04	0.1	-0.1845	0.32448	NAN	
5.06	-0.045	0.0965	-0.194	0.3225875	NAN	
5.07	-0.055	0.0925	-0.204	0.3205975	NAN	
5.08	-0.06	0.0885	-0.1975	0.31859	NAN	
5.09	-0.07	0.0845	-0.205	0.3165775	NAN	
5.1	-0.08	0.081	-0.2	0.3145525	NAN	
5.11	-0.085	0.077	-0.211	0.3124975	NAN	
5.12	-0.095	0.073	-0.2055	0.310415	NAN	
5.13	-0.1	0.0695	-0.2145	0.308315	NAN	
5.14	-0.11	0.0655	-0.2155	0.306165	NAN	
5.15	-0.12	0.0615	-0.2165	0.304005	NAN	
5.16	-0.125	0.058	-0.217	0.3018375	NAN	
5.17	-0.135	0.0545	-0.225	0.2996275	NAN	
5.18	-0.14	0.0505	-0.219	0.2974075	NAN	
5.19	-0.15	0.0465	-0.2315	0.295155	NAN	
5.2	-0.16	0.043	-0.217	0.2929125	NAN	
5.21	-0.165	0.0395	-0.2335	0.29066	NAN	
5.22	-0.175	0.0355	-0.2325	0.28833	NAN	
5.23	-0.18	0.0315	-0.233	0.2860025	NAN	
5.24	-0.19	0.0285	-0.2335	0.28367	NAN	
5.25	-0.2	0.024	-0.2375	0.281315	NAN	
5.26	-0.205	0.021	-0.2335	0.27896	NAN	
5.27	-0.215	0.0175	-0.243	0.2765775	NAN	
5.28	-0.22	0.0155	-0.236	0.2741825	NAN	
5.29	-0.23	0.01	-0.247	0.2717675	NAN	
5.3	-0.24	0.006	-0.2395	0.269335	NAN	
5.31	-0.245	0.003	-0.253	0.2668725	NAN	
5.32	-0.255	-0.001	-0.2485	0.264365	NAN	
5.33	-0.26	-0.004	-0.2585	0.26183	NAN	
5.34	-0.27	-0.0065	-0.2545	0.259265	NAN	
5.35	-0.28	-0.011	-0.2625	0.25668	NAN	
5.36	-0.285	-0.014	-0.261	0.2540625	NAN	
5.37	-0.295	-0.0175	-0.2725	0.251395	NAN	
5.38	-0.3	-0.0205	-0.268	0.2486925	NAN	
5.39	-0.31	-0.024	-0.2785	0.24596	NAN	
5.4	-0.32	-0.027	-0.2725	0.243205	NAN	
5.41	-0.325	-0.0295	-0.2845	0.24042	NAN	
5.42	-0.335	-0.033	-0.282	0.2375875	NAN	
5.43	-0.34	-0.0355	-0.2915	0.23472	NAN	
5.44	-0.35	-0.0385	-0.287	0.2318275	NAN	
5.45	-0.36	-0.0405	-0.2955	0.228915	NAN	
5.46	-0.365	-0.0445	-0.2945	0.225965	NAN	
5.47	-0.375	-0.0465	-0.307	0.2229575	NAN	
5.48	-0.38	-0.0495	-0.302	0.2199125	NAN	
5.49	-0.39	-0.052	-0.3125	0.21684	NAN	
5.5	-0.4	-0.0545	-0.3075	0.21374	NAN	
5.51	-0.405	-0.057	-0.3195	0.210605	NAN	
5.52	-0.415	-0.0595	-0.317	0.2074225	NAN	
5.53	-0.42	-0.062	-0.3275	0.2042	NAN	
5.54	-0.43	-0.064	-0.324	0.2009425	NAN	
5.55	-0.44	-0.066	-0.3335	0.197655	NAN	
5.56	-0.445	-0.0685	-0.331	0.1943325	NAN	
5.57	-0.455	-0.0705	-0.3455	0.19095	NAN	
5.58	-0.46	-0.0725	-0.3405	0.18752	NAN	
5.59	-0.47	-0.074	-0.353	0.1840525	NAN	
5.6	-0.48	-0.0765	-0.3495	0.18054	NAN	
5.61	-0.485	-0.0785	-0.363	0.1769775	NAN	
5.62	-0.495	-0.0805	-0.363	0.1733475	NAN	
5.63	-0.5	-0.082	-0.3735	0.169665	NAN	
5.64	-0.51	-0.084	-0.373	0.1659325	NAN	
5.65	-0.52	-0.0855	-0.3845	0.162145	NAN	
5.66	-0.525	-0.0875	-0.382	0.1583125	NAN	
5.67	-0.535	-0.089	-0.3985	0.15441	NAN	
5.68	-0.54	-0.091	-0.393	0.1504525	NAN	
5.69	-0.55	-0.093	-0.408	0.1464475	NAN	
5.7	-0.56	-0.095	-0.404	0.1423875	NAN	
5.71	-0.565	-0.0965	-0.4165	0.138285	NAN	
5.72	-0.575	-0.098	-0.418	0.1341125	NAN	
5.73	-0.58	-0.1	-0.428	0.1298825	NAN	
5.74	-0.59	-0.102	-0.427	0.1256075	NAN	
5.75	-0.6	-0.1035	-0.4375	0.121285	NAN	
5.76	-0.605	-0.1055	-0.44	0.1168975	NAN	
5.77	-0.615	-0.107	-0.4545	0.112425	NAN	
5.78	-0.62	-0.1095	-0.446	0.1079225	NAN	
5.79	-0.63	-0.1115	-0.459	0.1033975	NAN	
5.8	-0.64	-0.113	-0.4545	0.09883	NAN	
5.81	-0.645	-0.115	-0.466	0.0942275	NAN	
5.82	-0.655	-0.117	-0.466	0.0895675	NAN	
5.83	-0.66	-0.1185	-0.4755	0.08486	NAN	
5.84	-0.67	-0.121	-0.473	0.0801175	NAN	
5.85	-0.68	-0.123	-0.483	0.0753375	NAN	
5.86	-0.685	-0.125	-0.48	0.0705225	NAN	
5.87	-0.695	-0.1275	-0.4945	0.06565	NAN	
5.88	-0.7	-0.1295	-0.486	0.0607475	NAN	
5.89	-0.71	-0.132	-0.4995	0.05582	NAN	
5.9	-0.72	-0.1345	-0.4925	0.05086	NAN	
5.91	-0.725	-0.1375	-0.5055	0.04587	NAN	
5.92	-0.735	-0.1395	-0.5085	0.0408	NAN	
5.93	-0.74	-0.143	-0.5145	0.035685	NAN	
5.94	-0.75	-0.1455	-0.5075	0.030575	NAN	
5.95	-0.76	-0.149	-0.5075	0.0255	NAN	
5.96	-0.765	-0.1525	-0.5135	0.020395	NAN	
5.97	-0.775	-0.1565	-0.5235	0.01521	NAN	
5.98	-0.78	-0.159	-0.5155	0.010015	NAN	
5.99	-0.79	-0.1625	-0.5305	0.004785	NAN	
6	-0.8	-0.1665	-0.527	-0.0005025	NAN	
6.01	-0.805	-0.1705	-0.537	-0.0058225	NAN	
6.02	-0.815	-0.1735	-0.5265	-0.01114	NAN	
6.03	-0.82	-0.177	-0.5355	-0.01645	NAN	
6.04	-0.83	-0.1805	-0.536	-0.0218075	NAN	
6.05	-0.84	-0.184	-0.534	-0.0271575	NAN	
6.06	-0.845	-0.187	-0.536	-0.0325075	NAN	
6.07	-0.855	-0.19	-0.554	-0.0379575	NAN	
6.08	-0.86	-0.1935	-0.545	-0.0434525	NAN	
6.09	-0.87	-0.196	-0.557	-0.0489625	NAN	
6.1	-0.88	-0.199	-0.55	-0.0544975	NAN	
6.11	-0.885	-0.2015	-0.5605	-0.06005	NAN	
6.12	-0.895	-0.205	-0.561	-0.0656575	NAN	
6.13	-0.9	-0.2085	-0.565	-0.0712875	NAN	
6.14	-0.91	-0.2115	-0.5635	-0.07693	NAN	
6.15	-0.92	-0.2145	-0.571	-0.0826025	NAN	
6.16	-0.925	-0.218	-0.5685	-0.0883	NAN	
6.17	-0.935	-0.222	-0.581	-0.0940475	NAN	
6.18	-0.94	-0.225	-0.5725	-0.099815	NAN	
6.19	-0.95	-0.2285	-0.587	-0.1056125	NAN	
6.2	-0.96	-0.2325	-0.575	-0.1114225	NAN	
6.21	-0.965	-0.236	-0.5865	-0.11723	NAN	
6.22	-0.975	-0.24	-0.5765	-0.123045	NAN	
6.23	-0.98	-0.243	-0.588	-0.1288675	NAN	
6.24	-0.99	-0.2475	-0.596	-0.1347875	NAN	
6.25	-1	-0.2515	-0.5905	-0.14072	NAN	
6.26	-1.005	-0.256	-0.591	-0.1466275	NAN	
6.27	-1.015	-0.2605	-0.5965	-0.152565	NAN	
6.28	-1.02	-0.265	-0.5855	-0.158475	NAN	
6.29	-1.03	-0.27	-0.6	-0.1644025	NAN	
6.3	-1.04	-0.275	-0.5825	-0.170315	NAN	
6.31	-1.045	-0.2805	-0.593	-0.1761925	NAN	
6.32	-1.055	-0.286	-0.5815	-0.182065	NAN	
6.33	-1.06	-0.2915	-0.5885	-0.187915	NAN	
6.34	-1.07	-0.298	-0.5815	-0.193765	NAN	
6.35	-1.08	-0.304	-0.5805	-0.199575	NAN	
6.36	-1.085	-0.311	-0.572	-0.2053375	NAN	
6.37	-1.095	-0.318	-0.5775	-0.211085	NAN	
6.38	-1.1	-0.3255	-0.561	-0.2167775	NAN	
6.39	-1.11	-0.3335	-0.568	-0.2224225	NAN	
6.4	-1.12	-0.3415	-0.549	-0.2280075	NAN	
6.41	-1.125	-0.3495	-0.5535	-0.23352	NAN	
6.42	-1.135	-0.358	-0.542	-0.2389975	NAN	
6.43	-1.14	-0.367	-0.5345	-0.24438	NAN	
6.44	-1.15	-0.376	-0.537	-0.2497375	NAN	
6.45	-1.16	-0.385	-0.5275	-0.25506	NAN	
6.46	-1.165	-0.394	-0.5125	-0.26026	NAN	
6.47	-1.175	-0.403	-0.5145	-0.265395	NAN	
6.48	-1.18	-0.413	-0.4945	-0.27044	NAN	
6.49	-1.19	-0.422	-0.4995	-0.27541	NAN	
6.5	-1.2	-0.4315	-0.478	-0.2802975	NAN	
6.51	-1.205	-0.441	-0.4845	-0.28511	NAN	
6.52	-1.215	-0.4505	-0.4695	-0.28988	NAN	
6.53	-1.22	-0.4605	-0.459	-0.2945225	NAN	
6.54	-1.23	-0.47	-0.4585	-0.29911	NAN	
6.55	-1.24	-0.4795	-0.449	-0.3036475	NAN	
6.56	-1.245	-0.489	-0.4485	-0.308135	NAN	
6.57	-1.255	-0.4985	-0.4385	-0.31257	NAN	
6.58	-1.26	-0.5085	-0.419	-0.3168575	NAN	
6.59	-1.27	-0.518	-0.427	-0.3210875	NAN	
6.6	-1.28	-0.528	-0.401	-0.3252275	NAN	
6.61	-1.285	-0.5375	-0.404	-0.3292525	NAN	
6.62	-1.295	-0.547	-0.386	-0.3332025	NAN	
6.63	-1.3	-0.5575	-0.3845	-0.337055	NAN	
6.64	-1.31	-0.567	-0.369	-0.3408225	NAN	
6.65	-1.32	-0.5755	-0.366	-0.3444975	NAN	
6.66	-1.325	-0.586	-0.3545	-0.3481	NAN	
6.67	-1.335	-0.5965	-0.355	-0.3516475	NAN	
6.68	-1.34	-0.6055	-0.3385	-0.355115	NAN	
6.69	-1.35	-0.6155	-0.341	-0.3585125	NAN	
6.7	-1.36	-0.625	-0.319	-0.3618125	NAN	
6.71	-1.365	-0.635	-0.325	-0.3650325	NAN	
6.72	-1.375	-0.6445	-0.309	-0.3682025	NAN	
6.73	-1.38	-0.6545	-0.3095	-0.371295	NAN	
6.74	-1.39	-0.6635	-0.295	-0.3743175	NAN	
6.75	-1.4	-0.6735	-0.294	-0.3772625	NAN	
6.76	-1.405	-0.683	-0.292	-0.3801925	NAN	
6.77	-1.415	-0.6925	-0.2835	-0.38307	NAN	
6.78	-1.42	-0.702	-0.2705	-0.38584	NAN	
6.79	-1.43	-0.7115	-0.263	-0.3885075	NAN	
6.8	-1.44	-0.721	-0.252	-0.3910825	NAN	
6.81	-1.445	-0.73	-0.2535	-0.39361	NAN	
6.82	-1.455	-0.7395	-0.24	-0.3960775	NAN	
6.83	-1.46	-0.7485	-0.24	-0.3984775	NAN	
6.84	-1.47	-0.758	-0.226	-0.4008075	NAN	
6.85	-1.48	-0.7665	-0.224	-0.4030575	NAN	
6.86	-1.485	-0.7755	-0.2095	-0.405225	NAN	
6.87	-1.495	-0.785	-0.213	-0.4073375	NAN	
6.88	-1.5	-0.7935	-0.1975	-0.40939	NAN	
6.89	-1.51	-0.8025	-0.197	-0.4113625	NAN	
6.9	-1.52	-0.811	-0.1835	-0.413265	NAN	
6.91	-1.525	-0.8195	-0.182	-0.4150925	NAN	
6.92	-1.535	-0.828	-0.173	-0.4168675	NAN	
6.93	-1.54	-0.8365	-0.1775	-0.41862	NAN	
6.94	-1.55	-0.845	-0.148	-0.4202475	NAN	
6.95	-1.56	-0.853	-0.168	-0.4218275	NAN	
6.96	-1.565	-0.8615	-0.154	-0.4234375	NAN	
6.97	-1.575	-0.869	-0.163	-0.4250225	NAN	
6.98	-1.58	-0.8775	-0.145	-0.4265625	NAN	
6.99	-1.59	-0.885	-0.1405	-0.42799	NAN	
7	-1.6	-0.893	-0.137	-0.4293775	NAN	
7.01	-1.605	-0.9005	-0.139	-0.4307575	NAN	
7.02	-1.615	-0.908	-0.1305	-0.432105	NAN	
7.03	-1.62	-0.915	-0.132	-0.4334175	NAN	
7.04	-1.63	-0.9225	-0.122	-0.4346875	NAN	
7.05	-1.64	-0.93	-0.1235	-0.435915	NAN	
7.06	-1.645	-0.937	-0.111	-0.4370875	NAN	
7.07	-1.655	-0.944	-0.117	-0.4382275	NAN	
7.08	-1.66	-0.9505	-0.104	-0.4393325	NAN	
7.09	-1.67	-0.9575	-0.11	-0.4404025	NAN	
7.1	-1.68	-0.965	-0.1	-0.4414525	NAN	
7.11	-1.685	-0.971	-0.106	-0.4424825	NAN	
7.12	-1.695	-0.978	-0.097	-0.4434975	NAN	
7.13	-1.7	-0.9845	-0.1005	-0.444485	NAN	
7.14	-1.71	-0.991	-0.0935	-0.445455	NAN	
7.15	-1.72	-0.9975	-0.0975	-0.44641	NAN	
7.16	-1.725	-1.004	-0.089	-0.4473425	NAN	
7.17	-1.735	-1.01	-0.0975	-0.448275	NAN	
7.18	-1.74	-1.016	-0.084	-0.4491825	NAN	
7.19	-1.75	-1.0225	-0.0915	-0.45006	NAN	
7.2	-1.76	-1.0275	-0.0795	-0.450915	NAN	
7.21	-1.765	-1.0275	-0.0855	-0.45174	NAN	
7.22	-1.775	-1.0275	-0.0785	-0.45256	NAN	
7.23	-1.78	-1.0275	-0.081	-0.4533575	NAN	
7.24	-1.79	-1.0275	-0.0725	-0.454125	NAN	
7.25	-1.8	-1.0275	-0.0765	-0.45487	NAN	
7.26	-1.805	-1.0275	-0.068	-0.4555925	NAN	
7.27	-1.815	-1.0275	-0.078	-0.4563225	NAN	
7.28	-1.82	-1.0275	-0.0655	-0.45704	NAN	
7.29	-1.83	-1.0275	-0.0755	-0.457745	NAN	
7.3	-1.84	-1.0275	-0.064	-0.4584425	NAN	
7.31	-1.845	-1.0275	-0.073	-0.4591275	NAN	
7.32	-1.855	-1.0275	-0.067	-0.4598275	NAN	
7.33	-1.86	-1.0275	-0.071	-0.4605175	NAN	
7.34	-1.87	-1.0275	-0.0645	-0.461195	NAN	
7.35	-1.88	-1.0275	-0.0035	-0.461535	NAN	
7.36	-1.885	-1.0275	-0.0065	-0.461585	NAN	
7.37	-1.895	-1.0275	0.0055	-0.46159	NAN	
7.38	-1.9	-1.0275	0.006	-0.4615325	NAN	
7.39	-1.91	-1.0275	0.0095	-0.461455	NAN	
7.4	-1.92	-1.0275	0.004	-0.4613875	NAN	
7.41	-1.925	-1.0275	0.0115	-0.46131	NAN	
7.42	-1.935	-1.0275	0.005	-0.4612275	NAN	
7.43	-1.94	-1.0275	0.009	-0.4611575	NAN	
7.44	-1.95	-1.0275	-0.019	-0.4612075	NAN	
7.45	-1.96	-1.0275	-0.005	-0.4613275	NAN	
7.46	-1.965	-1.0275	0.018	-0.4612625	NAN	
7.47	-1.975	-1.0275	0.0155	-0.461095	NAN	
7.48	-1.98	-1.0275	0.0065	-0.460985	NAN	
7.49	-1.99	-1.0275	0.0285	-0.46081	NAN	
7.5	-2	-1.0275	-0.01	-0.4607175	NAN	
7.51	-1.995	-1.0275	-0.009	-0.4608125	NAN	
7.52	-1.985	-1.0275	-0.005	-0.4608825	NAN	
7.53	-1.98	-1.0275	-0.008	-0.4609475	NAN	
7.54	-1.97	-1.0275	-0.0165	-0.46107	NAN	
7.55	-1.96	-1.0275	0.001	-0.4611475	NAN	
7.56	-1.955	-1.0275	-0.003	-0.4611575	NAN	
7.57	-1.945	-1.0275	0.011	-0.4611175	NAN	
7.58	-1.94	-1.0275	-0.031	-0.4612175	NAN	
7.59	-1.93	-1.0275	-0.0115	-0.46143	NAN	
7.6	-1.92	-1.0275	-0.002	-0.4614975	NAN	
7.61	-1.915	-1.0275	-0.005	-0.4615325	NAN	
7.62	-1.905	-1.0275	-0.004	-0.4615775	NAN	
7.63	-1.9	-1.0275	-0.007	-0.4616325	NAN	
7.64	-1.89	-1.0275	-0.0015	-0.461675	NAN	
7.65	-1.88	-1.0275	0.001	-0.4616775	NAN	
7.66	-1.875	-1.0275	-0.0035	-0.46169	NAN	
7.67	-1.865	-1.0275	0.01	-0.4616575	NAN	
7.68	-1.86	-1.0275	-0.0015	-0.461615	NAN	
7.69	-1.85	-1.0275	-0.0035	-0.46164	NAN	
7.7	-1.84	-1.0275	0.007	-0.4616225	NAN	
7.71	-1.835	-1.0275	-0.0035	-0.461605	NAN	
7.72	-1.825	-1.0275	0.006	-0.4615925	NAN	
7.73	-1.82	-1.0275	-0.0175	-0.46165	NAN	
7.74	-1.81	-1.0275	-0.005	-0.4617625	NAN	
7.75	-1.8	-1.0275	0.018	-0.4616975	NAN	
7.76	-1.795	-1.0275	0.006	-0.4615775	NAN	
7.77	-1.785	-1.0275	0.022	-0.4614375	NAN	
7.78	-1.78	-1.0275	0.014	-0.4612575	NAN	
7.79	-1.77	-1.0275	0.0095	-0.46114	NAN	
7.8	-1.76	-1.0275	0.0145	-0.46102	NAN	
7.81	-1.755	-1.0275	0.0085	-0.460905	NAN	
7.82	-1.745	-1.0275	0.018	-0.4607725	NAN	
7.83	-1.74	-1.0275	0.008	-0.4606425	NAN	
7.84	-1.73	-1.0275	0.0175	-0.460515	NAN	
7.85	-1.72	-1.0275	0.0115	-0.46037	NAN	
7.86	-1.715	-1.0275	0.019	-0.4602175	NAN	
7.87	-1.705	-1.0275	0.016	-0.4600425	NAN	
7.88	-1.7	-1.0275	0.0225	-0.45985	NAN	
7.89	-1.69	-1.0275	0.0155	-0.45966	NAN	
7.9	-1.68	-1.0275	0.02	-0.4594825	NAN	
7.91	-1.675	-1.0275	0.014	-0.4593125	NAN	
7.92	-1.665	-1.0275	0.0245	-0.45912	NAN	
7.93	-1.66	-1.0275	0.01	-0.4589475	NAN	
7.94	-1.65	-1.0275	0.031	-0.4587425	NAN	
7.95	-1.64	-1.0275	0.0045	-0.458565	NAN	
7.96	-1.635	-1.027	0.0205	-0.45844	NAN	
7.97	-1.625	-1.022	0.014	-0.4582675	NAN	
7.98	-1.62	-1.017	0.0175	-0.45811	NAN	
7.99	-1.61	-1.012	0.019	-0.4579275	NAN	
8	-1.6	-1.0075	0.0195	-0.457735	NAN	
8.01	-1.595	-1.0025	0.0155	-0.45756	NAN	
8.02	-1.585	-0.9985	0.0255	-0.457355	NAN	
8.03	-1.58	-0.993	0.019	-0.4571325	NAN	
8.04	-1.57	-0.9885	0.029	-0.4568925	NAN	
8.05	-1.56	-0.9835	0.02	-0.4566475	NAN	
8.06	-1.555	-0.979	0.026	-0.4564175	NAN	
8.07	-1.545	-0.974	0.022	-0.4561775	NAN	
8.08	-1.54	-0.969	0.022	-0.4559575	NAN	
8.09	-1.53	-0.9645	0.0205	-0.455745	NAN	
8.1	-1.52	-0.9595	0.026	-0.4555125	NAN	
8.11	-1.515	-0.9545	0.0205	-0.45528	NAN	
8.12	-1.505	-0.95	0.03	-0.4550275	NAN	
8.13	-1.5	-0.9445	0.0215	-0.45477	NAN	
8.14	-1.49	-0.9405	0.031	-0.4545075	NAN	
8.15	-1.48	-0.935	0.02	-0.4542525	NAN	
8.16	-1.475	-0.93	0.028	-0.4540125	NAN	
8.17	-1.465	-0.9255	0.021	-0.4537675	NAN	
8.18	-1.46	-0.9205	0.024	-0.4535425	NAN	
8.19	-1.45	-0.9155	0.0215	-0.453315	NAN	
8.2	-1.44	-0.911	0.027	-0.4530725	NAN	
8.21	-1.435	-0.906	0.023	-0.4528225	NAN	
8.22	-1.425	-0.9015	0.033	-0.4525425	NAN	
8.23	-1.42	-0.8965	0.023	-0.4522625	NAN	
8.24	-1.41	-0.892	0.0325	-0.451985	NAN	
8.25	-1.4	-0.887	0.021	-0.4517175	NAN	
8.26	-1.395	-0.882	0.0285	-0.45147	NAN	
8.27	-1.385	-0.877	0.0225	-0.451215	NAN	
8.28	-1.38	-0.872	0.026	-0.4509725	NAN	
8.29	-1.37	-0.8675	0.0245	-0.45072	NAN	
8.3	-1.36	-0.863	0.03	-0.4504475	NAN	
8.31	-1.355	-0.8575	0.028	-0.4501575	NAN	
8.32	-1.345	-0.853	0.036	-0.4498375	NAN	
8.33	-1.34	-0.8485	0.025	-0.4495325	NAN	
8.34	-1.33	-0.8435	0.034	-0.4492375	NAN	
8.35	-1.32	-0.8385	0.0225	-0.448955	NAN	
8.36	-1.315	-0.834	0.0315	-0.448685	NAN	
8.37	-1.305	-0.829	0.026	-0.4483975	NAN	
8.38	-1.3	-0.824	0.031	-0.4481125	NAN	
8.39	-1.29	-0.8195	0.0295	-0.44781	NAN	
8.4	-1.28	-0.815	0.0335	-0.447495	NAN	
8.41	-1.275	-0.81	0.0305	-0.447175	NAN	
8.42	-1.265	-0.8055	0.037	-0.4468375	NAN	
8.43	-1.26	-0.801	0.026	-0.4465225	NAN	
8.44	-1.25	-0.7965	0.034	-0.4462225	NAN	
8.45	-1.24	-0.7915	0.0225	-0.44594	NAN	
8.46	-1.235	-0.7875	0.034	-0.4456575	NAN	
8.47	-1.225	-0.7825	0.0305	-0.445335	NAN	
8.48	-1.22	-0.778	0.036	-0.4450025	NAN	
8.49	-1.21	-0.773	0.0335	-0.444655	NAN	
8.5	-1.2	-0.7685	0.0365	-0.444305	NAN	
8.51	-1.195	-0.7635	0.033	-0.4439575	NAN	
8.52	-1.185	-0.759	0.0395	-0.443595	NAN	
8.53	-1.18	-0.7545	0.0285	-0.443255	NAN	
8.54	-1.17	-0.7495	0.0365	-0.44293	NAN	
8.55	-1.16	-0.745	0.0265	-0.442615	NAN	
8.56	-1.155	-0.7405	0.038	-0.4422925	NAN	
8.57	-1.145	-0.7355	0.0375	-0.441915	NAN	
8.58	-1.14	-0.7315	0.035	-0.4415525	NAN	
8.59	-1.13	-0.7265	0.0355	-0.4412	NAN	
8.6	-1.12	-0.722	0.0355	-0.440845	NAN	
8.61	-1.115	-0.7175	0.0305	-0.440515	NAN	
8.62	-1.105	-0.713	0.0435	-0.440145	NAN	
8.63	-1.1	-0.708	0.033	-0.4397625	NAN	
8.64	-1.09	-0.7035	0.0395	-0.4394	NAN	
8.65	-1.08	-0.6985	0.0335	-0.439035	NAN	
8.66	-1.075	-0.694	0.051	-0.4386125	NAN	
8.67	-1.065	-0.6895	0.0255	-0.43823	NAN	
8.68	-1.06	-0.6855	0.0455	-0.437875	NAN	
8.69	-1.05	-0.6805	0.0405	-0.437445	NAN	
8.7	-1.04	-0.676	0.0445	-0.43702	NAN	
8.71	-1.035	-0.671	0.035	-0.4366225	NAN	
8.72	-1.025	-0.6665	0.041	-0.4362425	NAN	
8.73	-1.02	-0.662	0.0365	-0.435855	NAN	
8.74	-1.01	-0.6575	0.0475	-0.435435	NAN	
8.75	-1	-0.6525	0.037	-0.4350125	NAN	
8.76	-0.995	-0.6485	0.05	-0.4345775	NAN	
8.77	-0.985	-0.6435	0.0455	-0.4341	NAN	
8.78	-0.98	-0.639	0.049	-0.4336275	NAN	
8.79	-0.97	-0.6345	0.043	-0.4331675	NAN	
8.8	-0.96	-0.63	0.0465	-0.43272	NAN	
8.81	-0.955	-0.6255	0.0385	-0.432295	NAN	
8.82	-0.945	-0.621	0.048	-0.4318625	NAN	
8.83	-0.94	-0.6165	0.0405	-0.43142	NAN	
8.84	-0.93	-0.6115	0.0515	-0.43096	NAN	
8.85	-0.92	-0.607	0.0425	-0.43049	NAN	
8.86	-0.915	-0.603	0.043	-0.4300625	NAN	
8.87	-0.905	-0.598	0.0485	-0.429605	NAN	
8.88	-0.9	-0.594	0.0505	-0.42911	NAN	
8.89	-0.89	-0.5895	0.047	-0.4286225	NAN	
8.9	-0.88	-0.5845	0.0515	-0.42813	NAN	
8.91	-0.875	-0.58	0.048	-0.4276325	NAN	
8.92	-0.865	-0.5755	0.056	-0.4271125	NAN	
8.93	-0.86	-0.571	0.0505	-0.42658	NAN	
8.94	-0.85	-0.5665	0.061	-0.4260225	NAN	
8.95	-0.84	-0.562	0.05	-0.4254675	NAN	
8.96	-0.835	-0.557	0.0625	-0.424905	NAN	
8.97	-0.825	-0.5525	0.057	-0.4243075	NAN	
8.98	-0.82	-0.5485	0.059	-0.4237275	NAN	
8.99	-0.81	-0.5435	0.0555	-0.423155	NAN	
9	-0.8	-0.539	0.055	-0.4226025	NAN	
9.01	-0.795	-0.5345	0.058	-0.4220375	NAN	
9.02	-0.785	-0.5305	0.063	-0.4214325	NAN	
9.03	-0.78	-0.5255	0.055	-0.4208425	NAN	
9.04	-0.77	-0.521	0.066	-0.4202375	NAN	
9.05	-0.76	-0.5165	0.057	-0.4196225	NAN	
9.06	-0.755	-0.5125	0.078	-0.4189475	NAN	
9.07	-0.745	-0.5075	0.0665	-0.418225	NAN	
9.08	-0.74	-0.5035	0.066	-0.4175625	NAN	
9.09	-0.73	-0.4985	0.0625	-0.41692	NAN	
9.1	-0.72	-0.494	0.0715	-0.41625	NAN	
9.11	-0.715	-0.49	0.058	-0.4156025	NAN	
9.12	-0.705	-0.4855	0.074	-0.4149425	NAN	
9.13	-0.7	-0.481	0.06	-0.4142725	NAN	
9.14	-0.69	-0.4765	0.0675	-0.413635	NAN	
9.15	-0.68	-0.472	0.0655	-0.41297	NAN	
9.16	-0.675	-0.4675	0.0765	-0.41226	NAN	
9.17	-0.665	-0.4635	0.0715	-0.41152	NAN	
9.18	-0.66	-0.459	0.0755	-0.410785	NAN	
9.19	-0.65	-0.4545	0.07	-0.4100575	NAN	
9.2	-0.64	-0.4505	0.071	-0.4093525	NAN	
9.21	-0.635	-0.446	0.068	-0.4086575	NAN	
9.22	-0.625	-0.4415	0.0765	-0.407935	NAN	
9.23	-0.62	-0.437	0.0725	-0.40719	NAN	
9.24	-0.61	-0.4325	0.0815	-0.40642	NAN	
9.25	-0.6	-0.4285	0.075	-0.4056375	NAN	
9.26	-0.595	-0.424	0.0855	-0.404835	NAN	
9.27	-0.585	-0.42	0.08	-0.4040075	NAN	
9.28	-0.58	-0.4155	0.082	-0.4031975	NAN	
9.29	-0.57	-0.4115	0.075	-0.4024125	NAN	
9.3	-0.56	-0.407	0.081	-0.4016325	NAN	
9.31	-0.555	-0.4025	0.079	-0.4008325	NAN	
9.32	-0.545	-0.3985	0.0895	-0.39999	NAN	
9.33	-0.54	-0.394	0.0835	-0.399125	NAN	
9.34	-0.53	-0.39	0.0865	-0.398275	NAN	
9.35	-0.52	-0.3855	0.0815	-0.397435	NAN	
9.36	-0.515	-0.3815	0.098	-0.3965375	NAN	
9.37	-0.505	-0.377	0.0765	-0.395665	NAN	
9.38	-0.5	-0.373	0.0915	-0.394825	NAN	
9.39	-0.49	-0.3685	0.0875	-0.39393	NAN	
9.4	-0.48	-0.3645	0.091	-0.3930375	NAN	
9.41	-0.475	-0.36	0.0915	-0.392125	NAN	
9.42	-0.465	-0.356	0.101	-0.3911625	NAN	
9.43	-0.46	-0.352	0.0955	-0.39018	NAN	
9.44	-0.45	-0.3475	0.1025	-0.38919	NAN	
9.45	-0.44	-0.344	0.098	-0.3881875	NAN	
9.46	-0.435	-0.339	0.1055	-0.38717	NAN	
9.47	-0.425	-0.3345	0.1025	-0.38613	NAN	
9.48	-0.42	-0.3305	0.1045	-0.385095	NAN	
9.49	-0.41	-0.3265	0.1	-0.3840725	NAN	
9.5	-0.4	-0.3225	0.1075	-0.383035	NAN	
9.51	-0.395	-0.318	0.1045	-0.381975	NAN	
9.52	-0.385	-0.314	0.1115	-0.380895	NAN	
9.53	-0.38	-0.31	0.104	-0.3798175	NAN	
9.54	-0.37	-0.306	0.1165	-0.378715	NAN	
9.55	-0.36	-0.302	0.1115	-0.377575	NAN	
9.56	-0.355	-0.2975	0.1195	-0.37642	NAN	
9.57	-0.345	-0.2925	0.118	-0.3752325	NAN	
9.58	-0.34	-0.2895	0.12	-0.3740425	NAN	
9.59	-0.33	-0.2835	0.1165	-0.37286	NAN	
9.6	-0.32	-0.281	0.1215	-0.37167	NAN	
9.61	-0.315	-0.276	0.1145	-0.37049	NAN	
9.62	-0.305	-0.273	0.125	-0.3692925	NAN	
9.63	-0.3	-0.2695	0.116	-0.3680875	NAN	
9.64	-0.29	-0.265	0.126	-0.3668775	NAN	
9.65	-0.28	-0.2615	0.1225	-0.365635	NAN	
9.66	-0.275	-0.257	0.1315	-0.364365	NAN	
9.67	-0.265	-0.2515	0.131	-0.3630525	NAN	
9.68	-0.26	-0.2485	0.1355	-0.36172	NAN	
9.69	-0.25	-0.2445	0.1325	-0.36038	NAN	
9.7	-0.24	-0.2405	0.137	-0.3590325	NAN	
9.71	-0.235	-0.237	0.132	-0.3576875	NAN	
9.72	-0.225	-0.2325	0.141	-0.3563225	NAN	
9.73	-0.22	-0.229	0.133	-0.3549525	NAN	
9.74	-0.21	-0.2245	0.141	-0.3535825	NAN	
9.75	-0.2	-0.22	0.137	-0.3521925	NAN	
9.76	-0.195	-0.2165	0.146	-0.3507775	NAN	
9.77	-0.185	-0.2125	0.1465	-0.349315	NAN	
9.78	-0.18	-0.2085	0.151	-0.3478275	NAN	
9.79	-0.17	-0.2035	0.1485	-0.34633	NAN	
9.8	-0.16	-0.2005	0.153	-0.3448225	NAN	
9.81	-0.155	-0.196	0.148	-0.3433175	NAN	
9.82	-0.145	-0.1925	0.158	-0.3417875	NAN	
9.83	-0.14	-0.189	0.149	-0.3402525	NAN	
9.84	-0.13	-0.1845	0.158	-0.3387175	NAN	
9.85	-0.12	-0.1805	0.1515	-0.33717	NAN	
9.86	-0.115	-0.1765	0.16	-0.3356125	NAN	
9.87	-0.105	-0.173	0.161	-0.3340075	NAN	
9.88	-0.1	-0.169	0.166	-0.3323725	NAN	
9.89	-0.09	-0.165	0.165	-0.3307175	NAN	
9.9	-0.08	-0.161	0.171	-0.3290375	NAN	
9.91	-0.075	-0.1565	0.166	-0.3273525	NAN	
9.92	-0.065	-0.153	0.177	-0.3256375	NAN	
9.93	-0.06	-0.149	0.1685	-0.32391	NAN	
9.94	-0.05	-0.145	0.178	-0.3221775	NAN	
9.95	-0.04	-0.1415	0.17	-0.3204375	NAN	
9.96	-0.035	-0.1375	0.177	-0.3187025	NAN	
9.97	-0.025	-0.1325	0.176	-0.3169375	NAN	
9.98	-0.02	-0.1295	0.181	-0.3151525	NAN	
9.99	-0.01	-0.1265	0.181	-0.3133425	NAN	
10	0	-0.1215	0.1845	-0.311515	NAN	
10.01	0.005	-0.119	0.183	-0.3096775	NAN	
10.02	0.015	-0.114	0.1925	-0.3078	NAN	
10.03	0.02	-0.1105	0.1865	-0.305905	NAN	
10.04	0.03	-0.1065	0.198	-0.3039825	NAN	
10.05	0.04	-0.102	0.1895	-0.302045	NAN	
10.06	0.045	-0.099	0.1975	-0.30011	NAN	
10.07	0.055	-0.0945	0.1945	-0.29815	NAN	
10.08	0.06	-0.091	0.197	-0.2961925	NAN	
10.09	0.07	-0.087	0.1965	-0.294225	NAN	
10.1	0.08	-0.0835	0.199	-0.2922475	NAN	
10.11	0.085	-0.08	0.1995	-0.290255	NAN	
10.12	0.095	-0.0755	0.209	-0.2882125	NAN	
10.13	0.1	-0.071	0.202	-0.2861575	NAN	
10.14	0.11	-0.068	0.2135	-0.28408	NAN	
10.15	0.12	-0.064	0.208	-0.2819725	NAN	
10.16	0.125	-0.061	0.2205	-0.27983	NAN	
10.17	0.135	-0.057	0.2175	-0.27764	NAN	
10.18	0.14	-0.0535	0.2215	-0.275445	NAN	
10.19	0.15	-0.0485	0.2215	-0.27323	NAN	
10.2	0.16	-0.0455	0.2235	-0.271005	NAN	
10.21	0.165	-0.042	0.2235	-0.26877	NAN	
10.22	0.175	-0.038	0.2315	-0.266495	NAN	
10.23	0.18	-0.0335	0.2245	-0.264215	NAN	
10.24	0.19	-0.0305	0.233	-0.2619275	NAN	
10.25	0.2	-0.027	0.2245	-0.25964	NAN	
10.26	0.205	-0.0235	0.236	-0.2573375	NAN	
10.27	0.215	-0.0205	0.2355	-0.25498	NAN	
10.28	0.22	-0.0165	0.2415	-0.252595	NAN	
10.29	0.23	-0.0125	0.239	-0.2501925	NAN	
10.3	0.24	-0.0095	0.243	-0.2477825	NAN	
10.31	0.245	-0.0055	0.245	-0.2453425	NAN	
10.32	0.255	-0.002	0.2535	-0.24285	NAN	
10.33	0.26	0.0015	0.2515	-0.240325	NAN	
10.34	0.27	0.005	0.2605	-0.237765	NAN	
10.35	0.28	0.0085	0.2565	-0.23518	NAN	
10.36	0.285	0.0115	0.2655	-0.23257	NAN	
10.37	0.295	0.0145	0.2635	-0.229925	NAN	
10.38	0.3	0.018	0.27	-0.2272575	NAN	
10.39	0.31	0.0215	0.2685	-0.224565	NAN	
10.4	0.32	0.0245	0.2725	-0.22186	NAN	
10.41	0.325	0.028	0.271	-0.2191425	NAN	
10.42	0.335	0.0305	0.279	-0.2163925	NAN	
10.43	0.34	0.0335	0.276	-0.2136175	NAN	
10.44	0.35	0.0365	0.285	-0.2108125	NAN	
10.45	0.36	0.039	0.2825	-0.207975	NAN	
10.46	0.365	0.0425	0.2945	-0.20509	NAN	
10.47	0.375	0.0445	0.294	-0.2021475	NAN	
10.48	0.38	0.0475	0.302	-0.1991675	NAN	
10.49	0.39	0.05	0.303	-0.1961425	NAN	
10.5	0.4	0.053	0.311	-0.1930725	NAN	
10.51	0.405	0.055	0.3115	-0.18996	NAN	
10.52	0.415	0.058	0.322	-0.1867925	NAN	
10.53	0.42	0.0595	0.321	-0.1835775	NAN	
10.54	0.43	0.0615	0.3295	-0.180325	NAN	
10.55	0.44	0.064	0.328	-0.1770375	NAN	
10.56	0.445	0.067	0.3375	-0.17371	NAN	
10.57	0.455	0.0685	0.338	-0.1703325	NAN	
10.58	0.46	0.07	0.3455	-0.166915	NAN	
10.59	0.47	0.0725	0.3445	-0.163465	NAN	
10.6	0.48	0.0745	0.3555	-0.159965	NAN	
10.61	0.485	0.0765	0.3525	-0.156425	NAN	
10.62	0.495	0.0785	0.361	-0.1528575	NAN	
10.63	0.5	0.0805	0.3615	-0.149245	NAN	
10.64	0.51	0.0825	0.3715	-0.14558	NAN	
10.65	0.52	0.084	0.373	-0.1418575	NAN	
10.66	0.525	0.086	0.3815	-0.138085	NAN	
10.67	0.535	0.0875	0.3835	-0.13426	NAN	
10.68	0.54	0.0895	0.392	-0.1303825	NAN	
10.69	0.55	0.0915	0.392	-0.1264625	NAN	
10.7	0.56	0.093	0.4015	-0.122495	NAN	
10.71	0.565	0.0945	0.402	-0.1184775	NAN	
10.72	0.575	0.0965	0.4165	-0.114385	NAN	
10.73	0.58	0.098	0.4135	-0.110235	NAN	
10.74	0.59	0.1	0.426	-0.1060375	NAN	
10.75	0.6	0.1015	0.4235	-0.10179	NAN	
10.76	0.605	0.1035	0.4345	-0.0975	NAN	
10.77	0.615	0.1055	0.4385	-0.093135	NAN	
10.78	0.62	0.107	0.444	-0.0887225	NAN	
10.79	0.63	0.109	0.4465	-0.08427	NAN	
10.8	0.64	0.1105	0.4535	-0.07977	NAN	
10.81	0.645	0.1125	0.4525	-0.07524	NAN	
10.82	0.655	0.1145	0.4665	-0.070645	NAN	
10.83	0.66	0.1165	0.4625	-0.066	NAN	
10.84	0.67	0.1185	0.4755	-0.06131	NAN	
10.85	0.68	0.1205	0.472	-0.0565725	NAN	
10.86	0.685	0.1225	0.4825	-0.0518	NAN	
10.87	0.695	0.1245	0.486	-0.0469575	NAN	
10.88	0.7	0.1265	0.4915	-0.04207	NAN	
10.89	0.71	0.129	0.494	-0.0371425	NAN	
10.9	0.72	0.1315	0.499	-0.0321775	NAN	
10.91	0.725	0.134	0.4995	-0.027185	NAN	
10.92	0.735	0.1365	0.5115	-0.02213	NAN	
10.93	0.74	0.139	0.5055	-0.017045	NAN	
10.94	0.75	0.142	0.516	-0.0119375	NAN	
10.95	0.76	0.145	0.513	-0.0067925	NAN	
10.96	0.765	0.148	0.5215	-0.00162	NAN	
10.97	0.775	0.1515	0.522	0.0035975	NAN	
10.98	0.78	0.155	0.524	0.0088275	NAN	
10.99	0.79	0.1585	0.5265	0.01408	NAN	
11	0.8	0.162	0.529	0.0193575	NAN	
11.01	0.805	0.1655	0.5305	0.024655	NAN	
11.02	0.815	0.169	0.5405	0.03001	NAN	
11.03	0.82	0.1725	0.5335	0.03538	NAN	
11.04	0.83	0.176	0.544	0.0407675	NAN	
11.05	0.84	0.179	0.538	0.0461775	NAN	
11.06	0.845	0.1825	0.5495	0.051615	NAN	
11.07	0.855	0.1855	0.5505	0.057115	NAN	
11.08	0.86	0.1885	0.5545	0.06264	NAN	
11.09	0.87	0.191	0.557	0.0681975	NAN	
11.1	0.88	0.194	0.559	0.0737775	NAN	
11.11	0.885	0.197	0.5635	0.07939	NAN	
11.12	0.895	0.1995	0.5715	0.085065	NAN	
11.13	0.9	0.2025	0.568	0.0907625	NAN	
11.14	0.91	0.2055	0.5765	0.096485	NAN	
11.15	0.92	0.209	0.572	0.1022275	NAN	
11.16	0.925	0.212	0.5825	0.108	NAN	
11.17	0.935	0.215	0.5825	0.113825	NAN	
11.18	0.94	0.2185	0.5865	0.11967	NAN	
11.19	0.95	0.2225	0.5875	0.12554	NAN	
11.2	0.96	0.2255	0.589	0.1314225	NAN	
11.21	0.965	0.229	0.5895	0.137315	NAN	
11.22	0.975	0.2325	0.5945	0.143235	NAN	
11.23	0.98	0.2365	0.591	0.1491625	NAN	
11.24	0.99	0.2405	0.5975	0.155105	NAN	
11.25	1	0.244	0.591	0.1610475	NAN	
11.26	1.005	0.2485	0.5995	0.167	NAN	
11.27	1.015	0.253	0.5975	0.172985	NAN	
11.28	1.02	0.2575	0.6	0.1789725	NAN	
11.29	1.03	0.262	0.598	0.1849625	NAN	
11.3	1.04	0.267	0.5975	0.19094	NAN	
11.31	1.045	0.272	0.595	0.1969025	NAN	
11.32	1.055	0.278	0.597	0.2028625	NAN	
11.33	1.06	0.283	0.593	0.2088125	NAN	
11.34	1.07	0.2895	0.595	0.2147525	NAN	
11.35	1.08	0.296	0.5845	0.22065	NAN	
11.36	1.085	0.3025	0.5865	0.226505	NAN	
11.37	1.095	0.31	0.579	0.2323325	NAN	
11.38	1.1	0.317	0.5775	0.238115	NAN	
11.39	1.11	0.325	0.5685	0.243845	NAN	
11.4	1.12	0.333	0.5645	0.24951	NAN	
11.41	1.125	0.3415	0.558	0.2551225	NAN	
11.42	1.135	0.35	0.555	0.2606875	NAN	
11.43	1.14	0.359	0.544	0.2661825	NAN	
11.44	1.15	0.368	0.542	0.2716125	NAN	
11.45	1.16	0.377	0.528	0.2769625	NAN	
11.46	1.165	0.3865	0.5265	0.282235	NAN	
11.47	1.175	0.396	0.5155	0.287445	NAN	
11.48	1.18	0.4055	0.511	0.2925775	NAN	
11.49	1.19	0.415	0.499	0.2976275	NAN	
11.5	1.2	0.4245	0.493	0.3025875	NAN	
11.51	1.205	0.434	0.486	0.3074825	NAN	
11.52	1.215	0.4435	0.4785	0.312305	NAN	
11.53	1.22	0.4535	0.4695	0.317045	NAN	
11.54	1.23	0.4635	0.466	0.3217225	NAN	
11.55	1.24	0.4735	0.4545	0.326325	NAN	
11.56	1.245	0.483	0.446	0.3308275	NAN	
11.57	1.255	0.493	0.431	0.3352125	NAN	
11.58	1.26	0.503	0.431	0.3395225	NAN	
11.59	1.27	0.513	0.4285	0.34382	NAN	
11.6	1.28	0.523	0.413	0.3480275	NAN	
11.61	1.285	0.5335	0.403	0.3521075	NAN	
11.62	1.295	0.543	0.3955	0.3561	NAN	
11.63	1.3	0.5535	0.3815	0.359985	NAN	
11.64	1.31	0.5635	0.38	0.3637925	NAN	
11.65	1.32	0.5735	0.3675	0.36753	NAN	
11.66	1.325	0.584	0.364	0.3711875	NAN	
11.67	1.335	0.594	0.3545	0.37478	NAN	
11.68	1.34	0.604	0.349	0.3782975	NAN	
11.69	1.35	0.6145	0.337	0.3817275	NAN	
11.7	1.36	0.6245	0.3315	0.38507	NAN	
11.71	1.365	0.635	0.32	0.3883275	NAN	
11.72	1.375	0.645	0.319	0.3915225	NAN	
11.73	1.38	0.655	0.303	0.3946325	NAN	
11.74	1.39	0.665	0.2995	0.397645	NAN	
11.75	1.4	0.675	0.285	0.4005675	NAN	
11.76	1.405	0.6855	0.279	0.4033875	NAN	
11.77	1.415	0.695	0.27	0.4061325	NAN	
11.78	1.42	0.7055	0.2625	0.408795	NAN	
11.79	1.43	0.7155	0.2515	0.411365	NAN	
11.8	1.44	0.725	0.245	0.4138475	NAN	
11.81	1.445	0.7345	0.2335	0.41624	NAN	
11.82	1.455	0.745	0.2345	0.41858	NAN	
11.83	1.46	0.754	0.2195	0.42085	NAN	
11.84	1.47	0.7635	0.2215	0.423055	NAN	
11.85	1.48	0.773	0.2065	0.425195	NAN	
11.86	1.485	0.782	0.206	0.4272575	NAN	
11.87	1.495	0.7915	0.1985	0.42928	NAN	
11.88	1.5	0.8005	0.192	0.4312325	NAN	
11.89	1.51	0.8095	0.184	0.4331125	NAN	
11.9	1.52	0.818	0.1765	0.434915	NAN	
11.91	1.525	0.827	0.1685	0.43664	NAN	
11.92	1.535	0.8355	0.167	0.4383175	NAN	
11.93	1.54	0.844	0.1535	0.43992	NAN	
11.94	1.55	0.8525	0.154	0.4414575	NAN	
11.95	1.56	0.8605	0.142	0.4429375	NAN	
11.96	1.565	0.8685	0.1465	0.44438	NAN	
11.97	1.575	0.8765	0.139	0.4458075	NAN	
11.98	1.58	0.8845	0.139	0.4471975	NAN	
11.99	1.59	0.892	0.1315	0.44855	NAN	
12	1.6	0.9	0.1275	0.449845	NAN	
12.01	1.605	0.9075	0.1185	0.451075	NAN	
12.02	1.615	0.9145	0.118	0.4522575	NAN	
12.03	1.62	0.922	0.1075	0.453385	NAN	
12.04	1.63	0.929	0.1105	0.454475	NAN	
12.05	1.64	0.9355	0.1005	0.45553	NAN	
12.06	1.645	0.9425	0.1065	0.456565	NAN	
12.07	1.655	0.949	0.1	0.4575975	NAN	
12.08	1.66	0.9555	0.102	0.4586075	NAN	
12.09	1.67	0.962	0.095	0.4595925	NAN	
12.1	1.68	0.9685	0.0945	0.46054	NAN	
12.11	1.685	0.9745	0.087	0.4614475	NAN	
12.12	1.695	0.981	0.088	0.4623225	NAN	
12.13	1.7	0.9875	0.0795	0.46316	NAN	
12.14	1.71	0.993	0.083	0.4639725	NAN	
12.15	1.72	0.999	0.078	0.4647775	NAN	
12.16	1.725	1.005	0.082	0.4655775	NAN	
12.17	1.735	1.011	0.0785	0.46638	NAN	
12.18	1.74	1.0165	0.079	0.4671675	NAN	
12.19	1.75	1.02	0.071	0.4679175	NAN	
12.2	1.76	1.02	0.0715	0.46863	NAN	
12.21	1.765	1.02	0.065	0.4693125	NAN	
12.22	1.775	1.02	0.072	0.4699975	NAN	
12.23	1.78	1.02	0.0645	0.47068	NAN	
12.24	1.79	1.02	0.0725	0.471365	NAN	
12.25	1.8	1.02	0.065	0.4720525	NAN	
12.26	1.805	1.02	0.068	0.4727175	NAN	
12.27	1.815	1.02	0.0635	0.473375	NAN	
12.28	1.82	1.02	0.061	0.4739975	NAN	
12.29	1.83	1.02	0.0575	0.47459	NAN	
12.3	1.84	1.02	0.0585	0.47517	NAN	
12.31	1.845	1.02	0.0545	0.475735	NAN	
12.32	1.855	1.02	0.0635	0.476325	NAN	
12.33	1.86	1.02	0.056	0.4769225	NAN	
12.34	1.87	1.02	0.062	0.4775125	NAN	
12.35	1.88	1.02	0.0445	0.478045	NAN	
12.36	1.885	1.02	0.058	0.4785575	NAN	
12.37	1.895	1.02	0.0525	0.47911	NAN	
12.38	1.9	1.02	0.0545	0.479645	NAN	
12.39	1.91	1.02	0.053	0.4801825	NAN	
12.4	1.92	1.02	0.054	0.4807175	NAN	
12.41	1.925	1.02	0.054	0.4812575	NAN	
12.42	1.935	1.02	-0.0035	0.48151	NAN	
12.43	1.94	1.02	0.026	0.4816225	NAN	
12.44	1.95	1.02	-0.009	0.4817075	NAN	
12.45	1.96	1.02	0.021	0.4817675	NAN	
12.46	1.965	1.02	-0.004	0.4818525	NAN	
12.47	1.975	1.02	0.0185	0.481925	NAN	
12.48	1.98	1.02	-0.0035	0.482	NAN	
12.49	1.99	1.02	0.0215	0.48209	NAN	
12.5	2	1.02	-0.007	0.4821625	NAN	
