MIN=0	-10	-1	-1	-2	0	
MAX=12.5	10	1	1	2	50	
SCALE=5	5	0.5	0.5	1	10	
DEC=2	2	3	3	2	2	
DEF="Time" t / s	"Voltage" U_1 / V	"Current" I_1 / A	"Voltage" U_B2 / V	"Magnetic Flux" &F / Vs	"Frequency" f / Hz	
0	0	0.0005	-0.006	0	NAN	
0.01	0.005	0	0.0055	-2.5E-6	NAN	
0.02	0.015	0.0005	0.01	7.5E-5	NAN	
0.03	0.02	0.001	0.0215	0.0002325	NAN	
0.04	0.03	0.002	0.0275	0.0004775	NAN	
0.05	0.04	0.0025	0.032	0.000775	NAN	
0.06	0.045	0.0035	0.0345	0.0011075	NAN	
0.07	0.055	0.005	0.047	0.001515	NAN	
0.08	0.06	0.0055	0.0445	0.0019725	NAN	
0.09	0.07	0.007	0.0595	0.0024925	NAN	
0.1	0.08	0.009	0.058	0.00308	NAN	
0.11	0.085	0.0105	0.0705	0.0037225	NAN	
0.12	0.095	0.0125	0.071	0.00443	NAN	
0.13	0.1	0.0145	0.08	0.005185	NAN	
0.14	0.11	0.016	0.0805	0.0059875	NAN	
0.15	0.12	0.018	0.0765	0.0067725	NAN	
0.16	0.125	0.022	0.094	0.007625	NAN	
0.17	0.135	0.0225	0.106	0.008625	NAN	
0.18	0.14	0.025	0.096	0.009635	NAN	
0.19	0.15	0.027	0.1065	0.0106475	NAN	
0.2	0.16	0.0295	0.103	0.011695	NAN	
0.21	0.165	0.0315	0.1125	0.0127725	NAN	
0.22	0.175	0.0345	0.118	0.013925	NAN	
0.23	0.18	0.037	0.119	0.01511	NAN	
0.24	0.19	0.0395	0.1205	0.0163075	NAN	
0.25	0.2	0.0415	0.126	0.01754	NAN	
0.26	0.205	0.0445	0.128	0.01881	NAN	
0.27	0.215	0.0465	0.144	0.02017	NAN	
0.28	0.22	0.0495	0.137	0.021575	NAN	
0.29	0.23	0.0515	0.1485	0.0230025	NAN	
0.3	0.24	0.055	0.1425	0.0244575	NAN	
0.31	0.245	0.0575	0.15	0.02592	NAN	
0.32	0.255	0.06	0.156	0.02745	NAN	
0.33	0.26	0.063	0.163	0.029045	NAN	
0.34	0.27	0.0655	0.164	0.03068	NAN	
0.35	0.28	0.068	0.168	0.03234	NAN	
0.36	0.285	0.0705	0.166	0.03401	NAN	
0.37	0.295	0.0735	0.1805	0.0357425	NAN	
0.38	0.3	0.076	0.1775	0.0375325	NAN	
0.39	0.31	0.0785	0.1885	0.0393625	NAN	
0.4	0.32	0.081	0.184	0.041225	NAN	
0.41	0.325	0.0835	0.1885	0.0430875	NAN	
0.42	0.335	0.086	0.197	0.045015	NAN	
0.43	0.34	0.089	0.197	0.046985	NAN	
0.44	0.35	0.0915	0.198	0.04896	NAN	
0.45	0.36	0.094	0.2065	0.0509825	NAN	
0.46	0.365	0.0965	0.203	0.05303	NAN	
0.47	0.375	0.0995	0.2125	0.0551075	NAN	
0.48	0.38	0.1025	0.215	0.057245	NAN	
0.49	0.39	0.105	0.23	0.05947	NAN	
0.5	0.4	0.1075	0.221	0.061725	NAN	
0.51	0.405	0.1105	0.227	0.063965	NAN	
0.52	0.415	0.1135	0.232	0.06626	NAN	
0.53	0.42	0.1165	0.228	0.06856	NAN	
0.54	0.43	0.1195	0.2395	0.0708975	NAN	
0.55	0.44	0.1225	0.242	0.073305	NAN	
0.56	0.445	0.1255	0.239	0.07571	NAN	
0.57	0.455	0.1285	0.253	0.07817	NAN	
0.58	0.46	0.1315	0.2385	0.0806275	NAN	
0.59	0.47	0.134	0.2625	0.0831325	NAN	
0.6	0.48	0.1365	0.255	0.08572	NAN	
0.61	0.485	0.1395	0.262	0.088305	NAN	
0.62	0.495	0.142	0.2615	0.0909225	NAN	
0.63	0.5	0.1445	0.2675	0.0935675	NAN	
0.64	0.51	0.147	0.2685	0.0962475	NAN	
0.65	0.52	0.1495	0.271	0.098945	NAN	
0.66	0.525	0.152	0.2765	0.1016825	NAN	
0.67	0.535	0.1545	0.289	0.10451	NAN	
0.68	0.54	0.157	0.2875	0.1073925	NAN	
0.69	0.55	0.159	0.2945	0.1103025	NAN	
0.7	0.56	0.1615	0.2895	0.1132225	NAN	
0.71	0.565	0.164	0.302	0.11618	NAN	
0.72	0.575	0.1665	0.3055	0.1192175	NAN	
0.73	0.58	0.169	0.309	0.12229	NAN	
0.74	0.59	0.1715	0.3105	0.1253875	NAN	
0.75	0.6	0.174	0.3125	0.1285025	NAN	
0.76	0.605	0.1765	0.32	0.131665	NAN	
0.77	0.615	0.1795	0.328	0.134905	NAN	
0.78	0.62	0.182	0.3215	0.1381525	NAN	
0.79	0.63	0.1845	0.332	0.14142	NAN	
0.8	0.64	0.187	0.33	0.14473	NAN	
0.81	0.645	0.19	0.34	0.14808	NAN	
0.82	0.655	0.1925	0.34	0.15148	NAN	
0.83	0.66	0.1955	0.342	0.15489	NAN	
0.84	0.67	0.198	0.3465	0.1583325	NAN	
0.85	0.68	0.2015	0.3505	0.1618175	NAN	
0.86	0.685	0.2045	0.353	0.165335	NAN	
0.87	0.695	0.2075	0.359	0.168895	NAN	
0.88	0.7	0.2105	0.355	0.172465	NAN	
0.89	0.71	0.214	0.367	0.176075	NAN	
0.9	0.72	0.217	0.363	0.179725	NAN	
0.91	0.725	0.2205	0.368	0.18338	NAN	
0.92	0.735	0.224	0.371	0.187075	NAN	
0.93	0.74	0.2275	0.3735	0.1907975	NAN	
0.94	0.75	0.231	0.375	0.19454	NAN	
0.95	0.76	0.235	0.3715	0.1982725	NAN	
0.96	0.765	0.239	0.379	0.202025	NAN	
0.97	0.775	0.243	0.3825	0.2058325	NAN	
0.98	0.78	0.2475	0.38	0.209645	NAN	
0.99	0.79	0.252	0.385	0.21347	NAN	
1	0.8	0.2565	0.376	0.217275	NAN	
1.01	0.805	0.261	0.3805	0.2210575	NAN	
1.02	0.815	0.266	0.3835	0.2248775	NAN	
1.03	0.82	0.271	0.381	0.2287	NAN	
1.04	0.83	0.2765	0.379	0.2325	NAN	
1.05	0.84	0.2815	0.3815	0.2363025	NAN	
1.06	0.845	0.287	0.377	0.240095	NAN	
1.07	0.855	0.293	0.3805	0.2438825	NAN	
1.08	0.86	0.299	0.372	0.247645	NAN	
1.09	0.87	0.305	0.378	0.251395	NAN	
1.1	0.88	0.311	0.372	0.255145	NAN	
1.11	0.885	0.3175	0.371	0.25886	NAN	
1.12	0.895	0.3235	0.367	0.26255	NAN	
1.13	0.9	0.33	0.3695	0.2662325	NAN	
1.14	0.91	0.3365	0.363	0.269895	NAN	
1.15	0.92	0.343	0.3605	0.2735125	NAN	
1.16	0.925	0.3495	0.355	0.27709	NAN	
1.17	0.935	0.3565	0.3615	0.2806725	NAN	
1.18	0.94	0.3635	0.3545	0.2842525	NAN	
1.19	0.95	0.37	0.3535	0.2877925	NAN	
1.2	0.96	0.3765	0.344	0.29128	NAN	
1.21	0.965	0.3835	0.3445	0.2947225	NAN	
1.22	0.975	0.3905	0.3405	0.2981475	NAN	
1.23	0.98	0.397	0.3395	0.3015475	NAN	
1.24	0.99	0.404	0.3285	0.3048875	NAN	
1.25	1	0.411	0.333	0.308195	NAN	
1.26	1.005	0.418	0.3265	0.3114925	NAN	
1.27	1.015	0.425	0.329	0.31477	NAN	
1.28	1.02	0.432	0.319	0.31801	NAN	
1.29	1.03	0.439	0.3175	0.3211925	NAN	
1.3	1.04	0.446	0.3125	0.3243425	NAN	
1.31	1.045	0.453	0.3145	0.3274775	NAN	
1.32	1.055	0.46	0.3075	0.3305875	NAN	
1.33	1.06	0.467	0.3055	0.3336525	NAN	
1.34	1.07	0.474	0.296	0.33666	NAN	
1.35	1.08	0.481	0.299	0.339635	NAN	
1.36	1.085	0.488	0.2905	0.3425825	NAN	
1.37	1.095	0.4945	0.296	0.345515	NAN	
1.38	1.1	0.5025	0.281	0.3484	NAN	
1.39	1.11	0.5095	0.281	0.35121	NAN	
1.4	1.12	0.517	0.2765	0.3539975	NAN	
1.41	1.125	0.5245	0.2805	0.3567825	NAN	
1.42	1.135	0.5315	0.2715	0.3595425	NAN	
1.43	1.14	0.5385	0.2655	0.3622275	NAN	
1.44	1.15	0.5455	0.2615	0.3648625	NAN	
1.45	1.16	0.5525	0.262	0.36748	NAN	
1.46	1.165	0.56	0.256	0.37007	NAN	
1.47	1.175	0.567	0.255	0.372625	NAN	
1.48	1.18	0.5745	0.2445	0.3751225	NAN	
1.49	1.19	0.5815	0.246	0.377575	NAN	
1.5	1.2	0.5885	0.2415	0.3800125	NAN	
1.51	1.205	0.596	0.243	0.382435	NAN	
1.52	1.215	0.6025	0.232	0.38481	NAN	
1.53	1.22	0.61	0.2295	0.3871175	NAN	
1.54	1.23	0.617	0.226	0.389395	NAN	
1.55	1.24	0.624	0.2265	0.3916575	NAN	
1.56	1.245	0.631	0.2195	0.3938875	NAN	
1.57	1.255	0.6385	0.2185	0.3960775	NAN	
1.58	1.26	0.6455	0.2085	0.3982125	NAN	
1.59	1.27	0.6525	0.2125	0.4003175	NAN	
1.6	1.28	0.6595	0.204	0.4024	NAN	
1.61	1.285	0.6665	0.205	0.404445	NAN	
1.62	1.295	0.6735	0.194	0.40644	NAN	
1.63	1.3	0.6805	0.193	0.408375	NAN	
1.64	1.31	0.6875	0.19	0.41029	NAN	
1.65	1.32	0.695	0.19	0.41219	NAN	
1.66	1.325	0.7015	0.1835	0.4140575	NAN	
1.67	1.335	0.709	0.183	0.41589	NAN	
1.68	1.34	0.7155	0.173	0.41767	NAN	
1.69	1.35	0.723	0.178	0.419425	NAN	
1.7	1.36	0.7295	0.169	0.42116	NAN	
1.71	1.365	0.7365	0.1715	0.4228625	NAN	
1.72	1.375	0.7435	0.162	0.42453	NAN	
1.73	1.38	0.7505	0.1605	0.4261425	NAN	
1.74	1.39	0.7575	0.158	0.427735	NAN	
1.75	1.4	0.764	0.1565	0.4293075	NAN	
1.76	1.405	0.7715	0.154	0.43086	NAN	
1.77	1.415	0.778	0.155	0.432405	NAN	
1.78	1.42	0.785	0.139	0.433875	NAN	
1.79	1.43	0.7915	0.1435	0.4352875	NAN	
1.8	1.44	0.7985	0.135	0.43668	NAN	
1.81	1.445	0.805	0.142	0.438065	NAN	
1.82	1.455	0.8115	0.138	0.439465	NAN	
1.83	1.46	0.8185	0.136	0.440835	NAN	
1.84	1.47	0.825	0.1255	0.4421425	NAN	
1.85	1.48	0.8315	0.124	0.44339	NAN	
1.86	1.485	0.838	0.12	0.44461	NAN	
1.87	1.495	0.8445	0.1235	0.4458275	NAN	
1.88	1.5	0.851	0.1175	0.4470325	NAN	
1.89	1.51	0.8575	0.1175	0.4482075	NAN	
1.9	1.52	0.8635	0.1035	0.4493125	NAN	
1.91	1.525	0.87	0.112	0.45039	NAN	
1.92	1.535	0.876	0.111	0.451505	NAN	
1.93	1.54	0.8825	0.112	0.45262	NAN	
1.94	1.55	0.889	0.1055	0.4537075	NAN	
1.95	1.56	0.895	0.105	0.45476	NAN	
1.96	1.565	0.9015	0.0955	0.4557625	NAN	
1.97	1.575	0.9075	0.104	0.45676	NAN	
1.98	1.58	0.9135	0.0975	0.4577675	NAN	
1.99	1.59	0.9195	0.105	0.45878	NAN	
2	1.6	0.9255	0.0925	0.4597675	NAN	
2.01	1.605	0.9315	0.092	0.46069	NAN	
2.02	1.615	0.937	0.0895	0.4615975	NAN	
2.03	1.62	0.943	0.09	0.462495	NAN	
2.04	1.63	0.949	0.0845	0.4633675	NAN	
2.05	1.64	0.9545	0.0925	0.4642525	NAN	
2.06	1.645	0.96	0.0775	0.4651025	NAN	
2.07	1.655	0.966	0.085	0.465915	NAN	
2.08	1.66	0.9715	0.0725	0.4667025	NAN	
2.09	1.67	0.977	0.09	0.467515	NAN	
2.1	1.68	0.9825	0.074	0.468335	NAN	
2.11	1.685	0.988	0.0825	0.4691175	NAN	
2.12	1.695	0.994	0.075	0.469905	NAN	
2.13	1.7	0.9995	0.076	0.47066	NAN	
2.14	1.71	1.0045	0.0695	0.4713875	NAN	
2.15	1.72	1.01	0.072	0.472095	NAN	
2.16	1.725	1.0155	0.071	0.47281	NAN	
2.17	1.735	1.02	0.0815	0.4735725	NAN	
2.18	1.74	1.02	0.0665	0.4743125	NAN	
2.19	1.75	1.02	0.0725	0.4750075	NAN	
2.2	1.76	1.02	0.0585	0.4756625	NAN	
2.21	1.765	1.02	0.069	0.4763	NAN	
2.22	1.775	1.02	0.0655	0.4769725	NAN	
2.23	1.78	1.02	0.07	0.47765	NAN	
2.24	1.79	1.02	0.0655	0.4783275	NAN	
2.25	1.8	1.02	0.063	0.47897	NAN	
2.26	1.805	1.02	0.0575	0.4795725	NAN	
2.27	1.815	1.02	0.0655	0.4801875	NAN	
2.28	1.82	1.02	0.059	0.48081	NAN	
2.29	1.83	1.02	0.068	0.481445	NAN	
2.3	1.84	1.02	0.057	0.48207	NAN	
2.31	1.845	1.02	0.062	0.482665	NAN	
2.32	1.855	1.02	0.0575	0.4832625	NAN	
2.33	1.86	1.02	0.0605	0.4838525	NAN	
2.34	1.87	1.02	0.059	0.48445	NAN	
2.35	1.88	1.02	0.065	0.48507	NAN	
2.36	1.885	1.02	0.052	0.485655	NAN	
2.37	1.895	1.02	0.0595	0.4862125	NAN	
2.38	1.9	1.02	0.049	0.486755	NAN	
2.39	1.91	1.02	-0.008	0.48696	NAN	
2.4	1.92	1.02	0.027	0.487055	NAN	
2.41	1.925	1.02	0	0.48719	NAN	
2.42	1.935	1.02	0.0325	0.4873525	NAN	
2.43	1.94	1.02	-0.0045	0.4874925	NAN	
2.44	1.95	1.02	0.0235	0.4875875	NAN	
2.45	1.96	1.02	-0.009	0.48766	NAN	
2.46	1.965	1.02	0.0265	0.4877475	NAN	
2.47	1.975	1.02	-0.001	0.487875	NAN	
2.48	1.98	1.02	0.0265	0.4880025	NAN	
2.49	1.99	1.02	-0.006	0.488105	NAN	
2.5	2	1.02	0.026	0.488205	NAN	
2.51	1.995	1.02	-0.0055	0.4883075	NAN	
2.52	1.985	1.02	0.0245	0.4884025	NAN	
2.53	1.98	1.02	-0.0005	0.4885225	NAN	
2.54	1.97	1.02	0.026	0.48865	NAN	
2.55	1.96	1.02	-0.005	0.488755	NAN	
2.56	1.955	1.02	0.028	0.48887	NAN	
2.57	1.945	1.02	-0.0015	0.4890025	NAN	
2.58	1.94	1.02	0.027	0.48913	NAN	
2.59	1.93	1.02	-0.0035	0.4892475	NAN	
2.6	1.92	1.02	0.0215	0.4893375	NAN	
2.61	1.915	1.02	-0.0065	0.4894125	NAN	
2.62	1.905	1.02	0.0225	0.4894925	NAN	
2.63	1.9	1.02	0.0015	0.4896125	NAN	
2.64	1.89	1.02	0.024	0.48974	NAN	
2.65	1.88	1.02	-0.0085	0.4898175	NAN	
2.66	1.875	1.02	0.021	0.48988	NAN	
2.67	1.865	1.02	-0.0005	0.4899825	NAN	
2.68	1.86	1.02	0.0155	0.4900575	NAN	
2.69	1.85	1.02	-0.0025	0.4901225	NAN	
2.7	1.84	1.02	0.001	0.490115	NAN	
2.71	1.835	1.02	-0.0025	0.4901075	NAN	
2.72	1.825	1.02	-0.0105	0.4900425	NAN	
2.73	1.82	1.02	-0.002	0.48998	NAN	
2.74	1.81	1.02	-0.011	0.489915	NAN	
2.75	1.8	1.02	-0.0095	0.4898125	NAN	
2.76	1.795	1.02	-0.0175	0.4896775	NAN	
2.77	1.785	1.02	-0.015	0.489515	NAN	
2.78	1.78	1.02	-0.0145	0.4893675	NAN	
2.79	1.77	1.02	-0.0115	0.4892375	NAN	
2.8	1.76	1.02	-0.0185	0.4890875	NAN	
2.81	1.755	1.02	-0.017	0.48891	NAN	
2.82	1.745	1.02	-0.0225	0.4887125	NAN	
2.83	1.74	1.02	-0.0115	0.4885425	NAN	
2.84	1.73	1.02	-0.0195	0.4883875	NAN	
2.85	1.72	1.02	-0.015	0.488215	NAN	
2.86	1.715	1.02	-0.025	0.488015	NAN	
2.87	1.705	1.02	-0.0185	0.4877975	NAN	
2.88	1.7	1.02	-0.0185	0.4876125	NAN	
2.89	1.69	1.02	-0.015	0.487445	NAN	
2.9	1.68	1.02	-0.0225	0.4872575	NAN	
2.91	1.675	1.02	-0.0195	0.4870475	NAN	
2.92	1.665	1.02	-0.0245	0.4868275	NAN	
2.93	1.66	1.02	-0.015	0.48663	NAN	
2.94	1.65	1.02	-0.023	0.48644	NAN	
2.95	1.64	1.02	-0.0185	0.4862325	NAN	
2.96	1.635	1.02	-0.0265	0.4860075	NAN	
2.97	1.625	1.02	-0.019	0.48578	NAN	
2.98	1.62	1.0185	-0.022	0.485575	NAN	
2.99	1.61	1.0135	-0.017	0.48538	NAN	
3	1.6	1.009	-0.0245	0.4851725	NAN	
3.01	1.595	1.0045	-0.022	0.48494	NAN	
3.02	1.585	1	-0.026	0.4847	NAN	
3.03	1.58	0.9955	-0.0185	0.4844775	NAN	
3.04	1.57	0.991	-0.0235	0.4842675	NAN	
3.05	1.56	0.986	-0.019	0.484055	NAN	
3.06	1.555	0.9815	-0.029	0.483815	NAN	
3.07	1.545	0.977	-0.0245	0.4835475	NAN	
3.08	1.54	0.972	-0.0245	0.4833025	NAN	
3.09	1.53	0.9675	-0.02	0.48308	NAN	
3.1	1.52	0.9625	-0.0255	0.4828525	NAN	
3.11	1.515	0.958	-0.0265	0.4825925	NAN	
3.12	1.505	0.953	-0.032	0.4823	NAN	
3.13	1.5	0.9485	-0.02	0.48204	NAN	
3.14	1.49	0.9435	-0.027	0.481805	NAN	
3.15	1.48	0.939	-0.0205	0.4815675	NAN	
3.16	1.475	0.934	-0.0335	0.4812975	NAN	
3.17	1.465	0.929	-0.028	0.48099	NAN	
3.18	1.46	0.9245	-0.0285	0.4807075	NAN	
3.19	1.45	0.9195	-0.023	0.48045	NAN	
3.2	1.44	0.915	-0.0275	0.4801975	NAN	
3.21	1.435	0.9105	-0.0265	0.4799275	NAN	
3.22	1.425	0.9055	-0.0365	0.4796125	NAN	
3.23	1.42	0.901	-0.0245	0.4793075	NAN	
3.24	1.41	0.8955	-0.0295	0.4790375	NAN	
3.25	1.4	0.891	-0.022	0.47878	NAN	
3.26	1.395	0.886	-0.0315	0.4785125	NAN	
3.27	1.385	0.8815	-0.0315	0.4781975	NAN	
3.28	1.38	0.8765	-0.0315	0.4778825	NAN	
3.29	1.37	0.8725	-0.025	0.4776	NAN	
3.3	1.36	0.867	-0.029	0.47733	NAN	
3.31	1.355	0.8625	-0.027	0.47705	NAN	
3.32	1.345	0.8575	-0.0375	0.4767275	NAN	
3.33	1.34	0.853	-0.0295	0.4763925	NAN	
3.34	1.33	0.848	-0.0325	0.4760825	NAN	
3.35	1.32	0.8435	-0.025	0.475795	NAN	
3.36	1.315	0.8385	-0.0345	0.4754975	NAN	
3.37	1.305	0.834	-0.0325	0.4751625	NAN	
3.38	1.3	0.829	-0.0365	0.4748175	NAN	
3.39	1.29	0.824	-0.029	0.47449	NAN	
3.4	1.28	0.8195	-0.0315	0.4741875	NAN	
3.41	1.275	0.815	-0.029	0.473885	NAN	
3.42	1.265	0.8105	-0.0375	0.4735525	NAN	
3.43	1.26	0.8055	-0.032	0.473205	NAN	
3.44	1.25	0.801	-0.036	0.472865	NAN	
3.45	1.24	0.7965	-0.027	0.47255	NAN	
3.46	1.235	0.7915	-0.0355	0.4722375	NAN	
3.47	1.225	0.787	-0.034	0.47189	NAN	
3.48	1.22	0.7825	-0.043	0.471505	NAN	
3.49	1.21	0.778	-0.033	0.471125	NAN	
3.5	1.2	0.773	-0.036	0.47078	NAN	
3.51	1.195	0.7685	-0.0325	0.4704375	NAN	
3.52	1.185	0.7635	-0.0415	0.4700675	NAN	
3.53	1.18	0.759	-0.0355	0.4696825	NAN	
3.54	1.17	0.7545	-0.0405	0.4693025	NAN	
3.55	1.16	0.7495	-0.03	0.46895	NAN	
3.56	1.155	0.745	-0.039	0.468605	NAN	
3.57	1.145	0.7405	-0.0375	0.4682225	NAN	
3.58	1.14	0.736	-0.042	0.467825	NAN	
3.59	1.13	0.731	-0.0385	0.4674225	NAN	
3.6	1.12	0.7265	-0.0375	0.4670425	NAN	
3.61	1.115	0.7215	-0.035	0.46668	NAN	
3.62	1.105	0.7175	-0.044	0.466285	NAN	
3.63	1.1	0.7125	-0.039	0.46587	NAN	
3.64	1.09	0.708	-0.046	0.465445	NAN	
3.65	1.08	0.703	-0.035	0.46504	NAN	
3.66	1.075	0.699	-0.0395	0.4646675	NAN	
3.67	1.065	0.6945	-0.035	0.464295	NAN	
3.68	1.06	0.69	-0.049	0.463875	NAN	
3.69	1.05	0.685	-0.0415	0.4634225	NAN	
3.7	1.04	0.68	-0.056	0.462935	NAN	
3.71	1.035	0.676	-0.0395	0.4624575	NAN	
3.72	1.025	0.6715	-0.051	0.462005	NAN	
3.73	1.02	0.6665	-0.037	0.461565	NAN	
3.74	1.01	0.6615	-0.0405	0.4611775	NAN	
3.75	1	0.6575	-0.0495	0.4607275	NAN	
3.76	0.995	0.6525	-0.049	0.460235	NAN	
3.77	0.985	0.6485	-0.0375	0.4598025	NAN	
3.78	0.98	0.6435	-0.05	0.459365	NAN	
3.79	0.97	0.639	-0.0505	0.4588625	NAN	
3.8	0.96	0.634	-0.053	0.458345	NAN	
3.81	0.955	0.6295	-0.039	0.457885	NAN	
3.82	0.945	0.625	-0.0535	0.4574225	NAN	
3.83	0.94	0.6205	-0.0475	0.4569175	NAN	
3.84	0.93	0.616	-0.0535	0.4564125	NAN	
3.85	0.92	0.6115	-0.044	0.455925	NAN	
3.86	0.915	0.607	-0.055	0.45543	NAN	
3.87	0.905	0.6025	-0.051	0.4549	NAN	
3.88	0.9	0.5975	-0.054	0.454375	NAN	
3.89	0.89	0.593	-0.053	0.45384	NAN	
3.9	0.88	0.588	-0.058	0.453285	NAN	
3.91	0.875	0.5835	-0.0545	0.4527225	NAN	
3.92	0.865	0.579	-0.0585	0.4521575	NAN	
3.93	0.86	0.5745	-0.053	0.4516	NAN	
3.94	0.85	0.57	-0.062	0.451025	NAN	
3.95	0.84	0.5655	-0.052	0.450455	NAN	
3.96	0.835	0.5605	-0.0655	0.4498675	NAN	
3.97	0.825	0.556	-0.057	0.449255	NAN	
3.98	0.82	0.5515	-0.065	0.448645	NAN	
3.99	0.81	0.547	-0.0585	0.4480275	NAN	
4	0.8	0.5425	-0.057	0.44745	NAN	
4.01	0.795	0.5375	-0.0625	0.4468525	NAN	
4.02	0.785	0.533	-0.067	0.446205	NAN	
4.03	0.78	0.5285	-0.061	0.445565	NAN	
4.04	0.77	0.524	-0.0655	0.4449325	NAN	
4.05	0.76	0.5195	-0.0595	0.4443075	NAN	
4.06	0.755	0.515	-0.0715	0.4436525	NAN	
4.07	0.745	0.51	-0.069	0.44295	NAN	
4.08	0.74	0.5055	-0.0695	0.4422575	NAN	
4.09	0.73	0.5015	-0.0685	0.4415675	NAN	
4.1	0.72	0.4965	-0.0715	0.4408675	NAN	
4.11	0.715	0.492	-0.0725	0.4401475	NAN	
4.12	0.705	0.4875	-0.0755	0.4394075	NAN	
4.13	0.7	0.483	-0.0705	0.4386775	NAN	
4.14	0.69	0.4785	-0.075	0.43795	NAN	
4.15	0.68	0.474	-0.0655	0.4372475	NAN	
4.16	0.675	0.4695	-0.0795	0.4365225	NAN	
4.17	0.665	0.465	-0.079	0.43573	NAN	
4.18	0.66	0.4605	-0.078	0.434945	NAN	
4.19	0.65	0.456	-0.076	0.434175	NAN	
4.2	0.64	0.4515	-0.078	0.433405	NAN	
4.21	0.635	0.447	-0.0775	0.4326275	NAN	
4.22	0.625	0.4425	-0.0855	0.4318125	NAN	
4.23	0.62	0.438	-0.078	0.430995	NAN	
4.24	0.61	0.434	-0.0855	0.4301775	NAN	
4.25	0.6	0.4295	-0.0725	0.4293875	NAN	
4.26	0.595	0.425	-0.086	0.428595	NAN	
4.27	0.585	0.421	-0.0845	0.4277425	NAN	
4.28	0.58	0.4165	-0.089	0.426875	NAN	
4.29	0.57	0.412	-0.1015	0.4259225	NAN	
4.3	0.56	0.4075	-0.089	0.42497	NAN	
4.31	0.555	0.4035	-0.0825	0.4241125	NAN	
4.32	0.545	0.399	-0.0935	0.4232325	NAN	
4.33	0.54	0.395	-0.086	0.422335	NAN	
4.34	0.53	0.3905	-0.1005	0.4214025	NAN	
4.35	0.52	0.3865	-0.0865	0.4204675	NAN	
4.36	0.515	0.382	-0.095	0.41956	NAN	
4.37	0.505	0.378	-0.09	0.418635	NAN	
4.38	0.5	0.3735	-0.099	0.41769	NAN	
4.39	0.49	0.369	-0.097	0.41671	NAN	
4.4	0.48	0.365	-0.0995	0.4157275	NAN	
4.41	0.475	0.3605	-0.1015	0.4147225	NAN	
4.42	0.465	0.3565	-0.1	0.413715	NAN	
4.43	0.46	0.352	-0.092	0.412755	NAN	
4.44	0.45	0.348	-0.1005	0.4117925	NAN	
4.45	0.44	0.344	-0.1015	0.4107825	NAN	
4.46	0.435	0.3395	-0.107	0.40974	NAN	
4.47	0.425	0.3355	-0.104	0.408685	NAN	
4.48	0.42	0.331	-0.113	0.4076	NAN	
4.49	0.41	0.327	-0.11	0.406485	NAN	
4.5	0.4	0.323	-0.111	0.40538	NAN	
4.51	0.395	0.319	-0.1095	0.4042775	NAN	
4.52	0.385	0.3145	-0.113	0.403165	NAN	
4.53	0.38	0.3105	-0.1085	0.4020575	NAN	
4.54	0.37	0.306	-0.12	0.400915	NAN	
4.55	0.36	0.302	-0.1155	0.3997375	NAN	
4.56	0.355	0.298	-0.1215	0.3985525	NAN	
4.57	0.345	0.2935	-0.119	0.39735	NAN	
4.58	0.34	0.2895	-0.121	0.39615	NAN	
4.59	0.33	0.2855	-0.1205	0.3949425	NAN	
4.6	0.32	0.2815	-0.1255	0.3937125	NAN	
4.61	0.315	0.2775	-0.1225	0.3924725	NAN	
4.62	0.305	0.2735	-0.1345	0.3911875	NAN	
4.63	0.3	0.2695	-0.1205	0.3899125	NAN	
4.64	0.29	0.2655	-0.1285	0.3886675	NAN	
4.65	0.28	0.2615	-0.128	0.387385	NAN	
4.66	0.275	0.2575	-0.1375	0.3860575	NAN	
4.67	0.265	0.253	-0.135	0.384695	NAN	
4.68	0.26	0.249	-0.136	0.38334	NAN	
4.69	0.25	0.245	-0.133	0.381995	NAN	
4.7	0.24	0.2405	-0.138	0.38064	NAN	
4.71	0.235	0.237	-0.139	0.379255	NAN	
4.72	0.225	0.2325	-0.148	0.37782	NAN	
4.73	0.22	0.2285	-0.141	0.376375	NAN	
4.74	0.21	0.2245	-0.1445	0.3749475	NAN	
4.75	0.2	0.2205	-0.1405	0.3735225	NAN	
4.76	0.195	0.2165	-0.154	0.37205	NAN	
4.77	0.185	0.2125	-0.1505	0.3705275	NAN	
4.78	0.18	0.208	-0.1535	0.3690075	NAN	
4.79	0.17	0.204	-0.1495	0.3674925	NAN	
4.8	0.16	0.2005	-0.153	0.36598	NAN	
4.81	0.155	0.196	-0.157	0.36443	NAN	
4.82	0.145	0.192	-0.1635	0.3628275	NAN	
4.83	0.14	0.188	-0.157	0.361225	NAN	
4.84	0.13	0.184	-0.163	0.359625	NAN	
4.85	0.12	0.18	-0.157	0.358025	NAN	
4.86	0.115	0.176	-0.1695	0.3563925	NAN	
4.87	0.105	0.172	-0.1685	0.3547025	NAN	
4.88	0.1	0.168	-0.1695	0.3530125	NAN	
4.89	0.09	0.164	-0.169	0.35132	NAN	
4.9	0.08	0.16	-0.1685	0.3496325	NAN	
4.91	0.075	0.156	-0.173	0.347925	NAN	
4.92	0.065	0.152	-0.182	0.34615	NAN	
4.93	0.06	0.148	-0.175	0.344365	NAN	
4.94	0.05	0.144	-0.1825	0.3425775	NAN	
4.95	0.04	0.14	-0.1735	0.3407975	NAN	
4.96	0.035	0.136	-0.183	0.339015	NAN	
4.97	0.025	0.1325	-0.185	0.337175	NAN	
4.98	0.02	0.1285	-0.188	0.33531	NAN	
4.99	0.01	0.1245	-0.189	0.333425	NAN	
5	0	0.1205	-0.188	0.33154	NAN	
5.01	-0.005	0.1165	-0.1865	0.3296675	NAN	
5.02	-0.015	0.1125	-0.1975	0.3277475	NAN	
5.03	-0.02	0.1085	-0.1925	0.3257975	NAN	
5.04	-0.03	0.105	-0.199	0.32384	NAN	
5.05	-0.04	0.101	-0.194	0.321875	NAN	
5.06	-0.045	0.097	-0.197	0.31992	NAN	
5.07	-0.055	0.0935	-0.2035	0.3179175	NAN	
5.08	-0.06	0.0895	-0.204	0.31588	NAN	
5.09	-0.07	0.0855	-0.2055	0.3138325	NAN	
5.1	-0.08	0.0815	-0.2045	0.3117825	NAN	
5.11	-0.085	0.0775	-0.2035	0.3097425	NAN	
5.12	-0.095	0.074	-0.2145	0.3076525	NAN	
5.13	-0.1	0.07	-0.2105	0.3055275	NAN	
5.14	-0.11	0.066	-0.2215	0.3033675	NAN	
5.15	-0.12	0.0625	-0.212	0.3012	NAN	
5.16	-0.125	0.0585	-0.218	0.29905	NAN	
5.17	-0.135	0.055	-0.2215	0.2968525	NAN	
5.18	-0.14	0.051	-0.2265	0.2946125	NAN	
5.19	-0.15	0.0475	-0.2275	0.2923425	NAN	
5.2	-0.16	0.0435	-0.2295	0.2900575	NAN	
5.21	-0.165	0.04	-0.2245	0.2877875	NAN	
5.22	-0.175	0.036	-0.2335	0.2854975	NAN	
5.23	-0.18	0.0325	-0.2305	0.2831775	NAN	
5.24	-0.19	0.0285	-0.239	0.28083	NAN	
5.25	-0.2	0.025	-0.2345	0.2784625	NAN	
5.26	-0.205	0.0215	-0.2395	0.2760925	NAN	
5.27	-0.215	0.0175	-0.2385	0.2737025	NAN	
5.28	-0.22	0.0145	-0.245	0.271285	NAN	
5.29	-0.23	0.01	-0.2465	0.2688275	NAN	
5.3	-0.24	0.0065	-0.251	0.26634	NAN	
5.31	-0.245	0.003	-0.2485	0.2638425	NAN	
5.32	-0.255	-0.0005	-0.254	0.26133	NAN	
5.33	-0.26	-0.0045	-0.2515	0.2588025	NAN	
5.34	-0.27	-0.0085	-0.2625	0.2562325	NAN	
5.35	-0.28	-0.0115	-0.2595	0.2536225	NAN	
5.36	-0.285	-0.0145	-0.265	0.251	NAN	
5.37	-0.295	-0.0165	-0.263	0.24836	NAN	
5.38	-0.3	-0.0215	-0.27	0.245695	NAN	
5.39	-0.31	-0.024	-0.273	0.24298	NAN	
5.4	-0.32	-0.028	-0.2775	0.2402275	NAN	
5.41	-0.325	-0.031	-0.2745	0.2374675	NAN	
5.42	-0.335	-0.0345	-0.28	0.234695	NAN	
5.43	-0.34	-0.037	-0.2805	0.2318925	NAN	
5.44	-0.35	-0.0405	-0.292	0.22903	NAN	
5.45	-0.36	-0.043	-0.287	0.226135	NAN	
5.46	-0.365	-0.046	-0.295	0.223225	NAN	
5.47	-0.375	-0.049	-0.294	0.22028	NAN	
5.48	-0.38	-0.0515	-0.303	0.217295	NAN	
5.49	-0.39	-0.054	-0.306	0.21425	NAN	
5.5	-0.4	-0.0565	-0.3095	0.2111725	NAN	
5.51	-0.405	-0.0595	-0.311	0.20807	NAN	
5.52	-0.415	-0.0625	-0.3185	0.2049225	NAN	
5.53	-0.42	-0.0645	-0.318	0.20174	NAN	
5.54	-0.43	-0.0665	-0.3305	0.1984975	NAN	
5.55	-0.44	-0.069	-0.327	0.19521	NAN	
5.56	-0.445	-0.071	-0.3355	0.1918975	NAN	
5.57	-0.455	-0.0735	-0.335	0.188545	NAN	
5.58	-0.46	-0.0755	-0.345	0.185145	NAN	
5.59	-0.47	-0.0775	-0.35	0.18167	NAN	
5.6	-0.48	-0.0795	-0.352	0.17816	NAN	
5.61	-0.485	-0.0815	-0.3535	0.1746325	NAN	
5.62	-0.495	-0.084	-0.3675	0.1710275	NAN	
5.63	-0.5	-0.0855	-0.3645	0.1673675	NAN	
5.64	-0.51	-0.0875	-0.3785	0.1636525	NAN	
5.65	-0.52	-0.0895	-0.373	0.159895	NAN	
5.66	-0.525	-0.0915	-0.3805	0.1561275	NAN	
5.67	-0.535	-0.0935	-0.385	0.1523	NAN	
5.68	-0.54	-0.0955	-0.3915	0.1484175	NAN	
5.69	-0.55	-0.098	-0.3985	0.1444675	NAN	
5.7	-0.56	-0.0995	-0.4015	0.1404675	NAN	
5.71	-0.565	-0.101	-0.4015	0.1364525	NAN	
5.72	-0.575	-0.103	-0.416	0.132365	NAN	
5.73	-0.58	-0.1055	-0.4135	0.1282175	NAN	
5.74	-0.59	-0.107	-0.427	0.124015	NAN	
5.75	-0.6	-0.109	-0.4175	0.1197925	NAN	
5.76	-0.605	-0.111	-0.4315	0.1155475	NAN	
5.77	-0.615	-0.1135	-0.437	0.111205	NAN	
5.78	-0.62	-0.115	-0.4435	0.1068025	NAN	
5.79	-0.63	-0.117	-0.4455	0.1023575	NAN	
5.8	-0.64	-0.119	-0.448	0.09789	NAN	
5.81	-0.645	-0.1215	-0.447	0.093415	NAN	
5.82	-0.655	-0.123	-0.4625	0.0888675	NAN	
5.83	-0.66	-0.1255	-0.461	0.08425	NAN	
5.84	-0.67	-0.1275	-0.468	0.079605	NAN	
5.85	-0.68	-0.1295	-0.4645	0.0749425	NAN	
5.86	-0.685	-0.1315	-0.4745	0.0702475	NAN	
5.87	-0.695	-0.1335	-0.481	0.06547	NAN	
5.88	-0.7	-0.136	-0.488	0.060625	NAN	
5.89	-0.71	-0.1375	-0.484	0.055765	NAN	
5.9	-0.72	-0.1405	-0.4935	0.0508775	NAN	
5.91	-0.725	-0.142	-0.498	0.04592	NAN	
5.92	-0.735	-0.1445	-0.507	0.040895	NAN	
5.93	-0.74	-0.147	-0.506	0.03583	NAN	
5.94	-0.75	-0.149	-0.51	0.03075	NAN	
5.95	-0.76	-0.1515	-0.5125	0.0256375	NAN	
5.96	-0.765	-0.154	-0.523	0.02046	NAN	
5.97	-0.775	-0.1565	-0.5235	0.0152275	NAN	
5.98	-0.78	-0.1585	-0.5265	0.0099775	NAN	
5.99	-0.79	-0.162	-0.5265	0.0047125	NAN	
6	-0.8	-0.164	-0.537	-0.000605	NAN	
6.01	-0.805	-0.1665	-0.5375	-0.0059775	NAN	
6.02	-0.815	-0.1695	-0.5445	-0.0113875	NAN	
6.03	-0.82	-0.172	-0.541	-0.016815	NAN	
6.04	-0.83	-0.1745	-0.5525	-0.0222825	NAN	
6.05	-0.84	-0.178	-0.55	-0.027795	NAN	
6.06	-0.845	-0.1805	-0.556	-0.033325	NAN	
6.07	-0.855	-0.184	-0.555	-0.03888	NAN	
6.08	-0.86	-0.1865	-0.5635	-0.0444725	NAN	
6.09	-0.87	-0.1895	-0.5645	-0.0501125	NAN	
6.1	-0.88	-0.1925	-0.5665	-0.0557675	NAN	
6.11	-0.885	-0.196	-0.565	-0.061425	NAN	
6.12	-0.895	-0.1995	-0.5745	-0.0671225	NAN	
6.13	-0.9	-0.203	-0.575	-0.07287	NAN	
6.14	-0.91	-0.2065	-0.579	-0.07864	NAN	
6.15	-0.92	-0.21	-0.572	-0.084395	NAN	
6.16	-0.925	-0.214	-0.5825	-0.0901675	NAN	
6.17	-0.935	-0.218	-0.5855	-0.0960075	NAN	
6.18	-0.94	-0.221	-0.5845	-0.1018575	NAN	
6.19	-0.95	-0.2255	-0.5835	-0.1076975	NAN	
6.2	-0.96	-0.229	-0.5855	-0.1135425	NAN	
6.21	-0.965	-0.2335	-0.589	-0.119415	NAN	
6.22	-0.975	-0.238	-0.5905	-0.1253125	NAN	
6.23	-0.98	-0.2425	-0.5825	-0.1311775	NAN	
6.24	-0.99	-0.247	-0.5895	-0.1370375	NAN	
6.25	-1	-0.252	-0.586	-0.142915	NAN	
6.26	-1.005	-0.2565	-0.5885	-0.1487875	NAN	
6.27	-1.015	-0.262	-0.5845	-0.1546525	NAN	
6.28	-1.02	-0.2675	-0.586	-0.160505	NAN	
6.29	-1.03	-0.2725	-0.5865	-0.1663675	NAN	
6.3	-1.04	-0.279	-0.5815	-0.1722075	NAN	
6.31	-1.045	-0.2855	-0.576	-0.177995	NAN	
6.32	-1.055	-0.2915	-0.579	-0.18377	NAN	
6.33	-1.06	-0.2985	-0.571	-0.18952	NAN	
6.34	-1.07	-0.3055	-0.573	-0.19524	NAN	
6.35	-1.08	-0.313	-0.558	-0.200895	NAN	
6.36	-1.085	-0.3205	-0.5605	-0.2064875	NAN	
6.37	-1.095	-0.3285	-0.556	-0.21207	NAN	
6.38	-1.1	-0.337	-0.548	-0.21759	NAN	
6.39	-1.11	-0.3455	-0.54	-0.22303	NAN	
6.4	-1.12	-0.354	-0.5345	-0.2284025	NAN	
6.41	-1.125	-0.363	-0.529	-0.23372	NAN	
6.42	-1.135	-0.372	-0.527	-0.239	NAN	
6.43	-1.14	-0.381	-0.5105	-0.2441875	NAN	
6.44	-1.15	-0.39	-0.51	-0.24929	NAN	
6.45	-1.16	-0.3995	-0.4995	-0.2543375	NAN	
6.46	-1.165	-0.4085	-0.4975	-0.2593225	NAN	
6.47	-1.175	-0.418	-0.487	-0.264245	NAN	
6.48	-1.18	-0.4275	-0.4785	-0.2690725	NAN	
6.49	-1.19	-0.437	-0.471	-0.27382	NAN	
6.5	-1.2	-0.4465	-0.4675	-0.2785125	NAN	
6.51	-1.205	-0.456	-0.456	-0.28313	NAN	
6.52	-1.215	-0.4655	-0.4525	-0.2876725	NAN	
6.53	-1.22	-0.475	-0.4375	-0.2921225	NAN	
6.54	-1.23	-0.4845	-0.4385	-0.2965025	NAN	
6.55	-1.24	-0.494	-0.4265	-0.3008275	NAN	
6.56	-1.245	-0.504	-0.4205	-0.3050625	NAN	
6.57	-1.255	-0.5135	-0.409	-0.30921	NAN	
6.58	-1.26	-0.5235	-0.4035	-0.3132725	NAN	
6.59	-1.27	-0.533	-0.396	-0.31727	NAN	
6.6	-1.28	-0.543	-0.3915	-0.3212075	NAN	
6.61	-1.285	-0.553	-0.3755	-0.3250425	NAN	
6.62	-1.295	-0.5625	-0.3735	-0.3287875	NAN	
6.63	-1.3	-0.5725	-0.3595	-0.3324525	NAN	
6.64	-1.31	-0.582	-0.362	-0.33606	NAN	
6.65	-1.32	-0.5915	-0.3465	-0.3396025	NAN	
6.66	-1.325	-0.601	-0.342	-0.343045	NAN	
6.67	-1.335	-0.611	-0.329	-0.3464	NAN	
6.68	-1.34	-0.6205	-0.3275	-0.3496825	NAN	
6.69	-1.35	-0.63	-0.3195	-0.3529175	NAN	
6.7	-1.36	-0.6395	-0.3145	-0.3560875	NAN	
6.71	-1.365	-0.649	-0.3	-0.35916	NAN	
6.72	-1.375	-0.659	-0.298	-0.36215	NAN	
6.73	-1.38	-0.668	-0.287	-0.365075	NAN	
6.74	-1.39	-0.6775	-0.2875	-0.3679475	NAN	
6.75	-1.4	-0.687	-0.273	-0.37075	NAN	
6.76	-1.405	-0.6965	-0.2695	-0.3734625	NAN	
6.77	-1.415	-0.7055	-0.2595	-0.3761075	NAN	
6.78	-1.42	-0.7145	-0.259	-0.3787	NAN	
6.79	-1.43	-0.7235	-0.2495	-0.3812425	NAN	
6.8	-1.44	-0.7325	-0.245	-0.383715	NAN	
6.81	-1.445	-0.742	-0.2325	-0.3861025	NAN	
6.82	-1.455	-0.7505	-0.2315	-0.3884225	NAN	
6.83	-1.46	-0.759	-0.223	-0.390695	NAN	
6.84	-1.47	-0.7675	-0.224	-0.39293	NAN	
6.85	-1.48	-0.7765	-0.2095	-0.3950975	NAN	
6.86	-1.485	-0.7855	-0.2085	-0.3971875	NAN	
6.87	-1.495	-0.794	-0.1975	-0.3992175	NAN	
6.88	-1.5	-0.8025	-0.197	-0.40119	NAN	
6.89	-1.51	-0.811	-0.1895	-0.4031225	NAN	
6.9	-1.52	-0.8195	-0.1875	-0.4050075	NAN	
6.91	-1.525	-0.8285	-0.1785	-0.4068375	NAN	
6.92	-1.535	-0.836	-0.1785	-0.4086225	NAN	
6.93	-1.54	-0.8445	-0.164	-0.410335	NAN	
6.94	-1.55	-0.852	-0.1705	-0.4120075	NAN	
6.95	-1.56	-0.86	-0.1575	-0.4136475	NAN	
6.96	-1.565	-0.868	-0.1615	-0.4152425	NAN	
6.97	-1.575	-0.876	-0.152	-0.41681	NAN	
6.98	-1.58	-0.884	-0.1415	-0.4182775	NAN	
6.99	-1.59	-0.8915	-0.1475	-0.4197225	NAN	
7	-1.6	-0.8995	-0.144	-0.42118	NAN	
7.01	-1.605	-0.9065	-0.1325	-0.4225625	NAN	
7.02	-1.615	-0.914	-0.134	-0.423895	NAN	
7.03	-1.62	-0.9215	-0.1205	-0.4251675	NAN	
7.04	-1.63	-0.929	-0.126	-0.4264	NAN	
7.05	-1.64	-0.9355	-0.1155	-0.4276075	NAN	
7.06	-1.645	-0.9425	-0.1225	-0.4287975	NAN	
7.07	-1.655	-0.95	-0.113	-0.429975	NAN	
7.08	-1.66	-0.9565	-0.111	-0.431095	NAN	
7.09	-1.67	-0.9635	-0.1045	-0.4321725	NAN	
7.1	-1.68	-0.97	-0.107	-0.43323	NAN	
7.11	-1.685	-0.977	-0.1025	-0.4342775	NAN	
7.12	-1.695	-0.9835	-0.111	-0.435345	NAN	
7.13	-1.7	-0.99	-0.09	-0.43635	NAN	
7.14	-1.71	-0.997	-0.107	-0.437335	NAN	
7.15	-1.72	-1.003	-0.0915	-0.4383275	NAN	
7.16	-1.725	-1.0095	-0.101	-0.43929	NAN	
7.17	-1.735	-1.0155	-0.1035	-0.4403125	NAN	
7.18	-1.74	-1.022	-0.0905	-0.4412825	NAN	
7.19	-1.75	-1.0275	-0.083	-0.44215	NAN	
7.2	-1.76	-1.0275	-0.0865	-0.4429975	NAN	
7.21	-1.765	-1.0275	-0.079	-0.443825	NAN	
7.22	-1.775	-1.0275	-0.087	-0.444655	NAN	
7.23	-1.78	-1.0275	-0.0775	-0.4454775	NAN	
7.24	-1.79	-1.0275	-0.0845	-0.4462875	NAN	
7.25	-1.8	-1.0275	-0.07	-0.44706	NAN	
7.26	-1.805	-1.0275	-0.0785	-0.4478025	NAN	
7.27	-1.815	-1.0275	-0.0765	-0.4485775	NAN	
7.28	-1.82	-1.0275	-0.0775	-0.4493475	NAN	
7.29	-1.83	-1.0275	-0.07	-0.450085	NAN	
7.3	-1.84	-1.0275	-0.0695	-0.4507825	NAN	
7.31	-1.845	-1.0275	-0.0635	-0.4514475	NAN	
7.32	-1.855	-1.0275	-0.075	-0.45214	NAN	
7.33	-1.86	-1.0275	-0.065	-0.45284	NAN	
7.34	-1.87	-1.0275	-0.0075	-0.4532025	NAN	
7.35	-1.88	-1.0275	0.004	-0.45322	NAN	
7.36	-1.885	-1.0275	-0.0075	-0.4532375	NAN	
7.37	-1.895	-1.0275	0.0065	-0.4532425	NAN	
7.38	-1.9	-1.0275	-0.002	-0.45322	NAN	
7.39	-1.91	-1.0275	0.01	-0.45318	NAN	
7.4	-1.92	-1.0275	-0.015	-0.453205	NAN	
7.41	-1.925	-1.0275	0.0215	-0.4531725	NAN	
7.42	-1.935	-1.0275	0	-0.453065	NAN	
7.43	-1.94	-1.0275	-0.0145	-0.4531375	NAN	
7.44	-1.95	-1.0275	-0.0275	-0.4533475	NAN	
7.45	-1.96	-1.0275	0.002	-0.453475	NAN	
7.46	-1.965	-1.0275	-0.015	-0.45354	NAN	
7.47	-1.975	-1.0275	0.0225	-0.4535025	NAN	
7.48	-1.98	-1.0275	-0.009	-0.453435	NAN	
7.49	-1.99	-1.0275	0.024	-0.45336	NAN	
7.5	-2	-1.0275	-0.0105	-0.4532925	NAN	
7.51	-1.995	-1.0275	0.0155	-0.4532675	NAN	
7.52	-1.985	-1.0275	-0.014	-0.45326	NAN	
7.53	-1.98	-1.0275	0.009	-0.453285	NAN	
7.54	-1.97	-1.0275	0	-0.45324	NAN	
7.55	-1.96	-1.0275	0.0005	-0.4532375	NAN	
7.56	-1.955	-1.0275	-0.0055	-0.4532625	NAN	
7.57	-1.945	-1.0275	0.0115	-0.4532325	NAN	
7.58	-1.94	-1.0275	0.005	-0.45315	NAN	
7.59	-1.93	-1.0275	0.0145	-0.4530525	NAN	
7.6	-1.92	-1.0275	-0.0025	-0.4529925	NAN	
7.61	-1.915	-1.0275	0.0095	-0.4529575	NAN	
7.62	-1.905	-1.0275	-0.0195	-0.4530075	NAN	
7.63	-1.9	-1.0275	0.0015	-0.4530975	NAN	
7.64	-1.89	-1.0275	-0.006	-0.45312	NAN	
7.65	-1.88	-1.0275	0.0075	-0.4531125	NAN	
7.66	-1.875	-1.0275	-0.0045	-0.4530975	NAN	
7.67	-1.865	-1.0275	0.0075	-0.4530825	NAN	
7.68	-1.86	-1.0275	-0.0035	-0.4530625	NAN	
7.69	-1.85	-1.0275	0.0065	-0.4530475	NAN	
7.7	-1.84	-1.0275	-0.006	-0.453045	NAN	
7.71	-1.835	-1.0275	0.014	-0.453005	NAN	
7.72	-1.825	-1.0275	-0.0025	-0.4529475	NAN	
7.73	-1.82	-1.0275	0.007	-0.452925	NAN	
7.74	-1.81	-1.0275	-0.005	-0.452915	NAN	
7.75	-1.8	-1.0275	0.0175	-0.4528525	NAN	
7.76	-1.795	-1.0275	-0.009	-0.45281	NAN	
7.77	-1.785	-1.0275	0.004	-0.452835	NAN	
7.78	-1.78	-1.0275	0.0165	-0.4527325	NAN	
7.79	-1.77	-1.0275	0.0105	-0.4525975	NAN	
7.8	-1.76	-1.0275	0.006	-0.452515	NAN	
7.81	-1.755	-1.0275	0.008	-0.452445	NAN	
7.82	-1.745	-1.0275	0.014	-0.452335	NAN	
7.83	-1.74	-1.0275	0.0215	-0.4521575	NAN	
7.84	-1.73	-1.0275	0.015	-0.451975	NAN	
7.85	-1.72	-1.0275	0.02	-0.4518	NAN	
7.86	-1.715	-1.0275	0.016	-0.45162	NAN	
7.87	-1.705	-1.0275	0.019	-0.451445	NAN	
7.88	-1.7	-1.0275	0.0115	-0.4512925	NAN	
7.89	-1.69	-1.0275	0.0185	-0.4511425	NAN	
7.9	-1.68	-1.0275	0.013	-0.450985	NAN	
7.91	-1.675	-1.0275	0.0235	-0.4508025	NAN	
7.92	-1.665	-1.0275	0.0185	-0.4505925	NAN	
7.93	-1.66	-1.0275	0.0235	-0.4503825	NAN	
7.94	-1.65	-1.0275	0.0175	-0.4501775	NAN	
7.95	-1.64	-1.0275	0.0195	-0.4499925	NAN	
7.96	-1.635	-1.0275	0.016	-0.449815	NAN	
7.97	-1.625	-1.0275	0.024	-0.449615	NAN	
7.98	-1.62	-1.0235	0.019	-0.4494	NAN	
7.99	-1.61	-1.0185	0.029	-0.44916	NAN	
8	-1.6	-1.014	0.018	-0.448925	NAN	
8.01	-1.595	-1.009	0.0235	-0.4487175	NAN	
8.02	-1.585	-1.005	0.017	-0.448515	NAN	
8.03	-1.58	-0.9995	0.02	-0.44833	NAN	
8.04	-1.57	-0.995	0.019	-0.448135	NAN	
8.05	-1.56	-0.99	0.0235	-0.4479225	NAN	
8.06	-1.555	-0.985	0.0225	-0.4476925	NAN	
8.07	-1.545	-0.98	0.03	-0.44743	NAN	
8.08	-1.54	-0.9755	0.019	-0.447185	NAN	
8.09	-1.53	-0.9705	0.026	-0.44696	NAN	
8.1	-1.52	-0.9655	0.0155	-0.4467525	NAN	
8.11	-1.515	-0.9605	0.0255	-0.4465475	NAN	
8.12	-1.505	-0.9555	0.0235	-0.4463025	NAN	
8.13	-1.5	-0.951	0.028	-0.446045	NAN	
8.14	-1.49	-0.946	0.0255	-0.4457775	NAN	
8.15	-1.48	-0.941	0.0265	-0.4455175	NAN	
8.16	-1.475	-0.9365	0.0205	-0.4452825	NAN	
8.17	-1.465	-0.931	0.0275	-0.4450425	NAN	
8.18	-1.46	-0.9265	0.0195	-0.4448075	NAN	
8.19	-1.45	-0.922	0.029	-0.444565	NAN	
8.2	-1.44	-0.917	0.023	-0.444305	NAN	
8.21	-1.435	-0.912	0.031	-0.444035	NAN	
8.22	-1.425	-0.9075	0.0265	-0.4437475	NAN	
8.23	-1.42	-0.902	0.026	-0.443485	NAN	
8.24	-1.41	-0.8975	0.022	-0.443245	NAN	
8.25	-1.4	-0.8925	0.027	-0.443	NAN	
8.26	-1.395	-0.8875	0.0235	-0.4427475	NAN	
8.27	-1.385	-0.883	0.0345	-0.4424575	NAN	
8.28	-1.38	-0.8785	0.025	-0.44216	NAN	
8.29	-1.37	-0.873	0.0325	-0.4418725	NAN	
8.3	-1.36	-0.8685	0.0235	-0.4415925	NAN	
8.31	-1.355	-0.8635	0.029	-0.44133	NAN	
8.32	-1.345	-0.859	0.0265	-0.4410525	NAN	
8.33	-1.34	-0.8535	0.0315	-0.4407625	NAN	
8.34	-1.33	-0.849	0.0295	-0.4404575	NAN	
8.35	-1.32	-0.8445	0.0345	-0.4401375	NAN	
8.36	-1.315	-0.839	0.0265	-0.4398325	NAN	
8.37	-1.305	-0.8345	0.0345	-0.4395275	NAN	
8.38	-1.3	-0.83	0.0235	-0.4392375	NAN	
8.39	-1.29	-0.825	0.033	-0.438955	NAN	
8.4	-1.28	-0.82	0.027	-0.438655	NAN	
8.41	-1.275	-0.8155	0.0345	-0.4383475	NAN	
8.42	-1.265	-0.811	0.0325	-0.4380125	NAN	
8.43	-1.26	-0.806	0.034	-0.43768	NAN	
8.44	-1.25	-0.802	0.0275	-0.4373725	NAN	
8.45	-1.24	-0.797	0.0315	-0.4370775	NAN	
8.46	-1.235	-0.7925	0.0265	-0.4367875	NAN	
8.47	-1.225	-0.7875	0.0375	-0.4364675	NAN	
8.48	-1.22	-0.783	0.031	-0.436125	NAN	
8.49	-1.21	-0.7785	0.0375	-0.4357825	NAN	
8.5	-1.2	-0.7735	0.03	-0.435445	NAN	
8.51	-1.195	-0.769	0.0355	-0.4351175	NAN	
8.52	-1.185	-0.7645	0.0285	-0.4347975	NAN	
8.53	-1.18	-0.7595	0.044	-0.434435	NAN	
8.54	-1.17	-0.755	0.0365	-0.4340325	NAN	
8.55	-1.16	-0.7505	0.023	-0.433735	NAN	
8.56	-1.155	-0.7455	0.0365	-0.4334375	NAN	
8.57	-1.145	-0.7405	0.0415	-0.4330475	NAN	
8.58	-1.14	-0.736	0.0365	-0.4326575	NAN	
8.59	-1.13	-0.7315	0.036	-0.432295	NAN	
8.6	-1.12	-0.727	0.031	-0.43196	NAN	
8.61	-1.115	-0.7225	0.041	-0.4316	NAN	
8.62	-1.105	-0.7175	0.0225	-0.4312825	NAN	
8.63	-1.1	-0.713	0.042	-0.43096	NAN	
8.64	-1.09	-0.7085	0.035	-0.430575	NAN	
8.65	-1.08	-0.7035	0.038	-0.43021	NAN	
8.66	-1.075	-0.699	0.033	-0.429855	NAN	
8.67	-1.065	-0.6945	0.049	-0.429445	NAN	
8.68	-1.06	-0.69	0.038	-0.42901	NAN	
8.69	-1.05	-0.6855	0.0485	-0.4285775	NAN	
8.7	-1.04	-0.681	0.041	-0.42813	NAN	
8.71	-1.035	-0.676	0.047	-0.42769	NAN	
8.72	-1.025	-0.6715	0.039	-0.42726	NAN	
8.73	-1.02	-0.667	0.0435	-0.4268475	NAN	
8.74	-1.01	-0.662	0.04	-0.42643	NAN	
8.75	-1	-0.6575	0.0445	-0.4260075	NAN	
8.76	-0.995	-0.653	0.045	-0.42556	NAN	
8.77	-0.985	-0.6485	0.0515	-0.4250775	NAN	
8.78	-0.98	-0.6435	0.044	-0.4246	NAN	
8.79	-0.97	-0.639	0.0495	-0.4241325	NAN	
8.8	-0.96	-0.635	0.039	-0.42369	NAN	
8.81	-0.955	-0.63	0.0455	-0.4232675	NAN	
8.82	-0.945	-0.6255	0.0455	-0.4228125	NAN	
8.83	-0.94	-0.621	0.05	-0.422335	NAN	
8.84	-0.93	-0.6165	0.053	-0.42182	NAN	
8.85	-0.92	-0.612	0.0515	-0.4212975	NAN	
8.86	-0.915	-0.6075	0.0435	-0.4208225	NAN	
8.87	-0.905	-0.603	0.0555	-0.4203275	NAN	
8.88	-0.9	-0.5985	0.04	-0.41985	NAN	
8.89	-0.89	-0.5935	0.055	-0.419375	NAN	
8.9	-0.88	-0.589	0.047	-0.418865	NAN	
8.91	-0.875	-0.584	0.0575	-0.4183425	NAN	
8.92	-0.865	-0.58	0.049	-0.41781	NAN	
8.93	-0.86	-0.5755	0.0545	-0.4172925	NAN	
8.94	-0.85	-0.571	0.0475	-0.4167825	NAN	
8.95	-0.84	-0.5665	0.0555	-0.4162675	NAN	
8.96	-0.835	-0.5615	0.062	-0.41568	NAN	
8.97	-0.825	-0.557	0.0645	-0.4150475	NAN	
8.98	-0.82	-0.5525	0.0545	-0.4144525	NAN	
8.99	-0.81	-0.548	0.0635	-0.4138625	NAN	
9	-0.8	-0.5435	0.0565	-0.4132625	NAN	
9.01	-0.795	-0.539	0.0625	-0.4126675	NAN	
9.02	-0.785	-0.5345	0.0595	-0.4120575	NAN	
9.03	-0.78	-0.53	0.051	-0.411505	NAN	
9.04	-0.77	-0.5255	0.062	-0.41094	NAN	
9.05	-0.76	-0.521	0.064	-0.41031	NAN	
9.06	-0.755	-0.5165	0.0575	-0.4097025	NAN	
9.07	-0.745	-0.512	0.066	-0.409085	NAN	
9.08	-0.74	-0.5075	0.061	-0.40845	NAN	
9.09	-0.73	-0.503	0.0665	-0.4078125	NAN	
9.1	-0.72	-0.4985	0.0645	-0.4071575	NAN	
9.11	-0.715	-0.494	0.0725	-0.4064725	NAN	
9.12	-0.705	-0.4895	0.0705	-0.4057575	NAN	
9.13	-0.7	-0.4855	0.0705	-0.4050525	NAN	
9.14	-0.69	-0.481	0.066	-0.40437	NAN	
9.15	-0.68	-0.4765	0.0695	-0.4036925	NAN	
9.16	-0.675	-0.472	0.068	-0.403005	NAN	
9.17	-0.665	-0.4675	0.0765	-0.4022825	NAN	
9.18	-0.66	-0.463	0.0735	-0.4015325	NAN	
9.19	-0.65	-0.4585	0.0785	-0.4007725	NAN	
9.2	-0.64	-0.454	0.0715	-0.4000225	NAN	
9.21	-0.635	-0.45	0.074	-0.399295	NAN	
9.22	-0.625	-0.446	0.074	-0.398555	NAN	
9.23	-0.62	-0.4415	0.078	-0.397795	NAN	
9.24	-0.61	-0.437	0.0775	-0.3970175	NAN	
9.25	-0.6	-0.4325	0.082	-0.39622	NAN	
9.26	-0.595	-0.4285	0.08	-0.39541	NAN	
9.27	-0.585	-0.4235	0.084	-0.39459	NAN	
9.28	-0.58	-0.4195	0.078	-0.39378	NAN	
9.29	-0.57	-0.4155	0.083	-0.392975	NAN	
9.3	-0.56	-0.411	0.0805	-0.3921575	NAN	
9.31	-0.555	-0.407	0.0895	-0.3913075	NAN	
9.32	-0.545	-0.402	0.0895	-0.3904125	NAN	
9.33	-0.54	-0.398	0.0905	-0.3895125	NAN	
9.34	-0.53	-0.394	0.0865	-0.3886275	NAN	
9.35	-0.52	-0.3895	0.0865	-0.3877625	NAN	
9.36	-0.515	-0.385	0.088	-0.38689	NAN	
9.37	-0.505	-0.3805	0.095	-0.385975	NAN	
9.38	-0.5	-0.3765	0.091	-0.385045	NAN	
9.39	-0.49	-0.3725	0.0985	-0.3840975	NAN	
9.4	-0.48	-0.3685	0.092	-0.383145	NAN	
9.41	-0.475	-0.3635	0.0965	-0.3822025	NAN	
9.42	-0.465	-0.36	0.0965	-0.3812375	NAN	
9.43	-0.46	-0.355	0.101	-0.38025	NAN	
9.44	-0.45	-0.3515	0.1035	-0.3792275	NAN	
9.45	-0.44	-0.3465	0.0995	-0.3782125	NAN	
9.46	-0.435	-0.3425	0.103	-0.3772	NAN	
9.47	-0.425	-0.34	0.109	-0.37614	NAN	
9.48	-0.42	-0.3345	0.1	-0.375095	NAN	
9.49	-0.41	-0.33	0.108	-0.374055	NAN	
9.5	-0.4	-0.326	0.1045	-0.3729925	NAN	
9.51	-0.395	-0.322	0.1125	-0.3719075	NAN	
9.52	-0.385	-0.3175	0.113	-0.37078	NAN	
9.53	-0.38	-0.314	0.11	-0.369665	NAN	
9.54	-0.37	-0.309	0.111	-0.36856	NAN	
9.55	-0.36	-0.305	0.1135	-0.3674375	NAN	
9.56	-0.355	-0.3015	0.1155	-0.3662925	NAN	
9.57	-0.345	-0.2975	0.122	-0.365105	NAN	
9.58	-0.34	-0.293	0.1215	-0.3638875	NAN	
9.59	-0.33	-0.29	0.1215	-0.3626725	NAN	
9.6	-0.32	-0.2845	0.1165	-0.3614825	NAN	
9.61	-0.315	-0.2805	0.138	-0.36021	NAN	
9.62	-0.305	-0.2765	0.129	-0.358875	NAN	
9.63	-0.3	-0.271	0.124	-0.35761	NAN	
9.64	-0.29	-0.2685	0.119	-0.356395	NAN	
9.65	-0.28	-0.2645	0.128	-0.35516	NAN	
9.66	-0.275	-0.2605	0.1255	-0.3538925	NAN	
9.67	-0.265	-0.2575	0.134	-0.352595	NAN	
9.68	-0.26	-0.252	0.133	-0.35126	NAN	
9.69	-0.25	-0.249	0.139	-0.3499	NAN	
9.7	-0.24	-0.2435	0.1355	-0.3485275	NAN	
9.71	-0.235	-0.2395	0.135	-0.347175	NAN	
9.72	-0.225	-0.2355	0.1305	-0.3458475	NAN	
9.73	-0.22	-0.2315	0.1385	-0.3445025	NAN	
9.74	-0.21	-0.2275	0.143	-0.343095	NAN	
9.75	-0.2	-0.224	0.1465	-0.3416475	NAN	
9.76	-0.195	-0.2195	0.147	-0.34018	NAN	
9.77	-0.185	-0.216	0.1485	-0.3387025	NAN	
9.78	-0.18	-0.2115	0.145	-0.337235	NAN	
9.79	-0.17	-0.2075	0.1485	-0.3357675	NAN	
9.8	-0.16	-0.2035	0.152	-0.334265	NAN	
9.81	-0.155	-0.1995	0.1555	-0.3327275	NAN	
9.82	-0.145	-0.1955	0.1575	-0.3311625	NAN	
9.83	-0.14	-0.191	0.1565	-0.3295925	NAN	
9.84	-0.13	-0.1875	0.156	-0.32803	NAN	
9.85	-0.12	-0.1825	0.157	-0.326465	NAN	
9.86	-0.115	-0.1795	0.1625	-0.3248675	NAN	
9.87	-0.105	-0.1735	0.1665	-0.3232225	NAN	
9.88	-0.1	-0.1715	0.1655	-0.3215625	NAN	
9.89	-0.09	-0.1675	0.166	-0.319905	NAN	
9.9	-0.08	-0.1635	0.1635	-0.3182575	NAN	
9.91	-0.075	-0.1595	0.1695	-0.3165925	NAN	
9.92	-0.065	-0.1555	0.1755	-0.3148675	NAN	
9.93	-0.06	-0.1515	0.1815	-0.3130825	NAN	
9.94	-0.05	-0.1475	0.179	-0.31128	NAN	
9.95	-0.04	-0.144	0.173	-0.30952	NAN	
9.96	-0.035	-0.14	0.1765	-0.3077725	NAN	
9.97	-0.025	-0.1355	0.1795	-0.3059925	NAN	
9.98	-0.02	-0.132	0.1815	-0.3041875	NAN	
9.99	-0.01	-0.1275	0.1855	-0.3023525	NAN	
10	0	-0.124	0.177	-0.30054	NAN	
10.01	0.005	-0.12	0.1775	-0.2987675	NAN	
10.02	0.015	-0.116	0.1875	-0.2969425	NAN	
10.03	0.02	-0.1125	0.1915	-0.2950475	NAN	
10.04	0.03	-0.1085	0.198	-0.2931	NAN	
10.05	0.04	-0.1045	0.1955	-0.2911325	NAN	
10.06	0.045	-0.101	0.192	-0.289195	NAN	
10.07	0.055	-0.097	0.197	-0.28725	NAN	
10.08	0.06	-0.093	0.2035	-0.2852475	NAN	
10.09	0.07	-0.0895	0.197	-0.283245	NAN	
10.1	0.08	-0.0855	0.2	-0.28126	NAN	
10.11	0.085	-0.0815	0.204	-0.27924	NAN	
10.12	0.095	-0.0775	0.209	-0.277175	NAN	
10.13	0.1	-0.074	0.205	-0.275105	NAN	
10.14	0.11	-0.07	0.213	-0.273015	NAN	
10.15	0.12	-0.067	0.213	-0.270885	NAN	
10.16	0.125	-0.0625	0.218	-0.26873	NAN	
10.17	0.135	-0.0585	0.2215	-0.2665325	NAN	
10.18	0.14	-0.0545	0.2155	-0.2643475	NAN	
10.19	0.15	-0.0505	0.2175	-0.2621825	NAN	
10.2	0.16	-0.048	0.228	-0.259955	NAN	
10.21	0.165	-0.0435	0.227	-0.25768	NAN	
10.22	0.175	-0.0395	0.232	-0.255385	NAN	
10.23	0.18	-0.036	0.2335	-0.2530575	NAN	
10.24	0.19	-0.0325	0.236	-0.25071	NAN	
10.25	0.2	-0.0285	0.2295	-0.2483825	NAN	
10.26	0.205	-0.025	0.2465	-0.2460025	NAN	
10.27	0.215	-0.0215	0.236	-0.24359	NAN	
10.28	0.22	-0.018	0.2395	-0.2412125	NAN	
10.29	0.23	-0.0145	0.241	-0.23881	NAN	
10.3	0.24	-0.0105	0.2455	-0.2363775	NAN	
10.31	0.245	-0.006	0.2475	-0.2339125	NAN	
10.32	0.255	-0.003	0.253	-0.23141	NAN	
10.33	0.26	0.001	0.2505	-0.2288925	NAN	
10.34	0.27	0.004	0.255	-0.226365	NAN	
10.35	0.28	0.0075	0.254	-0.22382	NAN	
10.36	0.285	0.011	0.2665	-0.2212175	NAN	
10.37	0.295	0.0145	0.2585	-0.2185925	NAN	
10.38	0.3	0.018	0.2625	-0.2159875	NAN	
10.39	0.31	0.021	0.267	-0.21334	NAN	
10.4	0.32	0.024	0.2745	-0.2106325	NAN	
10.41	0.325	0.027	0.273	-0.207895	NAN	
10.42	0.335	0.0305	0.2805	-0.2051275	NAN	
10.43	0.34	0.0335	0.2755	-0.2023475	NAN	
10.44	0.35	0.0365	0.285	-0.199545	NAN	
10.45	0.36	0.0395	0.2815	-0.1967125	NAN	
10.46	0.365	0.0425	0.2945	-0.1938325	NAN	
10.47	0.375	0.0455	0.293	-0.190895	NAN	
10.48	0.38	0.048	0.3	-0.18793	NAN	
10.49	0.39	0.051	0.3075	-0.1848925	NAN	
10.5	0.4	0.0535	0.3065	-0.1818225	NAN	
10.51	0.405	0.056	0.32	-0.17869	NAN	
10.52	0.415	0.059	0.316	-0.17551	NAN	
10.53	0.42	0.0615	0.311	-0.172375	NAN	
10.54	0.43	0.0635	0.3215	-0.1692125	NAN	
10.55	0.44	0.066	0.319	-0.16601	NAN	
10.56	0.445	0.068	0.335	-0.16274	NAN	
10.57	0.455	0.0705	0.3325	-0.1594025	NAN	
10.58	0.46	0.072	0.34	-0.15604	NAN	
10.59	0.47	0.075	0.34	-0.15264	NAN	
10.6	0.48	0.077	0.35	-0.14919	NAN	
10.61	0.485	0.079	0.3545	-0.1456675	NAN	
10.62	0.495	0.081	0.362	-0.142085	NAN	
10.63	0.5	0.0835	0.337	-0.13859	NAN	
10.64	0.51	0.0855	0.3615	-0.1350975	NAN	
10.65	0.52	0.087	0.366	-0.13146	NAN	
10.66	0.525	0.089	0.381	-0.127725	NAN	
10.67	0.535	0.091	0.3775	-0.1239325	NAN	
10.68	0.54	0.093	0.386	-0.120115	NAN	
10.69	0.55	0.095	0.39	-0.116235	NAN	
10.7	0.56	0.0965	0.401	-0.11228	NAN	
10.71	0.565	0.0985	0.3955	-0.1082975	NAN	
10.72	0.575	0.1005	0.4065	-0.1042875	NAN	
10.73	0.58	0.1025	0.4045	-0.1002325	NAN	
10.74	0.59	0.1045	0.408	-0.09617	NAN	
10.75	0.6	0.1065	0.416	-0.09205	NAN	
10.76	0.605	0.1085	0.4245	-0.0878475	NAN	
10.77	0.615	0.11	0.423	-0.08361	NAN	
10.78	0.62	0.112	0.4395	-0.0792975	NAN	
10.79	0.63	0.114	0.4375	-0.0749125	NAN	
10.8	0.64	0.116	0.4445	-0.0705025	NAN	
10.81	0.645	0.118	0.4415	-0.0660725	NAN	
10.82	0.655	0.12	0.4605	-0.0615625	NAN	
10.83	0.66	0.122	0.454	-0.05699	NAN	
10.84	0.67	0.1245	0.4695	-0.0523725	NAN	
10.85	0.68	0.1265	0.4505	-0.0477725	NAN	
10.86	0.685	0.1285	0.4765	-0.0431375	NAN	
10.87	0.695	0.1305	0.4735	-0.0383875	NAN	
10.88	0.7	0.1325	0.4825	-0.0336075	NAN	
10.89	0.71	0.1345	0.4825	-0.0287825	NAN	
10.9	0.72	0.137	0.4945	-0.0238975	NAN	
10.91	0.725	0.139	0.493	-0.01896	NAN	
10.92	0.735	0.141	0.502	-0.013985	NAN	
10.93	0.74	0.1435	0.4975	-0.0089875	NAN	
10.94	0.75	0.1455	0.5155	-0.0039225	NAN	
10.95	0.76	0.148	0.509	0.0012	NAN	
10.96	0.765	0.1505	0.52	0.006345	NAN	
10.97	0.775	0.1525	0.519	0.01154	NAN	
10.98	0.78	0.155	0.5325	0.0167975	NAN	
10.99	0.79	0.1575	0.538	0.02215	NAN	
11	0.8	0.16	0.5335	0.0275075	NAN	
11.01	0.805	0.1625	0.5305	0.0328275	NAN	
11.02	0.815	0.165	0.547	0.038215	NAN	
11.03	0.82	0.1675	0.544	0.04367	NAN	
11.04	0.83	0.1705	0.5515	0.0491475	NAN	
11.05	0.84	0.1725	0.545	0.05463	NAN	
11.06	0.845	0.1755	0.565	0.06018	NAN	
11.07	0.855	0.1785	0.5605	0.0658075	NAN	
11.08	0.86	0.1815	0.569	0.071455	NAN	
11.09	0.87	0.1845	0.566	0.07713	NAN	
11.1	0.88	0.188	0.5735	0.0828275	NAN	
11.11	0.885	0.191	0.572	0.088555	NAN	
11.12	0.895	0.194	0.5775	0.0943025	NAN	
11.13	0.9	0.1975	0.5785	0.1000825	NAN	
11.14	0.91	0.2005	0.5945	0.1059475	NAN	
11.15	0.92	0.204	0.579	0.111815	NAN	
11.16	0.925	0.2075	0.59	0.11766	NAN	
11.17	0.935	0.2115	0.5865	0.1235425	NAN	
11.18	0.94	0.215	0.5975	0.1294625	NAN	
11.19	0.95	0.219	0.591	0.135405	NAN	
11.2	0.96	0.2225	0.5945	0.1413325	NAN	
11.21	0.965	0.227	0.5915	0.1472625	NAN	
11.22	0.975	0.231	0.6035	0.1532375	NAN	
11.23	0.98	0.2355	0.591	0.15921	NAN	
11.24	0.99	0.24	0.6	0.165165	NAN	
11.25	1	0.2445	0.5915	0.1711225	NAN	
11.26	1.005	0.249	0.6035	0.1770975	NAN	
11.27	1.015	0.2545	0.594	0.183085	NAN	
11.28	1.02	0.2595	0.5955	0.1890325	NAN	
11.29	1.03	0.265	0.594	0.19498	NAN	
11.3	1.04	0.2705	0.5945	0.2009225	NAN	
11.31	1.045	0.277	0.589	0.20684	NAN	
11.32	1.055	0.283	0.592	0.212745	NAN	
11.33	1.06	0.2895	0.5805	0.2186075	NAN	
11.34	1.07	0.2965	0.5885	0.2244525	NAN	
11.35	1.08	0.304	0.568	0.230235	NAN	
11.36	1.085	0.3115	0.5755	0.2359525	NAN	
11.37	1.095	0.3195	0.5675	0.2416675	NAN	
11.38	1.1	0.3275	0.565	0.24733	NAN	
11.39	1.11	0.336	0.552	0.252915	NAN	
11.4	1.12	0.345	0.5485	0.2584175	NAN	
11.41	1.125	0.3535	0.5405	0.2638625	NAN	
11.42	1.135	0.3625	0.5445	0.2692875	NAN	
11.43	1.14	0.3715	0.52	0.27461	NAN	
11.44	1.15	0.3805	0.525	0.279835	NAN	
11.45	1.16	0.39	0.5105	0.2850125	NAN	
11.46	1.165	0.3995	0.513	0.29013	NAN	
11.47	1.175	0.4085	0.497	0.29518	NAN	
11.48	1.18	0.418	0.494	0.300135	NAN	
11.49	1.19	0.4275	0.4855	0.3050325	NAN	
11.5	1.2	0.437	0.4825	0.3098725	NAN	
11.51	1.205	0.4465	0.465	0.31461	NAN	
11.52	1.215	0.456	0.469	0.31928	NAN	
11.53	1.22	0.4655	0.4525	0.3238875	NAN	
11.54	1.23	0.4755	0.454	0.32842	NAN	
11.55	1.24	0.485	0.434	0.33286	NAN	
11.56	1.245	0.495	0.434	0.3372	NAN	
11.57	1.255	0.5045	0.4245	0.3414925	NAN	
11.58	1.26	0.5145	0.421	0.34572	NAN	
11.59	1.27	0.524	0.404	0.349845	NAN	
11.6	1.28	0.534	0.4015	0.3538725	NAN	
11.61	1.285	0.544	0.3875	0.3578175	NAN	
11.62	1.295	0.554	0.3915	0.3617125	NAN	
11.63	1.3	0.564	0.3695	0.3655175	NAN	
11.64	1.31	0.5735	0.3695	0.3692125	NAN	
11.65	1.32	0.5835	0.35	0.37281	NAN	
11.66	1.325	0.5935	0.351	0.376315	NAN	
11.67	1.335	0.6035	0.3425	0.3797825	NAN	
11.68	1.34	0.6135	0.3375	0.3831825	NAN	
11.69	1.35	0.6235	0.321	0.386475	NAN	
11.7	1.36	0.6335	0.3235	0.3896975	NAN	
11.71	1.365	0.6435	0.311	0.39287	NAN	
11.72	1.375	0.6535	0.309	0.39597	NAN	
11.73	1.38	0.6635	0.2895	0.3989625	NAN	
11.74	1.39	0.673	0.289	0.401855	NAN	
11.75	1.4	0.683	0.275	0.404675	NAN	
11.76	1.405	0.693	0.279	0.407445	NAN	
11.77	1.415	0.7025	0.2595	0.4101375	NAN	
11.78	1.42	0.7125	0.258	0.412725	NAN	
11.79	1.43	0.722	0.241	0.41522	NAN	
11.8	1.44	0.7315	0.2435	0.4176425	NAN	
11.81	1.445	0.7415	0.233	0.420025	NAN	
11.82	1.455	0.7505	0.233	0.422355	NAN	
11.83	1.46	0.76	0.215	0.424595	NAN	
11.84	1.47	0.7695	0.215	0.426745	NAN	
11.85	1.48	0.7785	0.1995	0.4288175	NAN	
11.86	1.485	0.788	0.205	0.43084	NAN	
11.87	1.495	0.797	0.193	0.43283	NAN	
11.88	1.5	0.8055	0.191	0.43475	NAN	
11.89	1.51	0.8145	0.1755	0.4365825	NAN	
11.9	1.52	0.823	0.1745	0.4383325	NAN	
11.91	1.525	0.832	0.1655	0.4400325	NAN	
11.92	1.535	0.84	0.172	0.44172	NAN	
11.93	1.54	0.8485	0.1565	0.4433625	NAN	
11.94	1.55	0.857	0.1585	0.4449375	NAN	
11.95	1.56	0.865	0.14	0.44643	NAN	
11.96	1.565	0.873	0.146	0.44786	NAN	
11.97	1.575	0.881	0.1375	0.4492775	NAN	
11.98	1.58	0.8885	0.141	0.45067	NAN	
11.99	1.59	0.896	0.1315	0.4520325	NAN	
12	1.6	0.904	0.1285	0.4533325	NAN	
12.01	1.605	0.9115	0.1165	0.4545575	NAN	
12.02	1.615	0.9185	0.12	0.45574	NAN	
12.03	1.62	0.9255	0.111	0.456895	NAN	
12.04	1.63	0.9325	0.118	0.45804	NAN	
12.05	1.64	0.9395	0.103	0.459145	NAN	
12.06	1.645	0.946	0.1085	0.4602025	NAN	
12.07	1.655	0.953	0.0995	0.4612425	NAN	
12.08	1.66	0.9595	0.0975	0.4622275	NAN	
12.09	1.67	0.9655	0.093	0.46318	NAN	
12.1	1.68	0.972	0.097	0.46413	NAN	
12.11	1.685	0.9785	0.09	0.465065	NAN	
12.12	1.695	0.9845	0.0935	0.4659825	NAN	
12.13	1.7	0.991	0.083	0.466865	NAN	
12.14	1.71	0.997	0.088	0.46772	NAN	
12.15	1.72	1.003	0.0775	0.4685475	NAN	
12.16	1.725	1.0085	0.0835	0.4693525	NAN	
12.17	1.735	1.0145	0.079	0.470165	NAN	
12.18	1.74	1.02	0.0815	0.4709675	NAN	
12.19	1.75	1.02	0.0725	0.4717375	NAN	
12.2	1.76	1.02	0.0755	0.4724775	NAN	
12.21	1.765	1.02	0.0655	0.4731825	NAN	
12.22	1.775	1.02	0.077	0.473895	NAN	
12.23	1.78	1.02	0.069	0.474625	NAN	
12.24	1.79	1.02	0.074	0.47534	NAN	
12.25	1.8	1.02	0.074	0.47608	NAN	
12.26	1.805	1.02	0.069	0.476795	NAN	
12.27	1.815	1.02	0.063	0.477455	NAN	
12.28	1.82	1.02	0.065	0.478095	NAN	
12.29	1.83	1.02	0.061	0.478725	NAN	
12.3	1.84	1.02	0.0645	0.4793525	NAN	
12.31	1.845	1.02	0.057	0.47996	NAN	
12.32	1.855	1.02	0.0685	0.4805875	NAN	
12.33	1.86	1.02	0.0565	0.4812125	NAN	
12.34	1.87	1.02	0.06	0.481795	NAN	
12.35	1.88	1.02	0.0525	0.4823575	NAN	
12.36	1.885	1.02	0.066	0.48295	NAN	
12.37	1.895	1.02	0.0525	0.4835425	NAN	
12.38	1.9	1.02	0.046	0.484035	NAN	
12.39	1.91	1.02	0.047	0.4845	NAN	
12.4	1.92	1.02	0.058	0.485025	NAN	
12.41	1.925	1.02	-0.009	0.48527	NAN	
12.42	1.935	1.02	-0.023	0.48511	NAN	
12.43	1.94	1.02	-0.0135	0.4849275	NAN	
12.44	1.95	1.02	0.0005	0.4848625	NAN	
12.45	1.96	1.02	-0.0015	0.4848575	NAN	
12.46	1.965	1.02	0.013	0.484915	NAN	
12.47	1.975	1.02	-0.006	0.48495	NAN	
12.48	1.98	1.02	-0.011	0.484865	NAN	
12.49	1.99	1.02	-0.0075	0.4847725	NAN	
12.5	2	1.02	-0.0055	0.4847075	NAN	
