MIN=0	-10	-1	-1	-2	0	
MAX=12.5	10	1	1	2	50	
SCALE=5	5	0.5	0.5	1	10	
DEC=2	2	3	3	2	2	
DEF="Time" t / s	"Voltage" U_1 / V	"Current" I_1 / A	"Voltage" U_B2 / V	"Magnetic Flux" &F / Vs	"Frequency" f / Hz	
0	0	0.0005	0.005	0	NAN	
0.01	0.005	0	-0.0015	1.75E-5	NAN	
0.02	0.015	0.0015	0.016	9E-5	NAN	
0.03	0.02	0.0025	0.0085	0.0002125	NAN	
0.04	0.03	0.005	0.0235	0.0003725	NAN	
0.05	0.04	0.007	0.0175	0.0005775	NAN	
0.06	0.045	0.0095	0.031	0.00082	NAN	
0.07	0.055	0.012	0.0305	0.0011275	NAN	
0.08	0.06	0.0145	0.0345	0.0014525	NAN	
0.09	0.07	0.018	0.0355	0.0018025	NAN	
0.1	0.08	0.0215	0.0385	0.0021725	NAN	
0.11	0.085	0.024	0.041	0.00257	NAN	
0.12	0.095	0.0275	0.049	0.00302	NAN	
0.13	0.1	0.031	0.0425	0.0034775	NAN	
0.14	0.11	0.035	0.054	0.00396	NAN	
0.15	0.12	0.039	0.044	0.00445	NAN	
0.16	0.125	0.0425	0.057	0.004955	NAN	
0.17	0.135	0.0465	0.051	0.005495	NAN	
0.18	0.14	0.0505	0.0595	0.0060475	NAN	
0.19	0.15	0.0545	0.056	0.006625	NAN	
0.2	0.16	0.0585	0.059	0.0072	NAN	
0.21	0.165	0.062	0.0595	0.0077925	NAN	
0.22	0.175	0.0665	0.065	0.008415	NAN	
0.23	0.18	0.0705	0.0625	0.0090525	NAN	
0.24	0.19	0.075	0.067	0.0097	NAN	
0.25	0.2	0.079	0.0615	0.0103425	NAN	
0.26	0.205	0.0825	0.071	0.011005	NAN	
0.27	0.215	0.0875	0.0675	0.0116975	NAN	
0.28	0.22	0.0915	0.0745	0.0124075	NAN	
0.29	0.23	0.096	0.0655	0.0131075	NAN	
0.3	0.24	0.1	0.0815	0.0138425	NAN	
0.31	0.245	0.1045	0.069	0.014595	NAN	
0.32	0.255	0.109	0.0715	0.0152975	NAN	
0.33	0.26	0.1135	0.068	0.015995	NAN	
0.34	0.27	0.1175	0.0745	0.0167075	NAN	
0.35	0.28	0.122	0.081	0.017485	NAN	
0.36	0.285	0.1265	0.068	0.01823	NAN	
0.37	0.295	0.131	0.071	0.018925	NAN	
0.38	0.3	0.1355	0.084	0.0197	NAN	
0.39	0.31	0.1395	0.071	0.020475	NAN	
0.4	0.32	0.144	0.0835	0.0212475	NAN	
0.41	0.325	0.1485	0.0825	0.0220775	NAN	
0.42	0.335	0.153	0.09	0.02294	NAN	
0.43	0.34	0.157	0.076	0.02377	NAN	
0.44	0.35	0.1615	0.093	0.024615	NAN	
0.45	0.36	0.166	0.085	0.025505	NAN	
0.46	0.365	0.17	0.0905	0.0263825	NAN	
0.47	0.375	0.1745	0.0925	0.0272975	NAN	
0.48	0.38	0.1785	0.0935	0.0282275	NAN	
0.49	0.39	0.183	0.0925	0.0291575	NAN	
0.5	0.4	0.1875	0.0855	0.0300475	NAN	
0.51	0.405	0.1915	0.091	0.03093	NAN	
0.52	0.415	0.196	0.101	0.03189	NAN	
0.53	0.42	0.2005	0.091	0.03285	NAN	
0.54	0.43	0.205	0.101	0.03381	NAN	
0.55	0.44	0.209	0.0895	0.0347625	NAN	
0.56	0.445	0.2135	0.1025	0.0357225	NAN	
0.57	0.455	0.218	0.102	0.036745	NAN	
0.58	0.46	0.2225	0.0995	0.0377525	NAN	
0.59	0.47	0.2265	0.105	0.038775	NAN	
0.6	0.48	0.2305	0.1005	0.0398025	NAN	
0.61	0.485	0.235	0.093	0.04077	NAN	
0.62	0.495	0.2395	0.1005	0.0417375	NAN	
0.63	0.5	0.2435	0.0935	0.0427075	NAN	
0.64	0.51	0.248	0.113	0.04374	NAN	
0.65	0.52	0.2525	0.09	0.044755	NAN	
0.66	0.525	0.2565	0.1145	0.0457775	NAN	
0.67	0.535	0.261	0.11	0.0469	NAN	
0.68	0.54	0.265	0.1125	0.0480125	NAN	
0.69	0.55	0.2695	0.11	0.049125	NAN	
0.7	0.56	0.2735	0.113	0.05024	NAN	
0.71	0.565	0.278	0.113	0.05137	NAN	
0.72	0.575	0.2825	0.1175	0.0525225	NAN	
0.73	0.58	0.287	0.113	0.053675	NAN	
0.74	0.59	0.291	0.12	0.05484	NAN	
0.75	0.6	0.295	0.114	0.05601	NAN	
0.76	0.605	0.2995	0.126	0.05721	NAN	
0.77	0.615	0.3035	0.115	0.058415	NAN	
0.78	0.62	0.308	0.121	0.059595	NAN	
0.79	0.63	0.3125	0.1215	0.0608075	NAN	
0.8	0.64	0.3165	0.1205	0.0620175	NAN	
0.81	0.645	0.321	0.136	0.0633	NAN	
0.82	0.655	0.3255	0.1255	0.0646075	NAN	
0.83	0.66	0.3295	0.1215	0.0658425	NAN	
0.84	0.67	0.3335	0.13	0.0671	NAN	
0.85	0.68	0.338	0.121	0.068355	NAN	
0.86	0.685	0.3425	0.133	0.069625	NAN	
0.87	0.695	0.347	0.1255	0.0709175	NAN	
0.88	0.7	0.3515	0.136	0.072225	NAN	
0.89	0.71	0.3555	0.1315	0.0735625	NAN	
0.9	0.72	0.36	0.1335	0.0748875	NAN	
0.91	0.725	0.3645	0.134	0.076225	NAN	
0.92	0.735	0.369	0.138	0.077585	NAN	
0.93	0.74	0.3735	0.1335	0.0789425	NAN	
0.94	0.75	0.378	0.139	0.080305	NAN	
0.95	0.76	0.3825	0.1375	0.0816875	NAN	
0.96	0.765	0.3875	0.141	0.08308	NAN	
0.97	0.775	0.392	0.136	0.084465	NAN	
0.98	0.78	0.3965	0.1445	0.0858675	NAN	
0.99	0.79	0.401	0.1365	0.0872725	NAN	
1	0.8	0.4055	0.139	0.08865	NAN	
1.01	0.805	0.4105	0.134	0.090015	NAN	
1.02	0.815	0.415	0.143	0.0914	NAN	
1.03	0.82	0.42	0.136	0.092795	NAN	
1.04	0.83	0.4245	0.142	0.094185	NAN	
1.05	0.84	0.4295	0.142	0.095605	NAN	
1.06	0.845	0.4335	0.1425	0.0970275	NAN	
1.07	0.855	0.439	0.144	0.09846	NAN	
1.08	0.86	0.4435	0.143	0.099895	NAN	
1.09	0.87	0.4485	0.1405	0.1013125	NAN	
1.1	0.88	0.4535	0.1395	0.1027125	NAN	
1.11	0.885	0.458	0.1405	0.1041125	NAN	
1.12	0.895	0.463	0.1505	0.1055675	NAN	
1.13	0.9	0.468	0.142	0.10703	NAN	
1.14	0.91	0.473	0.151	0.108495	NAN	
1.15	0.92	0.478	0.145	0.109975	NAN	
1.16	0.925	0.483	0.145	0.111425	NAN	
1.17	0.935	0.488	0.1435	0.1128675	NAN	
1.18	0.94	0.4935	0.1435	0.1143025	NAN	
1.19	0.95	0.4985	0.144	0.11574	NAN	
1.2	0.96	0.5035	0.1435	0.1171775	NAN	
1.21	0.965	0.509	0.1345	0.1185675	NAN	
1.22	0.975	0.5145	0.14	0.11994	NAN	
1.23	0.98	0.5195	0.1345	0.1213125	NAN	
1.24	0.99	0.525	0.1375	0.1226725	NAN	
1.25	1	0.53	0.138	0.12405	NAN	
1.26	1.005	0.5355	0.14	0.12544	NAN	
1.27	1.015	0.541	0.1395	0.1268375	NAN	
1.28	1.02	0.5445	0.1345	0.1282075	NAN	
1.29	1.03	0.552	0.1365	0.1295625	NAN	
1.3	1.04	0.559	0.132	0.130905	NAN	
1.31	1.045	0.563	0.1295	0.1322125	NAN	
1.32	1.055	0.568	0.138	0.13355	NAN	
1.33	1.06	0.574	0.1245	0.1348625	NAN	
1.34	1.07	0.578	0.1365	0.1361675	NAN	
1.35	1.08	0.585	0.122	0.13746	NAN	
1.36	1.085	0.5905	0.131	0.138725	NAN	
1.37	1.095	0.596	0.1265	0.1400125	NAN	
1.38	1.1	0.602	0.1245	0.1412675	NAN	
1.39	1.11	0.607	0.1255	0.1425175	NAN	
1.4	1.12	0.613	0.121	0.14375	NAN	
1.41	1.125	0.6185	0.1205	0.1449575	NAN	
1.42	1.135	0.624	0.1235	0.1461775	NAN	
1.43	1.14	0.6295	0.114	0.147365	NAN	
1.44	1.15	0.6355	0.123	0.14855	NAN	
1.45	1.16	0.641	0.108	0.149705	NAN	
1.46	1.165	0.6465	0.116	0.150825	NAN	
1.47	1.175	0.652	0.115	0.15198	NAN	
1.48	1.18	0.658	0.114	0.153125	NAN	
1.49	1.19	0.6635	0.1115	0.1542525	NAN	
1.5	1.2	0.669	0.107	0.155345	NAN	
1.51	1.205	0.6745	0.107	0.156415	NAN	
1.52	1.215	0.68	0.1125	0.1575125	NAN	
1.53	1.22	0.686	0.102	0.158585	NAN	
1.54	1.23	0.691	0.1105	0.1596475	NAN	
1.55	1.24	0.6965	0.0985	0.1606925	NAN	
1.56	1.245	0.702	0.1065	0.1617175	NAN	
1.57	1.255	0.7075	0.1015	0.1627575	NAN	
1.58	1.26	0.7135	0.1005	0.1637675	NAN	
1.59	1.27	0.719	0.101	0.164775	NAN	
1.6	1.28	0.7245	0.098	0.16577	NAN	
1.61	1.285	0.73	0.0965	0.1667425	NAN	
1.62	1.295	0.7355	0.0965	0.1677075	NAN	
1.63	1.3	0.741	0.0935	0.1686575	NAN	
1.64	1.31	0.746	0.0965	0.1696075	NAN	
1.65	1.32	0.7515	0.096	0.17057	NAN	
1.66	1.325	0.757	0.096	0.17153	NAN	
1.67	1.335	0.7625	0.079	0.172405	NAN	
1.68	1.34	0.768	0.096	0.17328	NAN	
1.69	1.35	0.7735	0.0925	0.1742225	NAN	
1.7	1.36	0.779	0.09	0.175135	NAN	
1.71	1.365	0.7845	0.098	0.176075	NAN	
1.72	1.375	0.79	0.0865	0.1769975	NAN	
1.73	1.38	0.795	0.077	0.177815	NAN	
1.74	1.39	0.8005	0.076	0.17858	NAN	
1.75	1.4	0.806	0.0845	0.1793825	NAN	
1.76	1.405	0.8115	0.0885	0.1802475	NAN	
1.77	1.415	0.817	0.083	0.181105	NAN	
1.78	1.42	0.822	0.085	0.181945	NAN	
1.79	1.43	0.8275	0.085	0.182795	NAN	
1.8	1.44	0.833	0.085	0.183645	NAN	
1.81	1.445	0.838	0.0745	0.1844425	NAN	
1.82	1.455	0.8435	0.086	0.185245	NAN	
1.83	1.46	0.849	0.073	0.18604	NAN	
1.84	1.47	0.8545	0.0785	0.1867975	NAN	
1.85	1.48	0.8595	0.0725	0.1875525	NAN	
1.86	1.485	0.865	0.0765	0.1882975	NAN	
1.87	1.495	0.8705	0.0795	0.1890775	NAN	
1.88	1.5	0.8755	0.072	0.189835	NAN	
1.89	1.51	0.881	0.075	0.19057	NAN	
1.9	1.52	0.8865	0.0715	0.1913025	NAN	
1.91	1.525	0.8915	0.072	0.19202	NAN	
1.92	1.535	0.897	0.0775	0.1927675	NAN	
1.93	1.54	0.9025	0.067	0.19349	NAN	
1.94	1.55	0.9075	0.078	0.194215	NAN	
1.95	1.56	0.913	0.064	0.194925	NAN	
1.96	1.565	0.918	0.075	0.19562	NAN	
1.97	1.575	0.9235	0.0665	0.1963275	NAN	
1.98	1.58	0.9285	0.0715	0.1970175	NAN	
1.99	1.59	0.934	0.064	0.197695	NAN	
2	1.6	0.9395	0.0665	0.1983475	NAN	
2.01	1.605	0.9445	0.0725	0.1990425	NAN	
2.02	1.615	0.9495	0.065	0.19973	NAN	
2.03	1.62	0.9545	0.062	0.200365	NAN	
2.04	1.63	0.9595	0.065	0.201	NAN	
2.05	1.64	0.965	0.0645	0.2016475	NAN	
2.06	1.645	0.97	0.063	0.202285	NAN	
2.07	1.655	0.975	0.062	0.20291	NAN	
2.08	1.66	0.98	0.0655	0.2035475	NAN	
2.09	1.67	0.985	0.0605	0.2041775	NAN	
2.1	1.68	0.99	0.0675	0.2048175	NAN	
2.11	1.685	0.995	0.0585	0.2054475	NAN	
2.12	1.695	1	0.069	0.206085	NAN	
2.13	1.7	1.005	0.0545	0.2067025	NAN	
2.14	1.71	1.01	0.061	0.20728	NAN	
2.15	1.72	1.015	0.049	0.20783	NAN	
2.16	1.725	1.02	0.0575	0.2083625	NAN	
2.17	1.735	1.02	0.058	0.20894	NAN	
2.18	1.74	1.02	0.059	0.209525	NAN	
2.19	1.75	1.02	0.0515	0.2100775	NAN	
2.2	1.76	1.02	0.0625	0.2106475	NAN	
2.21	1.765	1.02	0.051	0.211215	NAN	
2.22	1.775	1.02	0.0635	0.2117875	NAN	
2.23	1.78	1.02	0.0505	0.2123575	NAN	
2.24	1.79	1.02	0.058	0.2129	NAN	
2.25	1.8	1.02	0.0495	0.2134375	NAN	
2.26	1.805	1.02	0.0555	0.2139625	NAN	
2.27	1.815	1.02	0.055	0.214515	NAN	
2.28	1.82	1.02	0.055	0.215065	NAN	
2.29	1.83	1.02	0.0575	0.2156275	NAN	
2.3	1.84	1.02	0.0515	0.2161725	NAN	
2.31	1.845	1.02	0.0515	0.2166875	NAN	
2.32	1.855	1.02	0.055	0.21722	NAN	
2.33	1.86	1.02	0.0485	0.2177375	NAN	
2.34	1.87	1.02	0.0555	0.2182575	NAN	
2.35	1.88	1.02	0.045	0.21876	NAN	
2.36	1.885	1.02	0.0575	0.2192725	NAN	
2.37	1.895	1.02	0.0475	0.2197975	NAN	
2.38	1.9	1.02	0.0565	0.2203175	NAN	
2.39	1.91	1.02	0.0465	0.2208325	NAN	
2.4	1.92	1.02	-0.0095	0.2210175	NAN	
2.41	1.925	1.02	0.019	0.221065	NAN	
2.42	1.935	1.02	-0.0125	0.2210975	NAN	
2.43	1.94	1.02	0.0265	0.2211675	NAN	
2.44	1.95	1.02	-0.0085	0.2212575	NAN	
2.45	1.96	1.02	0.021	0.22132	NAN	
2.46	1.965	1.02	-0.0065	0.2213925	NAN	
2.47	1.975	1.02	0.019	0.221455	NAN	
2.48	1.98	1.02	0.001	0.221555	NAN	
2.49	1.99	1.02	0.0185	0.2216525	NAN	
2.5	2	1.02	-0.004	0.221725	NAN	
2.51	1.995	1.02	0.0215	0.2218125	NAN	
2.52	1.985	1.02	0.0005	0.2219225	NAN	
2.53	1.98	1.02	0.0245	0.2220475	NAN	
2.54	1.97	1.02	-0.0015	0.2221625	NAN	
2.55	1.96	1.02	0.025	0.22228	NAN	
2.56	1.955	1.02	-0.007	0.22237	NAN	
2.57	1.945	1.02	0.022	0.222445	NAN	
2.58	1.94	1.02	-0.0025	0.2225425	NAN	
2.59	1.93	1.02	0.018	0.22262	NAN	
2.6	1.92	1.02	0.006	0.22274	NAN	
2.61	1.915	1.02	0.024	0.22289	NAN	
2.62	1.905	1.02	-0.0025	0.2229975	NAN	
2.63	1.9	1.02	0.0275	0.2231225	NAN	
2.64	1.89	1.02	-0.005	0.223235	NAN	
2.65	1.88	1.02	0.018	0.2233	NAN	
2.66	1.875	1.02	-0.009	0.223345	NAN	
2.67	1.865	1.02	0.0105	0.2233525	NAN	
2.68	1.86	1.02	0.001	0.22341	NAN	
2.69	1.85	1.02	-0.002	0.223405	NAN	
2.7	1.84	1.02	0.002	0.223405	NAN	
2.71	1.835	1.02	-0.0105	0.2233625	NAN	
2.72	1.825	1.02	-0.0105	0.2232575	NAN	
2.73	1.82	1.02	-0.011	0.22315	NAN	
2.74	1.81	1.02	-0.026	0.222965	NAN	
2.75	1.8	1.02	-0.013	0.22277	NAN	
2.76	1.795	1.02	-0.009	0.22266	NAN	
2.77	1.785	1.02	-0.016	0.222535	NAN	
2.78	1.78	1.02	-0.0085	0.2224125	NAN	
2.79	1.77	1.02	-0.019	0.222275	NAN	
2.8	1.76	1.02	-0.009	0.222135	NAN	
2.81	1.755	1.02	-0.022	0.22198	NAN	
2.82	1.745	1.02	-0.0175	0.2217825	NAN	
2.83	1.74	1.02	-0.0205	0.2215925	NAN	
2.84	1.73	1.02	-0.0195	0.2213925	NAN	
2.85	1.72	1.02	-0.016	0.221215	NAN	
2.86	1.715	1.02	-0.0185	0.2210425	NAN	
2.87	1.705	1.02	-0.022	0.22084	NAN	
2.88	1.7	1.02	-0.018	0.22064	NAN	
2.89	1.69	1.02	-0.028	0.22041	NAN	
2.9	1.68	1.02	-0.019	0.220175	NAN	
2.91	1.675	1.02	-0.023	0.219965	NAN	
2.92	1.665	1.02	-0.0185	0.2197575	NAN	
2.93	1.66	1.02	-0.0205	0.2195625	NAN	
2.94	1.65	1.02	-0.0165	0.2193775	NAN	
2.95	1.64	1.02	-0.023	0.21918	NAN	
2.96	1.635	1.02	-0.019	0.21897	NAN	
2.97	1.625	1.0185	-0.0245	0.2187525	NAN	
2.98	1.62	1.0135	-0.0175	0.2185425	NAN	
2.99	1.61	1.009	-0.0255	0.2183275	NAN	
3	1.6	1.0045	-0.017	0.218115	NAN	
3.01	1.595	1	-0.0205	0.2179275	NAN	
3.02	1.585	0.9955	-0.023	0.21771	NAN	
3.03	1.58	0.9905	-0.0205	0.2174925	NAN	
3.04	1.57	0.9865	-0.022	0.21728	NAN	
3.05	1.56	0.9815	-0.024	0.21705	NAN	
3.06	1.555	0.977	-0.0195	0.2168325	NAN	
3.07	1.545	0.972	-0.0305	0.2165825	NAN	
3.08	1.54	0.9675	-0.0175	0.2163425	NAN	
3.09	1.53	0.963	-0.031	0.2161	NAN	
3.1	1.52	0.958	-0.0195	0.2158475	NAN	
3.11	1.515	0.953	-0.028	0.21561	NAN	
3.12	1.505	0.9485	-0.0255	0.2153425	NAN	
3.13	1.5	0.944	-0.025	0.21509	NAN	
3.14	1.49	0.939	-0.0275	0.2148275	NAN	
3.15	1.48	0.9345	-0.028	0.21455	NAN	
3.16	1.475	0.9295	-0.0085	0.2143675	NAN	
3.17	1.465	0.925	-0.0315	0.2141675	NAN	
3.18	1.46	0.92	-0.021	0.213905	NAN	
3.19	1.45	0.915	-0.0275	0.2136625	NAN	
3.2	1.44	0.9105	-0.0255	0.2133975	NAN	
3.21	1.435	0.906	-0.0275	0.2131325	NAN	
3.22	1.425	0.901	-0.0275	0.2128575	NAN	
3.23	1.42	0.896	-0.027	0.212585	NAN	
3.24	1.41	0.8915	-0.027	0.212315	NAN	
3.25	1.4	0.8865	-0.031	0.212025	NAN	
3.26	1.395	0.881	-0.023	0.211755	NAN	
3.27	1.385	0.8775	-0.0355	0.2114625	NAN	
3.28	1.38	0.8725	-0.023	0.21117	NAN	
3.29	1.37	0.8675	-0.0365	0.2108725	NAN	
3.3	1.36	0.863	-0.026	0.21056	NAN	
3.31	1.355	0.858	-0.0315	0.2102725	NAN	
3.32	1.345	0.8535	-0.026	0.209985	NAN	
3.33	1.34	0.849	-0.025	0.20973	NAN	
3.34	1.33	0.844	-0.03	0.209455	NAN	
3.35	1.32	0.8395	-0.0315	0.2091475	NAN	
3.36	1.315	0.8345	-0.025	0.208865	NAN	
3.37	1.305	0.8295	-0.0385	0.2085475	NAN	
3.38	1.3	0.825	-0.0255	0.2082275	NAN	
3.39	1.29	0.82	-0.0365	0.2079175	NAN	
3.4	1.28	0.8155	-0.029	0.20759	NAN	
3.41	1.275	0.8105	-0.0325	0.2072825	NAN	
3.42	1.265	0.806	-0.0325	0.2069575	NAN	
3.43	1.26	0.8015	-0.0315	0.2066375	NAN	
3.44	1.25	0.797	-0.0305	0.2063275	NAN	
3.45	1.24	0.7925	-0.0345	0.2060025	NAN	
3.46	1.235	0.7875	-0.03	0.20568	NAN	
3.47	1.225	0.783	-0.0385	0.2053375	NAN	
3.48	1.22	0.7785	-0.03	0.204995	NAN	
3.49	1.21	0.774	-0.0365	0.2046625	NAN	
3.5	1.2	0.769	-0.036	0.2043	NAN	
3.51	1.195	0.7645	-0.035	0.203945	NAN	
3.52	1.185	0.76	-0.037	0.203585	NAN	
3.53	1.18	0.7555	-0.0395	0.2032025	NAN	
3.54	1.17	0.7505	-0.0335	0.2028375	NAN	
3.55	1.16	0.746	-0.039	0.202475	NAN	
3.56	1.155	0.741	-0.031	0.202125	NAN	
3.57	1.145	0.7365	-0.0415	0.2017625	NAN	
3.58	1.14	0.732	-0.034	0.201385	NAN	
3.59	1.13	0.7275	-0.039	0.20102	NAN	
3.6	1.12	0.7225	-0.0375	0.2006375	NAN	
3.61	1.115	0.718	-0.0405	0.2002475	NAN	
3.62	1.105	0.7135	-0.0405	0.1998425	NAN	
3.63	1.1	0.709	-0.0405	0.1994375	NAN	
3.64	1.09	0.704	-0.0355	0.1990575	NAN	
3.65	1.08	0.6995	-0.0445	0.1986575	NAN	
3.66	1.075	0.6955	-0.043	0.19822	NAN	
3.67	1.065	0.6905	-0.051	0.19775	NAN	
3.68	1.06	0.686	-0.0375	0.1973075	NAN	
3.69	1.05	0.6815	-0.05	0.19687	NAN	
3.7	1.04	0.677	-0.037	0.196435	NAN	
3.71	1.035	0.672	-0.0425	0.1960375	NAN	
3.72	1.025	0.6675	-0.0415	0.1956175	NAN	
3.73	1.02	0.663	-0.042	0.1952	NAN	
3.74	1.01	0.6585	-0.043	0.194775	NAN	
3.75	1	0.6535	-0.047	0.194325	NAN	
3.76	0.995	0.649	-0.042	0.19388	NAN	
3.77	0.985	0.6445	-0.0515	0.1934125	NAN	
3.78	0.98	0.64	-0.0445	0.1929325	NAN	
3.79	0.97	0.635	-0.047	0.192475	NAN	
3.8	0.96	0.6305	-0.0435	0.1920225	NAN	
3.81	0.955	0.626	-0.043	0.19159	NAN	
3.82	0.945	0.6215	-0.0485	0.1911325	NAN	
3.83	0.94	0.617	-0.0415	0.1906825	NAN	
3.84	0.93	0.6125	-0.0455	0.1902475	NAN	
3.85	0.92	0.6075	-0.0505	0.1897675	NAN	
3.86	0.915	0.6035	-0.045	0.18929	NAN	
3.87	0.905	0.5985	-0.057	0.18878	NAN	
3.88	0.9	0.594	-0.049	0.18825	NAN	
3.89	0.89	0.5895	-0.0555	0.1877275	NAN	
3.9	0.88	0.585	-0.053	0.187185	NAN	
3.91	0.875	0.5805	-0.054	0.18665	NAN	
3.92	0.865	0.5755	-0.061	0.186075	NAN	
3.93	0.86	0.571	-0.055	0.185495	NAN	
3.94	0.85	0.566	-0.053	0.184955	NAN	
3.95	0.84	0.5615	-0.058	0.1844	NAN	
3.96	0.835	0.5575	-0.05	0.18386	NAN	
3.97	0.825	0.5525	-0.0625	0.1832975	NAN	
3.98	0.82	0.548	-0.0545	0.1827125	NAN	
3.99	0.81	0.543	-0.063	0.182125	NAN	
4	0.8	0.5385	-0.057	0.181525	NAN	
4.01	0.795	0.534	-0.06	0.18094	NAN	
4.02	0.785	0.5295	-0.064	0.18032	NAN	
4.03	0.78	0.525	-0.0615	0.1796925	NAN	
4.04	0.77	0.52	-0.0605	0.1790825	NAN	
4.05	0.76	0.516	-0.0655	0.1784525	NAN	
4.06	0.755	0.511	-0.06	0.177825	NAN	
4.07	0.745	0.5065	-0.073	0.17716	NAN	
4.08	0.74	0.502	-0.0615	0.1764875	NAN	
4.09	0.73	0.4975	-0.07	0.17583	NAN	
4.1	0.72	0.493	-0.065	0.175155	NAN	
4.11	0.715	0.4885	-0.068	0.17449	NAN	
4.12	0.705	0.4835	-0.0715	0.1737925	NAN	
4.13	0.7	0.4795	-0.069	0.17309	NAN	
4.14	0.69	0.4745	-0.069	0.1724	NAN	
4.15	0.68	0.47	-0.0745	0.1716825	NAN	
4.16	0.675	0.4655	-0.069	0.170965	NAN	
4.17	0.665	0.461	-0.0795	0.1702225	NAN	
4.18	0.66	0.4565	-0.0705	0.1694725	NAN	
4.19	0.65	0.452	-0.0755	0.1687425	NAN	
4.2	0.64	0.4475	-0.074	0.167995	NAN	
4.21	0.635	0.443	-0.0715	0.1672675	NAN	
4.22	0.625	0.439	-0.081	0.166505	NAN	
4.23	0.62	0.4345	-0.0795	0.1657025	NAN	
4.24	0.61	0.43	-0.081	0.1649	NAN	
4.25	0.6	0.4255	-0.081	0.16409	NAN	
4.26	0.595	0.421	-0.073	0.16332	NAN	
4.27	0.585	0.417	-0.086	0.162525	NAN	
4.28	0.58	0.4125	-0.077	0.16171	NAN	
4.29	0.57	0.4085	-0.0865	0.1608925	NAN	
4.3	0.56	0.404	-0.079	0.160065	NAN	
4.31	0.555	0.3995	-0.0855	0.1592425	NAN	
4.32	0.545	0.3955	-0.089	0.15837	NAN	
4.33	0.54	0.391	-0.086	0.157495	NAN	
4.34	0.53	0.387	-0.0875	0.1566275	NAN	
4.35	0.52	0.3825	-0.09	0.15574	NAN	
4.36	0.515	0.378	-0.085	0.154865	NAN	
4.37	0.505	0.374	-0.0935	0.1539725	NAN	
4.38	0.5	0.37	-0.088	0.153065	NAN	
4.39	0.49	0.3655	-0.094	0.152155	NAN	
4.4	0.48	0.3615	-0.0915	0.1512275	NAN	
4.41	0.475	0.357	-0.095	0.150295	NAN	
4.42	0.465	0.3525	-0.0985	0.1493275	NAN	
4.43	0.46	0.3485	-0.0915	0.1483775	NAN	
4.44	0.45	0.344	-0.0965	0.1474375	NAN	
4.45	0.44	0.34	-0.0985	0.1464625	NAN	
4.46	0.435	0.336	-0.0995	0.1454725	NAN	
4.47	0.425	0.3315	-0.107	0.14444	NAN	
4.48	0.42	0.3275	-0.0965	0.1434225	NAN	
4.49	0.41	0.3235	-0.108	0.1424	NAN	
4.5	0.4	0.3195	-0.1005	0.1413575	NAN	
4.51	0.395	0.315	-0.109	0.14031	NAN	
4.52	0.385	0.311	-0.111	0.13921	NAN	
4.53	0.38	0.3065	-0.106	0.138125	NAN	
4.54	0.37	0.303	-0.115	0.13702	NAN	
4.55	0.36	0.299	-0.108	0.135905	NAN	
4.56	0.355	0.2945	-0.1135	0.1347975	NAN	
4.57	0.345	0.2905	-0.1195	0.1336325	NAN	
4.58	0.34	0.286	-0.112	0.132475	NAN	
4.59	0.33	0.282	-0.123	0.1313	NAN	
4.6	0.32	0.278	-0.113	0.13012	NAN	
4.61	0.315	0.2735	-0.124	0.128935	NAN	
4.62	0.305	0.27	-0.121	0.12771	NAN	
4.63	0.3	0.266	-0.1225	0.1264925	NAN	
4.64	0.29	0.2615	-0.126	0.12525	NAN	
4.65	0.28	0.2575	-0.123	0.124005	NAN	
4.66	0.275	0.254	-0.1265	0.1227575	NAN	
4.67	0.265	0.2495	-0.1335	0.1214575	NAN	
4.68	0.26	0.2455	-0.1305	0.1201375	NAN	
4.69	0.25	0.241	-0.1375	0.1187975	NAN	
4.7	0.24	0.237	-0.1275	0.1174725	NAN	
4.71	0.235	0.2335	-0.139	0.11614	NAN	
4.72	0.225	0.229	-0.139	0.11475	NAN	
4.73	0.22	0.225	-0.1375	0.1133675	NAN	
4.74	0.21	0.221	-0.1425	0.1119675	NAN	
4.75	0.2	0.217	-0.1395	0.1105575	NAN	
4.76	0.195	0.213	-0.1465	0.1091275	NAN	
4.77	0.185	0.209	-0.1475	0.1076575	NAN	
4.78	0.18	0.2045	-0.1395	0.1062225	NAN	
4.79	0.17	0.2005	-0.1555	0.1047475	NAN	
4.8	0.16	0.1965	-0.148	0.10323	NAN	
4.81	0.155	0.193	-0.1615	0.1016825	NAN	
4.82	0.145	0.1885	-0.1525	0.1001125	NAN	
4.83	0.14	0.185	-0.1615	0.0985425	NAN	
4.84	0.13	0.1805	-0.152	0.096975	NAN	
4.85	0.12	0.177	-0.1675	0.0953775	NAN	
4.86	0.115	0.173	-0.152	0.09378	NAN	
4.87	0.105	0.169	-0.1685	0.0921775	NAN	
4.88	0.1	0.165	-0.1625	0.0905225	NAN	
4.89	0.09	0.161	-0.1675	0.0888725	NAN	
4.9	0.08	0.1575	-0.16	0.087235	NAN	
4.91	0.075	0.153	-0.171	0.08558	NAN	
4.92	0.065	0.149	-0.174	0.083855	NAN	
4.93	0.06	0.1455	-0.171	0.08213	NAN	
4.94	0.05	0.141	-0.176	0.080395	NAN	
4.95	0.04	0.137	-0.1755	0.0786375	NAN	
4.96	0.035	0.1335	-0.177	0.076875	NAN	
4.97	0.025	0.1295	-0.1855	0.0750625	NAN	
4.98	0.02	0.1255	-0.177	0.07325	NAN	
4.99	0.01	0.1215	-0.189	0.07142	NAN	
5	0	0.1175	-0.1795	0.0695775	NAN	
5.01	-0.005	0.1135	-0.189	0.067735	NAN	
5.02	-0.015	0.11	-0.189	0.065845	NAN	
5.03	-0.02	0.106	-0.1895	0.0639525	NAN	
5.04	-0.03	0.102	-0.194	0.062035	NAN	
5.05	-0.04	0.098	-0.1895	0.0601175	NAN	
5.06	-0.045	0.0945	-0.1955	0.0581925	NAN	
5.07	-0.055	0.0905	-0.1995	0.0562175	NAN	
5.08	-0.06	0.0865	-0.1945	0.0542475	NAN	
5.09	-0.07	0.0825	-0.2055	0.0522475	NAN	
5.1	-0.08	0.079	-0.197	0.050235	NAN	
5.11	-0.085	0.075	-0.207	0.048215	NAN	
5.12	-0.095	0.071	-0.2065	0.0461475	NAN	
5.13	-0.1	0.0675	-0.208	0.044075	NAN	
5.14	-0.11	0.0635	-0.2115	0.0419775	NAN	
5.15	-0.12	0.0595	-0.211	0.039865	NAN	
5.16	-0.125	0.0555	-0.2125	0.0377475	NAN	
5.17	-0.135	0.052	-0.219	0.03559	NAN	
5.18	-0.14	0.048	-0.2125	0.0334325	NAN	
5.19	-0.15	0.044	-0.224	0.03125	NAN	
5.2	-0.16	0.0405	-0.214	0.02906	NAN	
5.21	-0.165	0.0365	-0.2265	0.0268575	NAN	
5.22	-0.175	0.033	-0.2265	0.0245925	NAN	
5.23	-0.18	0.029	-0.2265	0.0223275	NAN	
5.24	-0.19	0.025	-0.231	0.02004	NAN	
5.25	-0.2	0.0215	-0.227	0.01775	NAN	
5.26	-0.205	0.0175	-0.2355	0.0154375	NAN	
5.27	-0.215	0.014	-0.239	0.013065	NAN	
5.28	-0.22	0.0105	-0.235	0.010695	NAN	
5.29	-0.23	0.0065	-0.246	0.00829	NAN	
5.3	-0.24	0.0035	-0.2355	0.0058825	NAN	
5.31	-0.245	-0.0005	-0.251	0.00345	NAN	
5.32	-0.255	-0.0035	-0.245	0.00097	NAN	
5.33	-0.26	-0.006	-0.252	-0.001515	NAN	
5.34	-0.27	-0.011	-0.2585	-0.0040675	NAN	
5.35	-0.28	-0.0135	-0.2615	-0.0066675	NAN	
5.36	-0.285	-0.0175	-0.2575	-0.0092625	NAN	
5.37	-0.295	-0.0205	-0.2725	-0.0119125	NAN	
5.38	-0.3	-0.0235	-0.264	-0.014595	NAN	
5.39	-0.31	-0.0265	-0.2955	-0.0173925	NAN	
5.4	-0.32	-0.03	-0.2715	-0.0202275	NAN	
5.41	-0.325	-0.0325	-0.275	-0.02296	NAN	
5.42	-0.335	-0.036	-0.285	-0.02576	NAN	
5.43	-0.34	-0.0385	-0.2875	-0.0286225	NAN	
5.44	-0.35	-0.0415	-0.2885	-0.0315025	NAN	
5.45	-0.36	-0.044	-0.283	-0.03436	NAN	
5.46	-0.365	-0.047	-0.289	-0.03722	NAN	
5.47	-0.375	-0.0495	-0.3025	-0.0401775	NAN	
5.48	-0.38	-0.052	-0.2955	-0.0431675	NAN	
5.49	-0.39	-0.0545	-0.3155	-0.0462225	NAN	
5.5	-0.4	-0.0565	-0.3025	-0.0493125	NAN	
5.51	-0.405	-0.0595	-0.3085	-0.0523675	NAN	
5.52	-0.415	-0.062	-0.3205	-0.0555125	NAN	
5.53	-0.42	-0.064	-0.309	-0.05866	NAN	
5.54	-0.43	-0.0665	-0.325	-0.06183	NAN	
5.55	-0.44	-0.0685	-0.3295	-0.0651025	NAN	
5.56	-0.445	-0.0705	-0.3275	-0.0683875	NAN	
5.57	-0.455	-0.073	-0.3435	-0.0717425	NAN	
5.58	-0.46	-0.075	-0.339	-0.075155	NAN	
5.59	-0.47	-0.077	-0.3535	-0.0786175	NAN	
5.6	-0.48	-0.079	-0.349	-0.08213	NAN	
5.61	-0.485	-0.081	-0.3595	-0.0856725	NAN	
5.62	-0.495	-0.0825	-0.3645	-0.0892925	NAN	
5.63	-0.5	-0.0845	-0.3705	-0.0929675	NAN	
5.64	-0.51	-0.086	-0.3665	-0.0966525	NAN	
5.65	-0.52	-0.088	-0.3795	-0.1003825	NAN	
5.66	-0.525	-0.09	-0.3795	-0.1041775	NAN	
5.67	-0.535	-0.0915	-0.3975	-0.1080625	NAN	
5.68	-0.54	-0.094	-0.401	-0.112055	NAN	
5.69	-0.55	-0.095	-0.391	-0.116015	NAN	
5.7	-0.56	-0.097	-0.403	-0.119985	NAN	
5.71	-0.565	-0.099	-0.4085	-0.1240425	NAN	
5.72	-0.575	-0.1005	-0.4135	-0.1281525	NAN	
5.73	-0.58	-0.1025	-0.425	-0.132345	NAN	
5.74	-0.59	-0.104	-0.419	-0.136565	NAN	
5.75	-0.6	-0.106	-0.432	-0.14082	NAN	
5.76	-0.605	-0.1075	-0.432	-0.14514	NAN	
5.77	-0.615	-0.1095	-0.442	-0.14951	NAN	
5.78	-0.62	-0.1115	-0.445	-0.153945	NAN	
5.79	-0.63	-0.113	-0.448	-0.15841	NAN	
5.8	-0.64	-0.1145	-0.451	-0.162905	NAN	
5.81	-0.645	-0.1165	-0.4595	-0.1674575	NAN	
5.82	-0.655	-0.118	-0.4595	-0.1720525	NAN	
5.83	-0.66	-0.1205	-0.47	-0.1767	NAN	
5.84	-0.67	-0.1225	-0.4735	-0.1814175	NAN	
5.85	-0.68	-0.1245	-0.474	-0.186155	NAN	
5.86	-0.685	-0.1265	-0.4845	-0.1909475	NAN	
5.87	-0.695	-0.1285	-0.488	-0.19581	NAN	
5.88	-0.7	-0.1305	-0.4885	-0.2006925	NAN	
5.89	-0.71	-0.133	-0.5	-0.205635	NAN	
5.9	-0.72	-0.135	-0.4915	-0.2105925	NAN	
5.91	-0.725	-0.1375	-0.5115	-0.2156075	NAN	
5.92	-0.735	-0.14	-0.501	-0.22067	NAN	
5.93	-0.74	-0.143	-0.5115	-0.2257325	NAN	
5.94	-0.75	-0.146	-0.511	-0.230845	NAN	
5.95	-0.76	-0.149	-0.5135	-0.2359675	NAN	
5.96	-0.765	-0.152	-0.5165	-0.2411175	NAN	
5.97	-0.775	-0.1555	-0.53	-0.24635	NAN	
5.98	-0.78	-0.159	-0.513	-0.251565	NAN	
5.99	-0.79	-0.1625	-0.5255	-0.2567575	NAN	
6	-0.8	-0.166	-0.532	-0.262045	NAN	
6.01	-0.805	-0.1695	-0.531	-0.26736	NAN	
6.02	-0.815	-0.1725	-0.53	-0.272665	NAN	
6.03	-0.82	-0.1765	-0.5345	-0.2779875	NAN	
6.04	-0.83	-0.18	-0.533	-0.283325	NAN	
6.05	-0.84	-0.1835	-0.5445	-0.2887125	NAN	
6.06	-0.845	-0.1865	-0.5415	-0.2941425	NAN	
6.07	-0.855	-0.1895	-0.546	-0.29958	NAN	
6.08	-0.86	-0.1925	-0.5455	-0.3050375	NAN	
6.09	-0.87	-0.1955	-0.557	-0.31055	NAN	
6.1	-0.88	-0.198	-0.5495	-0.3160825	NAN	
6.11	-0.885	-0.2005	-0.5625	-0.3216425	NAN	
6.12	-0.895	-0.2035	-0.5625	-0.3272675	NAN	
6.13	-0.9	-0.207	-0.5645	-0.3329025	NAN	
6.14	-0.91	-0.21	-0.571	-0.33858	NAN	
6.15	-0.92	-0.213	-0.571	-0.34429	NAN	
6.16	-0.925	-0.2165	-0.572	-0.350005	NAN	
6.17	-0.935	-0.2195	-0.584	-0.355785	NAN	
6.18	-0.94	-0.2225	-0.577	-0.36159	NAN	
6.19	-0.95	-0.2265	-0.583	-0.36739	NAN	
6.2	-0.96	-0.23	-0.5835	-0.3732225	NAN	
6.21	-0.965	-0.2335	-0.585	-0.379065	NAN	
6.22	-0.975	-0.237	-0.584	-0.38491	NAN	
6.23	-0.98	-0.2405	-0.59	-0.39078	NAN	
6.24	-0.99	-0.2445	-0.588	-0.39667	NAN	
6.25	-1	-0.2485	-0.5935	-0.4025775	NAN	
6.26	-1.005	-0.2525	-0.5875	-0.4084825	NAN	
6.27	-1.015	-0.257	-0.5915	-0.4143775	NAN	
6.28	-1.02	-0.262	-0.593	-0.4203	NAN	
6.29	-1.03	-0.2665	-0.6015	-0.4262725	NAN	
6.3	-1.04	-0.271	-0.587	-0.432215	NAN	
6.31	-1.045	-0.2765	-0.5945	-0.4381225	NAN	
6.32	-1.055	-0.2815	-0.5925	-0.4440575	NAN	
6.33	-1.06	-0.2875	-0.5865	-0.4499525	NAN	
6.34	-1.07	-0.2935	-0.589	-0.45583	NAN	
6.35	-1.08	-0.2995	-0.585	-0.4617	NAN	
6.36	-1.085	-0.306	-0.576	-0.467505	NAN	
6.37	-1.095	-0.313	-0.583	-0.4733	NAN	
6.38	-1.1	-0.3205	-0.57	-0.479065	NAN	
6.39	-1.11	-0.328	-0.571	-0.48477	NAN	
6.4	-1.12	-0.336	-0.557	-0.49041	NAN	
6.41	-1.125	-0.344	-0.56	-0.495995	NAN	
6.42	-1.135	-0.3525	-0.5435	-0.5015125	NAN	
6.43	-1.14	-0.361	-0.561	-0.507035	NAN	
6.44	-1.15	-0.37	-0.537	-0.512525	NAN	
6.45	-1.16	-0.379	-0.5265	-0.5178425	NAN	
6.46	-1.165	-0.3885	-0.526	-0.523105	NAN	
6.47	-1.175	-0.3975	-0.518	-0.528325	NAN	
6.48	-1.18	-0.407	-0.5055	-0.5334425	NAN	
6.49	-1.19	-0.4165	-0.5085	-0.5385125	NAN	
6.5	-1.2	-0.426	-0.4885	-0.5434975	NAN	
6.51	-1.205	-0.4355	-0.4885	-0.5483825	NAN	
6.52	-1.215	-0.445	-0.4775	-0.5532125	NAN	
6.53	-1.22	-0.4545	-0.4675	-0.5579375	NAN	
6.54	-1.23	-0.464	-0.4655	-0.5626025	NAN	
6.55	-1.24	-0.474	-0.4575	-0.5672175	NAN	
6.56	-1.245	-0.484	-0.446	-0.571735	NAN	
6.57	-1.255	-0.4935	-0.4525	-0.5762275	NAN	
6.58	-1.26	-0.5035	-0.424	-0.58061	NAN	
6.59	-1.27	-0.513	-0.432	-0.58489	NAN	
6.6	-1.28	-0.523	-0.412	-0.58911	NAN	
6.61	-1.285	-0.533	-0.404	-0.59319	NAN	
6.62	-1.295	-0.543	-0.398	-0.5972	NAN	
6.63	-1.3	-0.553	-0.388	-0.60113	NAN	
6.64	-1.31	-0.5625	-0.38	-0.60497	NAN	
6.65	-1.32	-0.5725	-0.366	-0.6087	NAN	
6.66	-1.325	-0.5825	-0.361	-0.612335	NAN	
6.67	-1.335	-0.5925	-0.361	-0.615945	NAN	
6.68	-1.34	-0.603	-0.347	-0.619485	NAN	
6.69	-1.35	-0.6125	-0.3385	-0.6229125	NAN	
6.7	-1.36	-0.6225	-0.3275	-0.6262425	NAN	
6.71	-1.365	-0.6325	-0.329	-0.629525	NAN	
6.72	-1.375	-0.6425	-0.315	-0.632745	NAN	
6.73	-1.38	-0.652	-0.311	-0.635875	NAN	
6.74	-1.39	-0.6625	-0.297	-0.638915	NAN	
6.75	-1.4	-0.672	-0.293	-0.641865	NAN	
6.76	-1.405	-0.6815	-0.2795	-0.6447275	NAN	
6.77	-1.415	-0.6915	-0.281	-0.64753	NAN	
6.78	-1.42	-0.701	-0.2675	-0.6502725	NAN	
6.79	-1.43	-0.7105	-0.262	-0.65292	NAN	
6.8	-1.44	-0.7205	-0.2515	-0.6554875	NAN	
6.81	-1.445	-0.73	-0.2465	-0.6579775	NAN	
6.82	-1.455	-0.7395	-0.238	-0.6604	NAN	
6.83	-1.46	-0.749	-0.2395	-0.6627875	NAN	
6.84	-1.47	-0.7585	-0.2245	-0.6651075	NAN	
6.85	-1.48	-0.767	-0.2205	-0.6673325	NAN	
6.86	-1.485	-0.7765	-0.206	-0.669465	NAN	
6.87	-1.495	-0.7855	-0.209	-0.67154	NAN	
6.88	-1.5	-0.7945	-0.1955	-0.6735625	NAN	
6.89	-1.51	-0.8035	-0.197	-0.675525	NAN	
6.9	-1.52	-0.8125	-0.1865	-0.6774425	NAN	
6.91	-1.525	-0.821	-0.1855	-0.6793025	NAN	
6.92	-1.535	-0.83	-0.176	-0.68111	NAN	
6.93	-1.54	-0.838	-0.1725	-0.6828525	NAN	
6.94	-1.55	-0.846	-0.1595	-0.6845125	NAN	
6.95	-1.56	-0.855	-0.162	-0.68612	NAN	
6.96	-1.565	-0.863	-0.1465	-0.6876625	NAN	
6.97	-1.575	-0.871	-0.155	-0.68917	NAN	
6.98	-1.58	-0.8795	-0.1395	-0.6906425	NAN	
6.99	-1.59	-0.8875	-0.144	-0.69206	NAN	
7	-1.6	-0.8945	-0.134	-0.69345	NAN	
7.01	-1.605	-0.9025	-0.132	-0.69478	NAN	
7.02	-1.615	-0.9105	-0.126	-0.69607	NAN	
7.03	-1.62	-0.9175	-0.1235	-0.6973175	NAN	
7.04	-1.63	-0.9245	-0.1185	-0.6985275	NAN	
7.05	-1.64	-0.932	-0.122	-0.69973	NAN	
7.06	-1.645	-0.939	-0.1085	-0.7008825	NAN	
7.07	-1.655	-0.9465	-0.126	-0.702055	NAN	
7.08	-1.66	-0.953	-0.097	-0.70317	NAN	
7.09	-1.67	-0.96	-0.106	-0.704185	NAN	
7.1	-1.68	-0.9675	-0.0975	-0.7052025	NAN	
7.11	-1.685	-0.9735	-0.1055	-0.7062175	NAN	
7.12	-1.695	-0.98	-0.096	-0.707225	NAN	
7.13	-1.7	-0.9865	-0.0925	-0.7081675	NAN	
7.14	-1.71	-0.993	-0.093	-0.709095	NAN	
7.15	-1.72	-0.9995	-0.0895	-0.7100075	NAN	
7.16	-1.725	-1.0055	-0.0865	-0.7108875	NAN	
7.17	-1.735	-1.012	-0.09	-0.71177	NAN	
7.18	-1.74	-1.018	-0.078	-0.71261	NAN	
7.19	-1.75	-1.0245	-0.0895	-0.7134475	NAN	
7.2	-1.76	-1.0275	-0.074	-0.714265	NAN	
7.21	-1.765	-1.0275	-0.083	-0.71505	NAN	
7.22	-1.775	-1.0275	-0.076	-0.715845	NAN	
7.23	-1.78	-1.0275	-0.078	-0.716615	NAN	
7.24	-1.79	-1.0275	-0.073	-0.71737	NAN	
7.25	-1.8	-1.0275	-0.073	-0.7181	NAN	
7.26	-1.805	-1.0275	-0.0725	-0.7188275	NAN	
7.27	-1.815	-1.0275	-0.0775	-0.7195775	NAN	
7.28	-1.82	-1.0275	-0.0655	-0.7202925	NAN	
7.29	-1.83	-1.0275	-0.0755	-0.7209975	NAN	
7.3	-1.84	-1.0275	-0.0645	-0.7216975	NAN	
7.31	-1.845	-1.0275	-0.073	-0.722385	NAN	
7.32	-1.855	-1.0275	-0.07	-0.7231	NAN	
7.33	-1.86	-1.0275	-0.0655	-0.7237775	NAN	
7.34	-1.87	-1.0275	-0.06	-0.724405	NAN	
7.35	-1.88	-1.0275	-0.0145	-0.7247775	NAN	
7.36	-1.885	-1.0275	0	-0.72485	NAN	
7.37	-1.895	-1.0275	-0.0095	-0.7248975	NAN	
7.38	-1.9	-1.0275	0.003	-0.72493	NAN	
7.39	-1.91	-1.0275	-0.004	-0.724935	NAN	
7.4	-1.92	-1.0275	0.006	-0.724925	NAN	
7.41	-1.925	-1.0275	-0.0045	-0.7249175	NAN	
7.42	-1.935	-1.0275	0.005	-0.724915	NAN	
7.43	-1.94	-1.0275	-0.0185	-0.7249825	NAN	
7.44	-1.95	-1.0275	0.004	-0.725055	NAN	
7.45	-1.96	-1.0275	-0.009	-0.72508	NAN	
7.46	-1.965	-1.0275	0.03	-0.724975	NAN	
7.47	-1.975	-1.0275	0.0085	-0.7247825	NAN	
7.48	-1.98	-1.0275	0.007	-0.724705	NAN	
7.49	-1.99	-1.0275	0.007	-0.724635	NAN	
7.5	-2	-1.0275	-0.008	-0.72464	NAN	
7.51	-1.995	-1.0275	-0.0095	-0.7247275	NAN	
7.52	-1.985	-1.0275	0.017	-0.72469	NAN	
7.53	-1.98	-1.0275	0.0115	-0.7245475	NAN	
7.54	-1.97	-1.0275	-0.002	-0.7245	NAN	
7.55	-1.96	-1.0275	0.0005	-0.7245075	NAN	
7.56	-1.955	-1.0275	0.0085	-0.7244625	NAN	
7.57	-1.945	-1.0275	0.004	-0.7244	NAN	
7.58	-1.94	-1.0275	0.006	-0.72435	NAN	
7.59	-1.93	-1.0275	-0.015	-0.724395	NAN	
7.6	-1.92	-1.0275	0.012	-0.72441	NAN	
7.61	-1.915	-1.0275	-0.0005	-0.7243525	NAN	
7.62	-1.905	-1.0275	0.0055	-0.7243275	NAN	
7.63	-1.9	-1.0275	-0.01	-0.72435	NAN	
7.64	-1.89	-1.0275	0.0155	-0.7243225	NAN	
7.65	-1.88	-1.0275	-0.005	-0.72427	NAN	
7.66	-1.875	-1.0275	0.008	-0.724255	NAN	
7.67	-1.865	-1.0275	-0.0045	-0.7242375	NAN	
7.68	-1.86	-1.0275	0.0015	-0.7242525	NAN	
7.69	-1.85	-1.0275	-0.0055	-0.7242725	NAN	
7.7	-1.84	-1.0275	0.0075	-0.7242625	NAN	
7.71	-1.835	-1.0275	0.002	-0.724215	NAN	
7.72	-1.825	-1.0275	0.006	-0.724175	NAN	
7.73	-1.82	-1.0275	-0.0015	-0.7241525	NAN	
7.74	-1.81	-1.0275	0.0005	-0.7241575	NAN	
7.75	-1.8	-1.0275	-0.008	-0.724195	NAN	
7.76	-1.795	-1.0275	0.007	-0.7242	NAN	
7.77	-1.785	-1.0275	0.006	-0.724135	NAN	
7.78	-1.78	-1.0275	0.0125	-0.7240425	NAN	
7.79	-1.77	-1.0275	0.0065	-0.7239475	NAN	
7.8	-1.76	-1.0275	0.0165	-0.7238325	NAN	
7.81	-1.755	-1.0275	0.007	-0.723715	NAN	
7.82	-1.745	-1.0275	0.019	-0.723585	NAN	
7.83	-1.74	-1.0275	0.0105	-0.7234375	NAN	
7.84	-1.73	-1.0275	0.0095	-0.7233375	NAN	
7.85	-1.72	-1.0275	0.0145	-0.7232175	NAN	
7.86	-1.715	-1.0275	0.023	-0.72303	NAN	
7.87	-1.705	-1.0275	0.023	-0.7228	NAN	
7.88	-1.7	-1.0275	0.0215	-0.7225775	NAN	
7.89	-1.69	-1.0275	0.0165	-0.7223875	NAN	
7.9	-1.68	-1.0275	0.016	-0.722225	NAN	
7.91	-1.675	-1.0275	0.0145	-0.7220725	NAN	
7.92	-1.665	-1.0275	0.0165	-0.7219175	NAN	
7.93	-1.66	-1.0275	0.0195	-0.7217375	NAN	
7.94	-1.65	-1.0275	0.0185	-0.7215475	NAN	
7.95	-1.64	-1.0275	0.025	-0.72133	NAN	
7.96	-1.635	-1.0275	0.022	-0.721095	NAN	
7.97	-1.625	-1.0225	0.021	-0.72088	NAN	
7.98	-1.62	-1.017	0.0285	-0.7206325	NAN	
7.99	-1.61	-1.013	0.0235	-0.7203725	NAN	
8	-1.6	-1.008	0.023	-0.72014	NAN	
8.01	-1.595	-1.0035	0.02	-0.719925	NAN	
8.02	-1.585	-0.9985	0.0245	-0.7197025	NAN	
8.03	-1.58	-0.9935	0.019	-0.719485	NAN	
8.04	-1.57	-0.989	0.026	-0.71926	NAN	
8.05	-1.56	-0.984	0.018	-0.71904	NAN	
8.06	-1.555	-0.9795	0.025	-0.718825	NAN	
8.07	-1.545	-0.9745	0.021	-0.718595	NAN	
8.08	-1.54	-0.9695	0.026	-0.71836	NAN	
8.09	-1.53	-0.965	0.02	-0.71813	NAN	
8.1	-1.52	-0.96	0.027	-0.717895	NAN	
8.11	-1.515	-0.9555	0.019	-0.717665	NAN	
8.12	-1.505	-0.95	0.032	-0.71741	NAN	
8.13	-1.5	-0.9455	0.018	-0.71716	NAN	
8.14	-1.49	-0.9405	0.0305	-0.7169175	NAN	
8.15	-1.48	-0.9355	0.0185	-0.7166725	NAN	
8.16	-1.475	-0.93	0.0305	-0.7164275	NAN	
8.17	-1.465	-0.926	0.023	-0.71616	NAN	
8.18	-1.46	-0.9205	0.0285	-0.7159025	NAN	
8.19	-1.45	-0.9165	0.024	-0.71564	NAN	
8.2	-1.44	-0.9115	0.026	-0.71539	NAN	
8.21	-1.435	-0.906	0.0255	-0.7151325	NAN	
8.22	-1.425	-0.902	0.027	-0.71487	NAN	
8.23	-1.42	-0.897	0.025	-0.71461	NAN	
8.24	-1.41	-0.8925	0.027	-0.71435	NAN	
8.25	-1.4	-0.8875	0.025	-0.71409	NAN	
8.26	-1.395	-0.883	0.026	-0.713835	NAN	
8.27	-1.385	-0.8775	0.029	-0.71356	NAN	
8.28	-1.38	-0.872	0.0265	-0.7132825	NAN	
8.29	-1.37	-0.868	0.027	-0.713015	NAN	
8.3	-1.36	-0.8635	0.027	-0.712745	NAN	
8.31	-1.355	-0.8585	0.025	-0.712485	NAN	
8.32	-1.345	-0.853	0.0345	-0.7121875	NAN	
8.33	-1.34	-0.849	0.025	-0.71189	NAN	
8.34	-1.33	-0.8435	0.035	-0.71159	NAN	
8.35	-1.32	-0.839	0.025	-0.71129	NAN	
8.36	-1.315	-0.8355	0.035	-0.71099	NAN	
8.37	-1.305	-0.8295	0.028	-0.710675	NAN	
8.38	-1.3	-0.824	0.034	-0.710365	NAN	
8.39	-1.29	-0.82	0.028	-0.710055	NAN	
8.4	-1.28	-0.8155	0.034	-0.709745	NAN	
8.41	-1.275	-0.8105	0.027	-0.70944	NAN	
8.42	-1.265	-0.8055	0.0355	-0.7091275	NAN	
8.43	-1.26	-0.8015	0.0275	-0.7088125	NAN	
8.44	-1.25	-0.796	0.0355	-0.7084975	NAN	
8.45	-1.24	-0.792	0.028	-0.70818	NAN	
8.46	-1.235	-0.7875	0.035	-0.707865	NAN	
8.47	-1.225	-0.783	0.0315	-0.7075325	NAN	
8.48	-1.22	-0.778	0.0345	-0.7072025	NAN	
8.49	-1.21	-0.7735	0.0295	-0.7068825	NAN	
8.5	-1.2	-0.7685	0.0315	-0.7065775	NAN	
8.51	-1.195	-0.764	0.0355	-0.7062425	NAN	
8.52	-1.185	-0.7595	0.034	-0.705895	NAN	
8.53	-1.18	-0.7545	0.0355	-0.7055475	NAN	
8.54	-1.17	-0.75	0.038	-0.70518	NAN	
8.55	-1.16	-0.745	0.031	-0.704835	NAN	
8.56	-1.155	-0.7415	0.036	-0.7045	NAN	
8.57	-1.145	-0.736	0.0375	-0.7041325	NAN	
8.58	-1.14	-0.731	0.036	-0.703765	NAN	
8.59	-1.13	-0.727	0.037	-0.7034	NAN	
8.6	-1.12	-0.722	0.036	-0.703035	NAN	
8.61	-1.115	-0.718	0.035	-0.70268	NAN	
8.62	-1.105	-0.7135	0.0425	-0.7022925	NAN	
8.63	-1.1	-0.708	0.0345	-0.7019075	NAN	
8.64	-1.09	-0.7025	0.0435	-0.7015175	NAN	
8.65	-1.08	-0.699	0.032	-0.70114	NAN	
8.66	-1.075	-0.694	0.0445	-0.7007575	NAN	
8.67	-1.065	-0.69	0.036	-0.700355	NAN	
8.68	-1.06	-0.6855	0.0415	-0.6999675	NAN	
8.69	-1.05	-0.6805	0.0355	-0.6995825	NAN	
8.7	-1.04	-0.6745	0.0405	-0.6992025	NAN	
8.71	-1.035	-0.6715	0.035	-0.698825	NAN	
8.72	-1.025	-0.668	0.0465	-0.6984175	NAN	
8.73	-1.02	-0.662	0.0335	-0.6980175	NAN	
8.74	-1.01	-0.659	0.057	-0.697565	NAN	
8.75	-1	-0.653	0.0425	-0.6970675	NAN	
8.76	-0.995	-0.6485	0.042	-0.696645	NAN	
8.77	-0.985	-0.6445	0.046	-0.696205	NAN	
8.78	-0.98	-0.6385	0.036	-0.695795	NAN	
8.79	-0.97	-0.6345	0.0465	-0.6953825	NAN	
8.8	-0.96	-0.6295	0.045	-0.694925	NAN	
8.81	-0.955	-0.6255	0.048	-0.69446	NAN	
8.82	-0.945	-0.622	0.044	-0.694	NAN	
8.83	-0.94	-0.6165	0.0485	-0.6935375	NAN	
8.84	-0.93	-0.6125	0.0505	-0.6930425	NAN	
8.85	-0.92	-0.6075	0.0345	-0.6926175	NAN	
8.86	-0.915	-0.603	0.0545	-0.6921725	NAN	
8.87	-0.905	-0.5985	0.0505	-0.6916475	NAN	
8.88	-0.9	-0.5945	0.053	-0.69113	NAN	
8.89	-0.89	-0.5895	0.0405	-0.6906625	NAN	
8.9	-0.88	-0.585	0.0455	-0.6902325	NAN	
8.91	-0.875	-0.5805	0.0565	-0.6897225	NAN	
8.92	-0.865	-0.5755	0.0565	-0.6891575	NAN	
8.93	-0.86	-0.571	0.051	-0.68862	NAN	
8.94	-0.85	-0.5665	0.062	-0.688055	NAN	
8.95	-0.84	-0.562	0.0495	-0.6874975	NAN	
8.96	-0.835	-0.5575	0.061	-0.686945	NAN	
8.97	-0.825	-0.5525	0.055	-0.686365	NAN	
8.98	-0.82	-0.549	0.0615	-0.6857825	NAN	
8.99	-0.81	-0.544	0.0555	-0.6851975	NAN	
9	-0.8	-0.5395	0.0585	-0.6846275	NAN	
9.01	-0.795	-0.5345	0.0575	-0.6840475	NAN	
9.02	-0.785	-0.5295	0.0625	-0.6834475	NAN	
9.03	-0.78	-0.526	0.0575	-0.6828475	NAN	
9.04	-0.77	-0.521	0.0605	-0.6822575	NAN	
9.05	-0.76	-0.517	0.06	-0.681655	NAN	
9.06	-0.755	-0.512	0.062	-0.681045	NAN	
9.07	-0.745	-0.508	0.0645	-0.6804125	NAN	
9.08	-0.74	-0.5035	0.0645	-0.6797675	NAN	
9.09	-0.73	-0.4995	0.0645	-0.6791225	NAN	
9.1	-0.72	-0.4945	0.066	-0.67847	NAN	
9.11	-0.715	-0.49	0.0635	-0.6778225	NAN	
9.12	-0.705	-0.4855	0.0735	-0.6771375	NAN	
9.13	-0.7	-0.4815	0.064	-0.67645	NAN	
9.14	-0.69	-0.4765	0.0745	-0.6757575	NAN	
9.15	-0.68	-0.4725	0.062	-0.675075	NAN	
9.16	-0.675	-0.4675	0.075	-0.67439	NAN	
9.17	-0.665	-0.4635	0.067	-0.67368	NAN	
9.18	-0.66	-0.459	0.0765	-0.6729625	NAN	
9.19	-0.65	-0.4545	0.068	-0.67224	NAN	
9.2	-0.64	-0.4495	0.076	-0.67152	NAN	
9.21	-0.635	-0.446	0.0695	-0.6707925	NAN	
9.22	-0.625	-0.4415	0.079	-0.67005	NAN	
9.23	-0.62	-0.4375	0.0725	-0.6692925	NAN	
9.24	-0.61	-0.4325	0.0775	-0.6685425	NAN	
9.25	-0.6	-0.429	0.075	-0.66778	NAN	
9.26	-0.595	-0.4245	0.078	-0.667015	NAN	
9.27	-0.585	-0.42	0.083	-0.66621	NAN	
9.28	-0.58	-0.416	0.08	-0.665395	NAN	
9.29	-0.57	-0.4115	0.0825	-0.6645825	NAN	
9.3	-0.56	-0.4075	0.081	-0.663765	NAN	
9.31	-0.555	-0.4025	0.0825	-0.6629475	NAN	
9.32	-0.545	-0.3985	0.088	-0.662095	NAN	
9.33	-0.54	-0.394	0.0815	-0.6612475	NAN	
9.34	-0.53	-0.39	0.091	-0.660385	NAN	
9.35	-0.52	-0.3855	0.083	-0.659515	NAN	
9.36	-0.515	-0.3815	0.0945	-0.6586275	NAN	
9.37	-0.505	-0.377	0.0885	-0.6577125	NAN	
9.38	-0.5	-0.3725	0.0935	-0.6568025	NAN	
9.39	-0.49	-0.3685	0.0875	-0.6558975	NAN	
9.4	-0.48	-0.3645	0.0945	-0.6549875	NAN	
9.41	-0.475	-0.36	0.0925	-0.6540525	NAN	
9.42	-0.465	-0.3565	0.1005	-0.6530875	NAN	
9.43	-0.46	-0.3515	0.0945	-0.6521125	NAN	
9.44	-0.45	-0.348	0.1005	-0.6511375	NAN	
9.45	-0.44	-0.3435	0.0975	-0.6501475	NAN	
9.46	-0.435	-0.339	0.1015	-0.6491525	NAN	
9.47	-0.425	-0.335	0.103	-0.64813	NAN	
9.48	-0.42	-0.3315	0.1015	-0.6471075	NAN	
9.49	-0.41	-0.327	0.104	-0.64608	NAN	
9.5	-0.4	-0.3225	0.1045	-0.6450375	NAN	
9.51	-0.395	-0.3185	0.1045	-0.6439925	NAN	
9.52	-0.385	-0.3145	0.112	-0.64291	NAN	
9.53	-0.38	-0.31	0.107	-0.641815	NAN	
9.54	-0.37	-0.3055	0.1165	-0.6406975	NAN	
9.55	-0.36	-0.302	0.105	-0.63959	NAN	
9.56	-0.355	-0.2975	0.1095	-0.6385175	NAN	
9.57	-0.345	-0.2935	0.1145	-0.6373975	NAN	
9.58	-0.34	-0.289	0.117	-0.63624	NAN	
9.59	-0.33	-0.2855	0.1185	-0.6350625	NAN	
9.6	-0.32	-0.281	0.129	-0.633825	NAN	
9.61	-0.315	-0.277	0.1155	-0.6326025	NAN	
9.62	-0.305	-0.273	0.122	-0.631415	NAN	
9.63	-0.3	-0.269	0.1165	-0.6302225	NAN	
9.64	-0.29	-0.265	0.121	-0.629035	NAN	
9.65	-0.28	-0.261	0.127	-0.627795	NAN	
9.66	-0.275	-0.257	0.131	-0.626505	NAN	
9.67	-0.265	-0.253	0.1305	-0.6251975	NAN	
9.68	-0.26	-0.249	0.1305	-0.6238925	NAN	
9.69	-0.25	-0.2445	0.146	-0.62251	NAN	
9.7	-0.24	-0.241	0.138	-0.62109	NAN	
9.71	-0.235	-0.2365	0.1245	-0.6197775	NAN	
9.72	-0.225	-0.2325	0.167	-0.61832	NAN	
9.73	-0.22	-0.2285	0.1295	-0.6168375	NAN	
9.74	-0.21	-0.225	0.1295	-0.6155425	NAN	
9.75	-0.2	-0.2205	0.1345	-0.6142225	NAN	
9.76	-0.195	-0.2165	0.1455	-0.6128225	NAN	
9.77	-0.185	-0.2125	0.1445	-0.6113725	NAN	
9.78	-0.18	-0.208	0.147	-0.609915	NAN	
9.79	-0.17	-0.2045	0.1415	-0.6084725	NAN	
9.8	-0.16	-0.2005	0.148	-0.607025	NAN	
9.81	-0.155	-0.1965	0.152	-0.605525	NAN	
9.82	-0.145	-0.193	0.154	-0.603995	NAN	
9.83	-0.14	-0.1885	0.154	-0.602455	NAN	
9.84	-0.13	-0.184	0.1555	-0.6009075	NAN	
9.85	-0.12	-0.1805	0.155	-0.599355	NAN	
9.86	-0.115	-0.1765	0.163	-0.597765	NAN	
9.87	-0.105	-0.173	0.1565	-0.5961675	NAN	
9.88	-0.1	-0.1685	0.1615	-0.5945775	NAN	
9.89	-0.09	-0.165	0.1615	-0.5929625	NAN	
9.9	-0.08	-0.161	0.1685	-0.5913125	NAN	
9.91	-0.075	-0.157	0.163	-0.589655	NAN	
9.92	-0.065	-0.153	0.1775	-0.5879525	NAN	
9.93	-0.06	-0.149	0.1675	-0.5862275	NAN	
9.94	-0.05	-0.1455	0.177	-0.584505	NAN	
9.95	-0.04	-0.141	0.1735	-0.5827525	NAN	
9.96	-0.035	-0.1375	0.1775	-0.5809975	NAN	
9.97	-0.025	-0.1335	0.182	-0.5792	NAN	
9.98	-0.02	-0.13	0.179	-0.577395	NAN	
9.99	-0.01	-0.1255	0.183	-0.575585	NAN	
10	0	-0.1215	0.1805	-0.5737675	NAN	
10.01	0.005	-0.118	0.1845	-0.5719425	NAN	
10.02	0.015	-0.1135	0.189	-0.570075	NAN	
10.03	0.02	-0.11	0.1815	-0.5682225	NAN	
10.04	0.03	-0.106	0.1985	-0.5663225	NAN	
10.05	0.04	-0.1025	0.1865	-0.5643975	NAN	
10.06	0.045	-0.099	0.201	-0.56246	NAN	
10.07	0.055	-0.0945	0.1955	-0.5604775	NAN	
10.08	0.06	-0.091	0.202	-0.55849	NAN	
10.09	0.07	-0.087	0.1985	-0.5564875	NAN	
10.1	0.08	-0.083	0.202	-0.554485	NAN	
10.11	0.085	-0.0795	0.203	-0.55246	NAN	
10.12	0.095	-0.075	0.2115	-0.5503875	NAN	
10.13	0.1	-0.072	0.2055	-0.5483025	NAN	
10.14	0.11	-0.068	0.2115	-0.5462175	NAN	
10.15	0.12	-0.0645	0.2075	-0.5441225	NAN	
10.16	0.125	-0.0605	0.216	-0.542005	NAN	
10.17	0.135	-0.0565	0.2135	-0.5398575	NAN	
10.18	0.14	-0.053	0.223	-0.537675	NAN	
10.19	0.15	-0.0495	0.217	-0.535475	NAN	
10.2	0.16	-0.0455	0.226	-0.53326	NAN	
10.21	0.165	-0.042	0.2215	-0.5310225	NAN	
10.22	0.175	-0.0385	0.222	-0.528805	NAN	
10.23	0.18	-0.0345	0.2285	-0.5265525	NAN	
10.24	0.19	-0.0305	0.2335	-0.5242425	NAN	
10.25	0.2	-0.027	0.2305	-0.5219225	NAN	
10.26	0.205	-0.0235	0.238	-0.51958	NAN	
10.27	0.215	-0.0195	0.237	-0.517205	NAN	
10.28	0.22	-0.016	0.2425	-0.5148075	NAN	
10.29	0.23	-0.0125	0.237	-0.51241	NAN	
10.3	0.24	-0.0095	0.2465	-0.5099925	NAN	
10.31	0.245	-0.0055	0.242	-0.50755	NAN	
10.32	0.255	-0.0015	0.254	-0.50507	NAN	
10.33	0.26	0.0015	0.254	-0.50253	NAN	
10.34	0.27	0.005	0.257	-0.499975	NAN	
10.35	0.28	0.008	0.2565	-0.4974075	NAN	
10.36	0.285	0.012	0.2625	-0.4948125	NAN	
10.37	0.295	0.015	0.264	-0.49218	NAN	
10.38	0.3	0.0185	0.269	-0.489515	NAN	
10.39	0.31	0.0215	0.266	-0.48684	NAN	
10.4	0.32	0.0245	0.2765	-0.4841275	NAN	
10.41	0.325	0.0275	0.267	-0.48141	NAN	
10.42	0.335	0.0305	0.286	-0.478645	NAN	
10.43	0.34	0.0335	0.2715	-0.4758575	NAN	
10.44	0.35	0.0365	0.2845	-0.4730775	NAN	
10.45	0.36	0.0395	0.2795	-0.4702575	NAN	
10.46	0.365	0.0415	0.291	-0.467405	NAN	
10.47	0.375	0.045	0.3005	-0.4644475	NAN	
10.48	0.38	0.0475	0.298	-0.461455	NAN	
10.49	0.39	0.05	0.304	-0.458445	NAN	
10.5	0.4	0.0525	0.3095	-0.4553775	NAN	
10.51	0.405	0.055	0.3085	-0.4522875	NAN	
10.52	0.415	0.0575	0.323	-0.44913	NAN	
10.53	0.42	0.0595	0.313	-0.44595	NAN	
10.54	0.43	0.062	0.331	-0.44273	NAN	
10.55	0.44	0.0645	0.328	-0.439435	NAN	
10.56	0.445	0.0665	0.3335	-0.4361275	NAN	
10.57	0.455	0.0685	0.3455	-0.4327325	NAN	
10.58	0.46	0.071	0.3365	-0.4293225	NAN	
10.59	0.47	0.073	0.351	-0.425885	NAN	
10.6	0.48	0.075	0.3515	-0.4223725	NAN	
10.61	0.485	0.0785	0.346	-0.418885	NAN	
10.62	0.495	0.0785	0.363	-0.41534	NAN	
10.63	0.5	0.081	0.3565	-0.4117425	NAN	
10.64	0.51	0.0825	0.36	-0.40816	NAN	
10.65	0.52	0.0845	0.3715	-0.4045025	NAN	
10.66	0.525	0.086	0.3785	-0.4007525	NAN	
10.67	0.535	0.0875	0.387	-0.396925	NAN	
10.68	0.54	0.0895	0.4065	-0.3929575	NAN	
10.69	0.55	0.0915	0.3885	-0.3889825	NAN	
10.7	0.56	0.093	0.406	-0.38501	NAN	
10.71	0.565	0.095	0.403	-0.380965	NAN	
10.72	0.575	0.0965	0.416	-0.37687	NAN	
10.73	0.58	0.0985	0.415	-0.372715	NAN	
10.74	0.59	0.1	0.4195	-0.3685425	NAN	
10.75	0.6	0.102	0.425	-0.36432	NAN	
10.76	0.605	0.1035	0.432	-0.360035	NAN	
10.77	0.615	0.1055	0.4365	-0.3556925	NAN	
10.78	0.62	0.1075	0.4445	-0.3512875	NAN	
10.79	0.63	0.109	0.4455	-0.3468375	NAN	
10.8	0.64	0.1105	0.452	-0.34235	NAN	
10.81	0.645	0.1125	0.457	-0.337805	NAN	
10.82	0.655	0.1145	0.463	-0.333205	NAN	
10.83	0.66	0.1165	0.463	-0.328575	NAN	
10.84	0.67	0.1185	0.4795	-0.3238625	NAN	
10.85	0.68	0.1205	0.47	-0.319115	NAN	
10.86	0.685	0.1225	0.4835	-0.3143475	NAN	
10.87	0.695	0.1245	0.487	-0.309495	NAN	
10.88	0.7	0.1265	0.4865	-0.3046275	NAN	
10.89	0.71	0.129	0.4835	-0.2997775	NAN	
10.9	0.72	0.131	0.4985	-0.2948675	NAN	
10.91	0.725	0.134	0.5045	-0.2898525	NAN	
10.92	0.735	0.136	0.5125	-0.2847675	NAN	
10.93	0.74	0.139	0.5065	-0.2796725	NAN	
10.94	0.75	0.1415	0.516	-0.27456	NAN	
10.95	0.76	0.1445	0.515	-0.269405	NAN	
10.96	0.765	0.1475	0.521	-0.264225	NAN	
10.97	0.775	0.1515	0.5195	-0.2590225	NAN	
10.98	0.78	0.1545	0.522	-0.253815	NAN	
10.99	0.79	0.158	0.527	-0.24857	NAN	
11	0.8	0.1615	0.5325	-0.2432725	NAN	
11.01	0.805	0.165	0.5335	-0.2379425	NAN	
11.02	0.815	0.169	0.5395	-0.2325775	NAN	
11.03	0.82	0.172	0.5375	-0.2271925	NAN	
11.04	0.83	0.1755	0.545	-0.22178	NAN	
11.05	0.84	0.179	0.535	-0.21638	NAN	
11.06	0.845	0.182	0.5515	-0.2109475	NAN	
11.07	0.855	0.185	0.547	-0.205455	NAN	
11.08	0.86	0.188	0.5555	-0.1999425	NAN	
11.09	0.87	0.1905	0.559	-0.19437	NAN	
11.1	0.88	0.1935	0.5605	-0.1887725	NAN	
11.11	0.885	0.196	0.562	-0.18316	NAN	
11.12	0.895	0.199	0.5755	-0.1774725	NAN	
11.13	0.9	0.202	0.567	-0.17176	NAN	
11.14	0.91	0.205	0.5785	-0.1660325	NAN	
11.15	0.92	0.208	0.5765	-0.1602575	NAN	
11.16	0.925	0.2115	0.583	-0.15446	NAN	
11.17	0.935	0.2145	0.583	-0.14863	NAN	
11.18	0.94	0.2175	0.5915	-0.1427575	NAN	
11.19	0.95	0.2215	0.5855	-0.1368725	NAN	
11.2	0.96	0.2245	0.595	-0.13097	NAN	
11.21	0.965	0.2285	0.59	-0.125045	NAN	
11.22	0.975	0.232	0.5985	-0.1191025	NAN	
11.23	0.98	0.2355	0.593	-0.113145	NAN	
11.24	0.99	0.2395	0.604	-0.10716	NAN	
11.25	1	0.2435	0.592	-0.10118	NAN	
11.26	1.005	0.2475	0.604	-0.0952	NAN	
11.27	1.015	0.252	0.602	-0.08917	NAN	
11.28	1.02	0.2565	0.5985	-0.0831675	NAN	
11.29	1.03	0.261	0.6005	-0.0771725	NAN	
11.3	1.04	0.266	0.602	-0.07116	NAN	
11.31	1.045	0.2715	0.595	-0.065175	NAN	
11.32	1.055	0.277	0.6055	-0.0591725	NAN	
11.33	1.06	0.2825	0.5945	-0.0531725	NAN	
11.34	1.07	0.289	0.5975	-0.0472125	NAN	
11.35	1.08	0.295	0.5865	-0.0412925	NAN	
11.36	1.085	0.302	0.594	-0.03539	NAN	
11.37	1.095	0.309	0.5795	-0.0295225	NAN	
11.38	1.1	0.3165	0.584	-0.023705	NAN	
11.39	1.11	0.324	0.5715	-0.0179275	NAN	
11.4	1.12	0.3325	0.569	-0.012225	NAN	
11.41	1.125	0.3405	0.561	-0.006575	NAN	
11.42	1.135	0.3495	0.562	-0.00096	NAN	
11.43	1.14	0.358	0.544	0.00457	NAN	
11.44	1.15	0.3675	0.5485	0.0100325	NAN	
11.45	1.16	0.3765	0.5305	0.0154275	NAN	
11.46	1.165	0.386	0.5285	0.0207225	NAN	
11.47	1.175	0.395	0.5225	0.0259775	NAN	
11.48	1.18	0.4045	0.513	0.031155	NAN	
11.49	1.19	0.414	0.5025	0.0362325	NAN	
11.5	1.2	0.424	0.502	0.041255	NAN	
11.51	1.205	0.4335	0.485	0.04619	NAN	
11.52	1.215	0.4435	0.4875	0.0510525	NAN	
11.53	1.22	0.453	0.471	0.055845	NAN	
11.54	1.23	0.463	0.468	0.06054	NAN	
11.55	1.24	0.4725	0.4525	0.0651425	NAN	
11.56	1.245	0.4825	0.454	0.069675	NAN	
11.57	1.255	0.4925	0.4365	0.0741275	NAN	
11.58	1.26	0.5025	0.4375	0.0784975	NAN	
11.59	1.27	0.5125	0.414	0.082755	NAN	
11.6	1.28	0.5225	0.3985	0.0868175	NAN	
11.61	1.285	0.5325	0.41	0.09086	NAN	
11.62	1.295	0.543	0.3815	0.0948175	NAN	
11.63	1.3	0.553	0.3865	0.0986575	NAN	
11.64	1.31	0.563	0.387	0.102525	NAN	
11.65	1.32	0.573	0.366	0.10629	NAN	
11.66	1.325	0.5835	0.3715	0.1099775	NAN	
11.67	1.335	0.5935	0.3535	0.1136025	NAN	
11.68	1.34	0.604	0.35	0.11712	NAN	
11.69	1.35	0.614	0.339	0.120565	NAN	
11.7	1.36	0.6245	0.3295	0.1239075	NAN	
11.71	1.365	0.6345	0.3195	0.1271525	NAN	
11.72	1.375	0.6445	0.3195	0.1303475	NAN	
11.73	1.38	0.6545	0.2985	0.1334375	NAN	
11.74	1.39	0.665	0.303	0.136445	NAN	
11.75	1.4	0.675	0.283	0.139375	NAN	
11.76	1.405	0.6855	0.286	0.14222	NAN	
11.77	1.415	0.695	0.2705	0.1450025	NAN	
11.78	1.42	0.705	0.269	0.1477	NAN	
11.79	1.43	0.715	0.2525	0.1503075	NAN	
11.8	1.44	0.725	0.2435	0.1527875	NAN	
11.81	1.445	0.7345	0.241	0.15521	NAN	
11.82	1.455	0.744	0.2355	0.1575925	NAN	
11.83	1.46	0.7535	0.224	0.15989	NAN	
11.84	1.47	0.7635	0.221	0.162115	NAN	
11.85	1.48	0.773	0.2045	0.1642425	NAN	
11.86	1.485	0.782	0.211	0.16632	NAN	
11.87	1.495	0.7915	0.192	0.168335	NAN	
11.88	1.5	0.8005	0.1905	0.1702475	NAN	
11.89	1.51	0.8095	0.1785	0.1720925	NAN	
11.9	1.52	0.8185	0.1755	0.1738625	NAN	
11.91	1.525	0.827	0.167	0.175575	NAN	
11.92	1.535	0.8355	0.171	0.177265	NAN	
11.93	1.54	0.8445	0.159	0.178915	NAN	
11.94	1.55	0.8525	0.155	0.180485	NAN	
11.95	1.56	0.861	0.1465	0.1819925	NAN	
11.96	1.565	0.869	0.144	0.183445	NAN	
11.97	1.575	0.877	0.1405	0.1848675	NAN	
11.98	1.58	0.885	0.133	0.186235	NAN	
11.99	1.59	0.8925	0.1325	0.1875625	NAN	
12	1.6	0.9005	0.128	0.188865	NAN	
12.01	1.605	0.9075	0.123	0.19012	NAN	
12.02	1.615	0.915	0.1265	0.1913675	NAN	
12.03	1.62	0.922	0.107	0.192535	NAN	
12.04	1.63	0.9295	0.1165	0.1936525	NAN	
12.05	1.64	0.936	0.099	0.19473	NAN	
12.06	1.645	0.9425	0.108	0.195765	NAN	
12.07	1.655	0.9495	0.104	0.196825	NAN	
12.08	1.66	0.956	0.106	0.197875	NAN	
12.09	1.67	0.9625	0.0915	0.1988625	NAN	
12.1	1.68	0.969	0.0945	0.1997925	NAN	
12.11	1.685	0.975	0.09	0.200715	NAN	
12.12	1.695	0.9815	0.0915	0.2016225	NAN	
12.13	1.7	0.9875	0.084	0.2025	NAN	
12.14	1.71	0.9935	0.086	0.20335	NAN	
12.15	1.72	0.9995	0.0795	0.2041775	NAN	
12.16	1.725	1.005	0.078	0.204965	NAN	
12.17	1.735	1.011	0.078	0.205745	NAN	
12.18	1.74	1.017	0.0665	0.2064675	NAN	
12.19	1.75	1.02	0.064	0.20712	NAN	
12.2	1.76	1.02	0.0675	0.2077775	NAN	
12.21	1.765	1.02	0.0695	0.2084625	NAN	
12.22	1.775	1.02	0.0745	0.2091825	NAN	
12.23	1.78	1.02	0.066	0.209885	NAN	
12.24	1.79	1.02	0.07	0.210565	NAN	
12.25	1.8	1.02	0.063	0.21123	NAN	
12.26	1.805	1.02	0.0685	0.2118875	NAN	
12.27	1.815	1.02	0.062	0.21254	NAN	
12.28	1.82	1.02	0.0655	0.2131775	NAN	
12.29	1.83	1.02	0.0605	0.2138075	NAN	
12.3	1.84	1.02	0.063	0.214425	NAN	
12.31	1.845	1.02	0.055	0.215015	NAN	
12.32	1.855	1.02	0.0665	0.2156225	NAN	
12.33	1.86	1.02	0.054	0.216225	NAN	
12.34	1.87	1.02	0.0665	0.2168275	NAN	
12.35	1.88	1.02	0.0505	0.2174125	NAN	
12.36	1.885	1.02	0.057	0.21795	NAN	
12.37	1.895	1.02	0.0555	0.2185125	NAN	
12.38	1.9	1.02	0.06	0.21909	NAN	
12.39	1.91	1.02	0.0525	0.2196525	NAN	
12.4	1.92	1.02	0.055	0.22019	NAN	
12.41	1.925	1.02	0.0505	0.2207175	NAN	
12.42	1.935	1.02	-0.004	0.22095	NAN	
12.43	1.94	1.02	-0.02	0.22083	NAN	
12.44	1.95	1.02	-0.002	0.22072	NAN	
12.45	1.96	1.02	-0.0155	0.2206325	NAN	
12.46	1.965	1.02	-0.0055	0.2205275	NAN	
12.47	1.975	1.02	-0.012	0.22044	NAN	
12.48	1.98	1.02	-0.0025	0.2203675	NAN	
12.49	1.99	1.02	-0.0165	0.2202725	NAN	
12.5	2	1.02	-0.001	0.220185	NAN	
