MIN=0	-10	-1	-1	-2	0	
MAX=12.5	10	1	1	2	50	
SCALE=5	5	0.5	0.5	1	10	
DEC=2	2	3	3	2	2	
DEF="Time" t / s	"Voltage" U_1 / V	"Current" I_1 / A	"Voltage" U_B2 / V	"Magnetic Flux" &F / Vs	"Frequency" f / Hz	
0	0	0.001	0.0025	0	NAN	
0.01	0.005	0.0015	0.004	3.25E-5	NAN	
0.02	0.015	0.0015	0.0105	0.000105	NAN	
0.03	0.02	0.0025	0.0135	0.000225	NAN	
0.04	0.03	0.0035	0.0255	0.00042	NAN	
0.05	0.04	0.005	0.022	0.0006575	NAN	
0.06	0.045	0.0065	0.035	0.0009425	NAN	
0.07	0.055	0.0085	0.0415	0.001325	NAN	
0.08	0.06	0.0105	0.0435	0.00175	NAN	
0.09	0.07	0.0125	0.0465	0.0022	NAN	
0.1	0.08	0.0145	0.054	0.0027025	NAN	
0.11	0.085	0.0175	0.0515	0.00323	NAN	
0.12	0.095	0.0195	0.0635	0.003805	NAN	
0.13	0.1	0.022	0.0645	0.004445	NAN	
0.14	0.11	0.025	0.069	0.0051125	NAN	
0.15	0.12	0.0275	0.067	0.0057925	NAN	
0.16	0.125	0.031	0.0785	0.00652	NAN	
0.17	0.135	0.0345	0.075	0.0072875	NAN	
0.18	0.14	0.0365	0.0805	0.008065	NAN	
0.19	0.15	0.0405	0.085	0.0088925	NAN	
0.2	0.16	0.0425	0.085	0.0097425	NAN	
0.21	0.165	0.046	0.088	0.0106075	NAN	
0.22	0.175	0.049	0.0995	0.011545	NAN	
0.23	0.18	0.0525	0.0905	0.012495	NAN	
0.24	0.19	0.0555	0.1	0.0134475	NAN	
0.25	0.2	0.059	0.098	0.0144375	NAN	
0.26	0.205	0.062	0.104	0.0154475	NAN	
0.27	0.215	0.066	0.1075	0.016505	NAN	
0.28	0.22	0.0695	0.1125	0.017605	NAN	
0.29	0.23	0.0725	0.109	0.0187125	NAN	
0.3	0.24	0.0755	0.1145	0.01983	NAN	
0.31	0.245	0.0795	0.115	0.0209775	NAN	
0.32	0.255	0.0825	0.121	0.0221575	NAN	
0.33	0.26	0.086	0.1225	0.023375	NAN	
0.34	0.27	0.0895	0.128	0.0246275	NAN	
0.35	0.28	0.0925	0.124	0.0258875	NAN	
0.36	0.285	0.096	0.1365	0.02719	NAN	
0.37	0.295	0.0985	0.135	0.0285475	NAN	
0.38	0.3	0.101	0.1395	0.02992	NAN	
0.39	0.31	0.103	0.1485	0.03136	NAN	
0.4	0.32	0.1045	0.152	0.0328625	NAN	
0.41	0.325	0.106	0.155	0.0343975	NAN	
0.42	0.335	0.108	0.169	0.0360175	NAN	
0.43	0.34	0.1095	0.1625	0.037675	NAN	
0.44	0.35	0.1105	0.1755	0.039365	NAN	
0.45	0.36	0.112	0.1755	0.04112	NAN	
0.46	0.365	0.114	0.1825	0.04291	NAN	
0.47	0.375	0.1155	0.192	0.0447825	NAN	
0.48	0.38	0.1175	0.196	0.0467225	NAN	
0.49	0.39	0.1195	0.198	0.0486925	NAN	
0.5	0.4	0.121	0.207	0.0507175	NAN	
0.51	0.405	0.123	0.2065	0.052785	NAN	
0.52	0.415	0.125	0.217	0.0549025	NAN	
0.53	0.42	0.127	0.2175	0.057075	NAN	
0.54	0.43	0.129	0.225	0.0592875	NAN	
0.55	0.44	0.131	0.227	0.0615475	NAN	
0.56	0.445	0.133	0.2355	0.06386	NAN	
0.57	0.455	0.135	0.2365	0.06622	NAN	
0.58	0.46	0.1365	0.245	0.0686275	NAN	
0.59	0.47	0.139	0.245	0.0710775	NAN	
0.6	0.48	0.1405	0.252	0.0735625	NAN	
0.61	0.485	0.1425	0.257	0.0761075	NAN	
0.62	0.495	0.1445	0.264	0.0787125	NAN	
0.63	0.5	0.1465	0.267	0.0813675	NAN	
0.64	0.51	0.1485	0.2735	0.08407	NAN	
0.65	0.52	0.1505	0.2715	0.086795	NAN	
0.66	0.525	0.1525	0.2845	0.089575	NAN	
0.67	0.535	0.155	0.282	0.0924075	NAN	
0.68	0.54	0.1565	0.2915	0.095275	NAN	
0.69	0.55	0.1585	0.295	0.0982075	NAN	
0.7	0.56	0.161	0.297	0.1011675	NAN	
0.71	0.565	0.163	0.3045	0.104175	NAN	
0.72	0.575	0.165	0.31	0.1072475	NAN	
0.73	0.58	0.167	0.3105	0.11035	NAN	
0.74	0.59	0.169	0.321	0.1135075	NAN	
0.75	0.6	0.1715	0.318	0.1167025	NAN	
0.76	0.605	0.1735	0.33	0.1199425	NAN	
0.77	0.615	0.1755	0.3295	0.12324	NAN	
0.78	0.62	0.178	0.3355	0.126565	NAN	
0.79	0.63	0.1805	0.3385	0.129935	NAN	
0.8	0.64	0.1825	0.339	0.1333225	NAN	
0.81	0.645	0.185	0.3475	0.136755	NAN	
0.82	0.655	0.187	0.3515	0.14025	NAN	
0.83	0.66	0.1895	0.3515	0.143765	NAN	
0.84	0.67	0.192	0.362	0.1473325	NAN	
0.85	0.68	0.1945	0.356	0.1509225	NAN	
0.86	0.685	0.1975	0.3685	0.154545	NAN	
0.87	0.695	0.2	0.368	0.1582275	NAN	
0.88	0.7	0.203	0.3755	0.161945	NAN	
0.89	0.71	0.2055	0.3755	0.1657	NAN	
0.9	0.72	0.2085	0.3805	0.16948	NAN	
0.91	0.725	0.2115	0.383	0.1732975	NAN	
0.92	0.735	0.2145	0.3865	0.177145	NAN	
0.93	0.74	0.2175	0.389	0.1810225	NAN	
0.94	0.75	0.221	0.3925	0.18493	NAN	
0.95	0.76	0.224	0.393	0.1888575	NAN	
0.96	0.765	0.2275	0.399	0.1928175	NAN	
0.97	0.775	0.231	0.3995	0.19681	NAN	
0.98	0.78	0.235	0.4035	0.200825	NAN	
0.99	0.79	0.2385	0.3995	0.20484	NAN	
1	0.8	0.2425	0.4055	0.208865	NAN	
1.01	0.805	0.246	0.405	0.2129175	NAN	
1.02	0.815	0.2505	0.4125	0.217005	NAN	
1.03	0.82	0.2545	0.41	0.2211175	NAN	
1.04	0.83	0.259	0.411	0.2252225	NAN	
1.05	0.84	0.2635	0.41	0.2293275	NAN	
1.06	0.845	0.268	0.411	0.2334325	NAN	
1.07	0.855	0.2725	0.4145	0.23756	NAN	
1.08	0.86	0.277	0.414	0.2417025	NAN	
1.09	0.87	0.282	0.4115	0.24583	NAN	
1.1	0.88	0.287	0.415	0.2499625	NAN	
1.11	0.885	0.292	0.408	0.2540775	NAN	
1.12	0.895	0.2975	0.4185	0.25821	NAN	
1.13	0.9	0.3025	0.407	0.2623375	NAN	
1.14	0.91	0.308	0.4145	0.266445	NAN	
1.15	0.92	0.3135	0.4075	0.270555	NAN	
1.16	0.925	0.319	0.4115	0.27465	NAN	
1.17	0.935	0.3245	0.4115	0.278765	NAN	
1.18	0.94	0.3305	0.406	0.2828525	NAN	
1.19	0.95	0.3365	0.4055	0.28691	NAN	
1.2	0.96	0.3425	0.4015	0.290945	NAN	
1.21	0.965	0.3485	0.3975	0.29494	NAN	
1.22	0.975	0.355	0.4035	0.298945	NAN	
1.23	0.98	0.361	0.3905	0.302915	NAN	
1.24	0.99	0.3675	0.3985	0.30686	NAN	
1.25	1	0.374	0.3845	0.310775	NAN	
1.26	1.005	0.3805	0.3895	0.314645	NAN	
1.27	1.015	0.387	0.3845	0.318515	NAN	
1.28	1.02	0.394	0.38	0.3223375	NAN	
1.29	1.03	0.4005	0.38	0.3261375	NAN	
1.3	1.04	0.408	0.3735	0.329905	NAN	
1.31	1.045	0.4145	0.3705	0.333625	NAN	
1.32	1.055	0.422	0.3705	0.33733	NAN	
1.33	1.06	0.4295	0.36	0.3409825	NAN	
1.34	1.07	0.4365	0.362	0.3445925	NAN	
1.35	1.08	0.444	0.346	0.3481325	NAN	
1.36	1.085	0.452	0.3525	0.351625	NAN	
1.37	1.095	0.4595	0.343	0.3551025	NAN	
1.38	1.1	0.467	0.338	0.3585075	NAN	
1.39	1.11	0.475	0.336	0.3618775	NAN	
1.4	1.12	0.483	0.3315	0.365215	NAN	
1.41	1.125	0.491	0.321	0.3684775	NAN	
1.42	1.135	0.499	0.3125	0.371645	NAN	
1.43	1.14	0.5075	0.311	0.3747625	NAN	
1.44	1.15	0.5155	0.313	0.3778825	NAN	
1.45	1.16	0.5235	0.299	0.3809425	NAN	
1.46	1.165	0.532	0.308	0.3839775	NAN	
1.47	1.175	0.5405	0.2915	0.386975	NAN	
1.48	1.18	0.549	0.282	0.3898425	NAN	
1.49	1.19	0.5575	0.278	0.3926425	NAN	
1.5	1.2	0.566	0.267	0.3953675	NAN	
1.51	1.205	0.5745	0.2615	0.39801	NAN	
1.52	1.215	0.583	0.2745	0.40069	NAN	
1.53	1.22	0.592	0.2635	0.40338	NAN	
1.54	1.23	0.6005	0.256	0.4059775	NAN	
1.55	1.24	0.6095	0.2395	0.408455	NAN	
1.56	1.245	0.6185	0.239	0.4108475	NAN	
1.57	1.255	0.627	0.2195	0.41314	NAN	
1.58	1.26	0.636	0.2265	0.41537	NAN	
1.59	1.27	0.645	0.2185	0.417595	NAN	
1.6	1.28	0.6535	0.212	0.4197475	NAN	
1.61	1.285	0.663	0.1995	0.421805	NAN	
1.62	1.295	0.671	0.197	0.4237875	NAN	
1.63	1.3	0.68	0.1885	0.425715	NAN	
1.64	1.31	0.6885	0.1855	0.427585	NAN	
1.65	1.32	0.697	0.1765	0.429395	NAN	
1.66	1.325	0.7055	0.1785	0.43117	NAN	
1.67	1.335	0.714	0.165	0.4328875	NAN	
1.68	1.34	0.722	0.165	0.4345375	NAN	
1.69	1.35	0.7305	0.156	0.4361425	NAN	
1.7	1.36	0.7385	0.15	0.4376725	NAN	
1.71	1.365	0.747	0.1475	0.43916	NAN	
1.72	1.375	0.755	0.1475	0.440635	NAN	
1.73	1.38	0.763	0.1345	0.442045	NAN	
1.74	1.39	0.771	0.137	0.4434025	NAN	
1.75	1.4	0.7785	0.123	0.4447025	NAN	
1.76	1.405	0.786	0.1245	0.44594	NAN	
1.77	1.415	0.7935	0.123	0.4471775	NAN	
1.78	1.42	0.801	0.119	0.4483875	NAN	
1.79	1.43	0.808	0.1095	0.44953	NAN	
1.8	1.44	0.8155	0.1125	0.45064	NAN	
1.81	1.445	0.8225	0.102	0.4517125	NAN	
1.82	1.455	0.8295	0.1035	0.45274	NAN	
1.83	1.46	0.836	0.0985	0.45375	NAN	
1.84	1.47	0.843	0.1015	0.45475	NAN	
1.85	1.48	0.8495	0.0895	0.455705	NAN	
1.86	1.485	0.8565	0.0985	0.456645	NAN	
1.87	1.495	0.863	0.091	0.4575925	NAN	
1.88	1.5	0.869	0.087	0.4584825	NAN	
1.89	1.51	0.8755	0.0845	0.45934	NAN	
1.9	1.52	0.882	0.084	0.4601825	NAN	
1.91	1.525	0.888	0.0745	0.460975	NAN	
1.92	1.535	0.894	0.0845	0.46177	NAN	
1.93	1.54	0.9	0.077	0.4625775	NAN	
1.94	1.55	0.906	0.0775	0.46335	NAN	
1.95	1.56	0.912	0.07	0.4640875	NAN	
1.96	1.565	0.918	0.077	0.4648225	NAN	
1.97	1.575	0.924	0.0685	0.46555	NAN	
1.98	1.58	0.9295	0.0715	0.46625	NAN	
1.99	1.59	0.9355	0.07	0.4669575	NAN	
2	1.6	0.941	0.0675	0.467645	NAN	
2.01	1.605	0.9465	0.0605	0.468285	NAN	
2.02	1.615	0.952	0.0705	0.46894	NAN	
2.03	1.62	0.9575	0.057	0.4695775	NAN	
2.04	1.63	0.9635	0.0615	0.47017	NAN	
2.05	1.64	0.968	0.058	0.4707675	NAN	
2.06	1.645	0.9735	0.064	0.4713775	NAN	
2.07	1.655	0.979	0.057	0.4719825	NAN	
2.08	1.66	0.9845	0.061	0.4725725	NAN	
2.09	1.67	0.9895	0.0555	0.473155	NAN	
2.1	1.68	0.9945	0.0545	0.473705	NAN	
2.11	1.685	1	0.0525	0.47424	NAN	
2.12	1.695	1.0055	0.0605	0.474805	NAN	
2.13	1.7	1.0105	0.048	0.4753475	NAN	
2.14	1.71	1.0155	0.0565	0.47587	NAN	
2.15	1.72	1.02	0.043	0.4763675	NAN	
2.16	1.725	1.02	0.051	0.4768375	NAN	
2.17	1.735	1.02	0.045	0.4773175	NAN	
2.18	1.74	1.02	0.0545	0.477815	NAN	
2.19	1.75	1.02	0.0515	0.478345	NAN	
2.2	1.76	1.02	0.0505	0.478855	NAN	
2.21	1.765	1.02	0.045	0.4793325	NAN	
2.22	1.775	1.02	0.057	0.4798425	NAN	
2.23	1.78	1.02	0.0445	0.48035	NAN	
2.24	1.79	1.02	0.054	0.4808425	NAN	
2.25	1.8	1.02	0.0455	0.48134	NAN	
2.26	1.805	1.02	0.0475	0.481805	NAN	
2.27	1.815	1.02	0.0465	0.482275	NAN	
2.28	1.82	1.02	0.0545	0.48278	NAN	
2.29	1.83	1.02	0.0425	0.483265	NAN	
2.3	1.84	1.02	0.044	0.4836975	NAN	
2.31	1.845	1.02	0.0435	0.484135	NAN	
2.32	1.855	1.02	0.048	0.4845925	NAN	
2.33	1.86	1.02	0.0375	0.48502	NAN	
2.34	1.87	1.02	0.05	0.4854575	NAN	
2.35	1.88	1.02	0.0405	0.48591	NAN	
2.36	1.885	1.02	0.0435	0.48633	NAN	
2.37	1.895	1.02	0.044	0.4867675	NAN	
2.38	1.9	1.02	0	0.4869875	NAN	
2.39	1.91	1.02	0.02	0.4870875	NAN	
2.4	1.92	1.02	-0.003	0.4871725	NAN	
2.41	1.925	1.02	0.0235	0.487275	NAN	
2.42	1.935	1.02	-0.007	0.4873575	NAN	
2.43	1.94	1.02	0.015	0.4873975	NAN	
2.44	1.95	1.02	-0.0005	0.48747	NAN	
2.45	1.96	1.02	0.0155	0.487545	NAN	
2.46	1.965	1.02	-0.017	0.4875375	NAN	
2.47	1.975	1.02	0.019	0.4875475	NAN	
2.48	1.98	1.02	-0.005	0.4876175	NAN	
2.49	1.99	1.02	0.024	0.4877125	NAN	
2.5	2	1.02	-0.004	0.4878125	NAN	
2.51	1.995	1.02	0.0155	0.48787	NAN	
2.52	1.985	1.02	0.01	0.4879975	NAN	
2.53	1.98	1.02	0.02	0.4881475	NAN	
2.54	1.97	1.02	-0.0065	0.488215	NAN	
2.55	1.96	1.02	0.025	0.4883075	NAN	
2.56	1.955	1.02	0	0.4884325	NAN	
2.57	1.945	1.02	0.024	0.4885525	NAN	
2.58	1.94	1.02	-0.0045	0.48865	NAN	
2.59	1.93	1.02	0.023	0.4887425	NAN	
2.6	1.92	1.02	-0.0035	0.48884	NAN	
2.61	1.915	1.02	0.018	0.4889125	NAN	
2.62	1.905	1.02	-0.0025	0.48899	NAN	
2.63	1.9	1.02	0.018	0.4890675	NAN	
2.64	1.89	1.02	-0.0045	0.489135	NAN	
2.65	1.88	1.02	0.0235	0.48923	NAN	
2.66	1.875	1.02	-0.003	0.4893325	NAN	
2.67	1.865	1.02	0.0105	0.48937	NAN	
2.68	1.86	1.02	-0.0125	0.48936	NAN	
2.69	1.85	1.02	0.003	0.4893125	NAN	
2.7	1.84	1.02	-0.0035	0.48931	NAN	
2.71	1.835	1.02	0.007	0.4893275	NAN	
2.72	1.825	1.02	-0.005	0.4893375	NAN	
2.73	1.82	1.02	-0.011	0.4892575	NAN	
2.74	1.81	1.02	-0.0075	0.489165	NAN	
2.75	1.8	1.02	-0.014	0.4890575	NAN	
2.76	1.795	1.02	-0.0095	0.48894	NAN	
2.77	1.785	1.02	-0.013	0.4888275	NAN	
2.78	1.78	1.02	-0.013	0.4886975	NAN	
2.79	1.77	1.02	-0.017	0.4885475	NAN	
2.8	1.76	1.02	-0.0085	0.48842	NAN	
2.81	1.755	1.02	-0.0205	0.488275	NAN	
2.82	1.745	1.02	-0.012	0.4881125	NAN	
2.83	1.74	1.02	-0.017	0.4879675	NAN	
2.84	1.73	1.02	-0.0245	0.48776	NAN	
2.85	1.72	1.02	-0.014	0.4875675	NAN	
2.86	1.715	1.02	-0.012	0.4874375	NAN	
2.87	1.705	1.02	-0.02	0.4872775	NAN	
2.88	1.7	1.02	-0.008	0.4871375	NAN	
2.89	1.69	1.02	-0.0125	0.487035	NAN	
2.9	1.68	1.02	-0.011	0.4869175	NAN	
2.91	1.675	1.02	-0.0105	0.48681	NAN	
2.92	1.665	1.02	-0.017	0.4866725	NAN	
2.93	1.66	1.02	-0.0175	0.4865	NAN	
2.94	1.65	1.02	-0.013	0.4863475	NAN	
2.95	1.64	1.02	-0.022	0.4861725	NAN	
2.96	1.635	1.02	-0.014	0.4859925	NAN	
2.97	1.625	1.0185	-0.0225	0.48581	NAN	
2.98	1.62	1.014	-0.0125	0.485635	NAN	
2.99	1.61	1.009	-0.0195	0.485475	NAN	
3	1.6	1.0045	-0.014	0.4853075	NAN	
3.01	1.595	1	-0.0225	0.485125	NAN	
3.02	1.585	0.9955	-0.011	0.4849575	NAN	
3.03	1.58	0.991	-0.0225	0.48479	NAN	
3.04	1.57	0.9865	-0.0275	0.48454	NAN	
3.05	1.56	0.9815	-0.0195	0.484305	NAN	
3.06	1.555	0.977	-0.019	0.4841125	NAN	
3.07	1.545	0.972	-0.026	0.4838875	NAN	
3.08	1.54	0.9675	-0.0145	0.483685	NAN	
3.09	1.53	0.9625	-0.0295	0.483465	NAN	
3.1	1.52	0.958	-0.016	0.4832375	NAN	
3.11	1.515	0.953	-0.0205	0.483055	NAN	
3.12	1.505	0.9485	-0.0205	0.48285	NAN	
3.13	1.5	0.9435	-0.021	0.4826425	NAN	
3.14	1.49	0.9385	-0.0185	0.482445	NAN	
3.15	1.48	0.934	-0.0255	0.482225	NAN	
3.16	1.475	0.9295	-0.0175	0.48201	NAN	
3.17	1.465	0.9245	-0.026	0.4817925	NAN	
3.18	1.46	0.9195	-0.0185	0.48157	NAN	
3.19	1.45	0.9145	-0.0215	0.48137	NAN	
3.2	1.44	0.91	-0.0165	0.48118	NAN	
3.21	1.435	0.905	-0.0275	0.48096	NAN	
3.22	1.425	0.9005	-0.022	0.4807125	NAN	
3.23	1.42	0.8955	-0.031	0.4804475	NAN	
3.24	1.41	0.891	-0.0215	0.480185	NAN	
3.25	1.4	0.886	-0.0195	0.47998	NAN	
3.26	1.395	0.8815	-0.0215	0.479775	NAN	
3.27	1.385	0.8765	-0.0275	0.47953	NAN	
3.28	1.38	0.8715	-0.0175	0.479305	NAN	
3.29	1.37	0.867	-0.03	0.4790675	NAN	
3.3	1.36	0.862	-0.0205	0.478815	NAN	
3.31	1.355	0.857	-0.0245	0.47859	NAN	
3.32	1.345	0.852	-0.0245	0.478345	NAN	
3.33	1.34	0.8475	-0.025	0.4780975	NAN	
3.34	1.33	0.843	-0.021	0.4778675	NAN	
3.35	1.32	0.838	-0.0295	0.477615	NAN	
3.36	1.315	0.833	-0.022	0.4773575	NAN	
3.37	1.305	0.8285	-0.028	0.4771075	NAN	
3.38	1.3	0.8235	-0.0255	0.47684	NAN	
3.39	1.29	0.819	-0.0275	0.476575	NAN	
3.4	1.28	0.814	-0.02	0.4763375	NAN	
3.41	1.275	0.809	-0.03	0.4760875	NAN	
3.42	1.265	0.8045	-0.023	0.4758225	NAN	
3.43	1.26	0.8	-0.0265	0.475575	NAN	
3.44	1.25	0.7955	-0.028	0.4753025	NAN	
3.45	1.24	0.7905	-0.0265	0.47503	NAN	
3.46	1.235	0.786	-0.023	0.4747825	NAN	
3.47	1.225	0.7815	-0.0335	0.4745	NAN	
3.48	1.22	0.777	-0.0205	0.47423	NAN	
3.49	1.21	0.772	-0.031	0.4739725	NAN	
3.5	1.2	0.7675	-0.026	0.4736875	NAN	
3.51	1.195	0.7625	-0.0285	0.473415	NAN	
3.52	1.185	0.7575	-0.0275	0.473135	NAN	
3.53	1.18	0.753	-0.0325	0.472835	NAN	
3.54	1.17	0.7485	-0.024	0.4725525	NAN	
3.55	1.16	0.744	-0.0295	0.472285	NAN	
3.56	1.155	0.739	-0.0285	0.471995	NAN	
3.57	1.145	0.734	-0.0315	0.471695	NAN	
3.58	1.14	0.7295	-0.0275	0.4714	NAN	
3.59	1.13	0.725	-0.035	0.4710875	NAN	
3.6	1.12	0.7205	-0.0225	0.4708	NAN	
3.61	1.115	0.7155	-0.034	0.4705175	NAN	
3.62	1.105	0.711	-0.032	0.4701875	NAN	
3.63	1.1	0.706	-0.0295	0.46988	NAN	
3.64	1.09	0.7015	-0.031	0.4695775	NAN	
3.65	1.08	0.697	-0.035	0.4692475	NAN	
3.66	1.075	0.692	-0.0265	0.46894	NAN	
3.67	1.065	0.6875	-0.0365	0.468625	NAN	
3.68	1.06	0.683	-0.031	0.4682875	NAN	
3.69	1.05	0.678	-0.034	0.4679625	NAN	
3.7	1.04	0.6735	-0.031	0.4676375	NAN	
3.71	1.035	0.669	-0.0375	0.467295	NAN	
3.72	1.025	0.664	-0.031	0.4669525	NAN	
3.73	1.02	0.6595	-0.037	0.4666125	NAN	
3.74	1.01	0.655	-0.0345	0.466255	NAN	
3.75	1	0.65	-0.0325	0.46592	NAN	
3.76	0.995	0.6455	-0.035	0.4655825	NAN	
3.77	0.985	0.6405	-0.041	0.4652025	NAN	
3.78	0.98	0.636	-0.0315	0.46484	NAN	
3.79	0.97	0.631	-0.042	0.4644725	NAN	
3.8	0.96	0.6265	-0.0335	0.464095	NAN	
3.81	0.955	0.622	-0.0355	0.46375	NAN	
3.82	0.945	0.6175	-0.038	0.4633825	NAN	
3.83	0.94	0.6125	-0.0385	0.463	NAN	
3.84	0.93	0.608	-0.034	0.4626375	NAN	
3.85	0.92	0.6035	-0.043	0.4622525	NAN	
3.86	0.915	0.599	-0.037	0.4618525	NAN	
3.87	0.905	0.594	-0.043	0.4614525	NAN	
3.88	0.9	0.5895	-0.0395	0.46104	NAN	
3.89	0.89	0.5845	-0.043	0.4606275	NAN	
3.9	0.88	0.58	-0.036	0.4602325	NAN	
3.91	0.875	0.575	-0.047	0.4598175	NAN	
3.92	0.865	0.5705	-0.0415	0.459375	NAN	
3.93	0.86	0.5655	-0.044	0.4589475	NAN	
3.94	0.85	0.561	-0.0455	0.4585	NAN	
3.95	0.84	0.556	-0.0425	0.45806	NAN	
3.96	0.835	0.5515	-0.0405	0.457645	NAN	
3.97	0.825	0.5465	-0.0515	0.457185	NAN	
3.98	0.82	0.542	-0.041	0.4567225	NAN	
3.99	0.81	0.5375	-0.048	0.4562775	NAN	
4	0.8	0.5325	-0.046	0.4558075	NAN	
4.01	0.795	0.5275	-0.05	0.4553275	NAN	
4.02	0.785	0.523	-0.0455	0.45485	NAN	
4.03	0.78	0.5185	-0.0525	0.45436	NAN	
4.04	0.77	0.514	-0.047	0.4538625	NAN	
4.05	0.76	0.509	-0.048	0.4533875	NAN	
4.06	0.755	0.5045	-0.053	0.4528825	NAN	
4.07	0.745	0.4995	-0.055	0.4523425	NAN	
4.08	0.74	0.495	-0.0455	0.45184	NAN	
4.09	0.73	0.4905	-0.057	0.4513275	NAN	
4.1	0.72	0.4855	-0.048	0.4508025	NAN	
4.11	0.715	0.481	-0.0525	0.4503	NAN	
4.12	0.705	0.4765	-0.0555	0.44976	NAN	
4.13	0.7	0.4715	-0.057	0.4491975	NAN	
4.14	0.69	0.467	-0.052	0.4486525	NAN	
4.15	0.68	0.4625	-0.058	0.4481025	NAN	
4.16	0.675	0.4575	-0.0545	0.44754	NAN	
4.17	0.665	0.453	-0.058	0.4469775	NAN	
4.18	0.66	0.4485	-0.0575	0.4464	NAN	
4.19	0.65	0.444	-0.0635	0.445795	NAN	
4.2	0.64	0.439	-0.0535	0.44521	NAN	
4.21	0.635	0.4345	-0.0625	0.44463	NAN	
4.22	0.625	0.43	-0.06	0.4440175	NAN	
4.23	0.62	0.4255	-0.058	0.4434275	NAN	
4.24	0.61	0.421	-0.0605	0.442835	NAN	
4.25	0.6	0.4165	-0.064	0.4422125	NAN	
4.26	0.595	0.412	-0.059	0.4415975	NAN	
4.27	0.585	0.4075	-0.0675	0.440965	NAN	
4.28	0.58	0.4035	-0.0635	0.44031	NAN	
4.29	0.57	0.3985	-0.065	0.4396675	NAN	
4.3	0.56	0.3945	-0.0625	0.43903	NAN	
4.31	0.555	0.39	-0.0705	0.438365	NAN	
4.32	0.545	0.3855	-0.065	0.4376875	NAN	
4.33	0.54	0.381	-0.07	0.4370125	NAN	
4.34	0.53	0.3765	-0.0685	0.43632	NAN	
4.35	0.52	0.3725	-0.067	0.4356425	NAN	
4.36	0.515	0.368	-0.069	0.4349625	NAN	
4.37	0.505	0.3635	-0.077	0.4342325	NAN	
4.38	0.5	0.359	-0.068	0.4335075	NAN	
4.39	0.49	0.355	-0.078	0.4327775	NAN	
4.4	0.48	0.3505	-0.0715	0.43203	NAN	
4.41	0.475	0.346	-0.075	0.4312975	NAN	
4.42	0.465	0.342	-0.0765	0.43054	NAN	
4.43	0.46	0.3375	-0.0795	0.42976	NAN	
4.44	0.45	0.333	-0.0745	0.42899	NAN	
4.45	0.44	0.329	-0.0805	0.428215	NAN	
4.46	0.435	0.3245	-0.0805	0.42741	NAN	
4.47	0.425	0.3205	-0.0835	0.42659	NAN	
4.48	0.42	0.316	-0.081	0.4257675	NAN	
4.49	0.41	0.312	-0.087	0.4249275	NAN	
4.5	0.4	0.3075	-0.079	0.4240975	NAN	
4.51	0.395	0.3035	-0.0875	0.423265	NAN	
4.52	0.385	0.2995	-0.0895	0.42238	NAN	
4.53	0.38	0.295	-0.088	0.4214925	NAN	
4.54	0.37	0.291	-0.0895	0.420605	NAN	
4.55	0.36	0.2865	-0.0925	0.419695	NAN	
4.56	0.355	0.2825	-0.0885	0.41879	NAN	
4.57	0.345	0.2785	-0.0965	0.417865	NAN	
4.58	0.34	0.274	-0.095	0.4169075	NAN	
4.59	0.33	0.2695	-0.0985	0.41594	NAN	
4.6	0.32	0.266	-0.094	0.4149775	NAN	
4.61	0.315	0.262	-0.103	0.4139925	NAN	
4.62	0.305	0.2575	-0.098	0.4129875	NAN	
4.63	0.3	0.2535	-0.1005	0.411995	NAN	
4.64	0.29	0.2495	-0.104	0.4109725	NAN	
4.65	0.28	0.2455	-0.103	0.4099375	NAN	
4.66	0.275	0.2415	-0.103	0.4089075	NAN	
4.67	0.265	0.237	-0.1135	0.407825	NAN	
4.68	0.26	0.2335	-0.107	0.4067225	NAN	
4.69	0.25	0.229	-0.111	0.4056325	NAN	
4.7	0.24	0.225	-0.111	0.4045225	NAN	
4.71	0.235	0.221	-0.1165	0.403385	NAN	
4.72	0.225	0.217	-0.1145	0.40223	NAN	
4.73	0.22	0.213	-0.12	0.4010575	NAN	
4.74	0.21	0.2095	-0.121	0.3998525	NAN	
4.75	0.2	0.2055	-0.119	0.3986525	NAN	
4.76	0.195	0.2015	-0.122	0.3974475	NAN	
4.77	0.185	0.1975	-0.13	0.3961875	NAN	
4.78	0.18	0.1935	-0.122	0.3949275	NAN	
4.79	0.17	0.1895	-0.1305	0.393665	NAN	
4.8	0.16	0.1855	-0.13	0.3923625	NAN	
4.81	0.155	0.182	-0.133	0.3910475	NAN	
4.82	0.145	0.178	-0.1335	0.389715	NAN	
4.83	0.14	0.174	-0.1385	0.388355	NAN	
4.84	0.13	0.1705	-0.135	0.3869875	NAN	
4.85	0.12	0.1665	-0.1395	0.385615	NAN	
4.86	0.115	0.1625	-0.142	0.3842075	NAN	
4.87	0.105	0.1585	-0.1475	0.38276	NAN	
4.88	0.1	0.155	-0.1445	0.3813	NAN	
4.89	0.09	0.151	-0.152	0.3798175	NAN	
4.9	0.08	0.1475	-0.1445	0.378335	NAN	
4.91	0.075	0.1435	-0.154	0.3768425	NAN	
4.92	0.065	0.14	-0.157	0.3752875	NAN	
4.93	0.06	0.136	-0.156	0.3737225	NAN	
4.94	0.05	0.1325	-0.159	0.3721475	NAN	
4.95	0.04	0.1285	-0.1635	0.370535	NAN	
4.96	0.035	0.125	-0.1595	0.36892	NAN	
4.97	0.025	0.1215	-0.1685	0.36728	NAN	
4.98	0.02	0.1175	-0.167	0.3656025	NAN	
4.99	0.01	0.114	-0.1695	0.36392	NAN	
5	0	0.1105	-0.169	0.3622275	NAN	
5.01	-0.005	0.107	-0.1805	0.36048	NAN	
5.02	-0.015	0.1035	-0.175	0.3587025	NAN	
5.03	-0.02	0.1	-0.1765	0.356945	NAN	
5.04	-0.03	0.0965	-0.181	0.3551575	NAN	
5.05	-0.04	0.093	-0.1825	0.35334	NAN	
5.06	-0.045	0.0895	-0.182	0.3515175	NAN	
5.07	-0.055	0.086	-0.195	0.3496325	NAN	
5.08	-0.06	0.082	-0.1885	0.347715	NAN	
5.09	-0.07	0.0785	-0.195	0.3457975	NAN	
5.1	-0.08	0.0755	-0.1935	0.343855	NAN	
5.11	-0.085	0.072	-0.199	0.3418925	NAN	
5.12	-0.095	0.0685	-0.1985	0.339905	NAN	
5.13	-0.1	0.065	-0.206	0.3378825	NAN	
5.14	-0.11	0.0615	-0.206	0.3358225	NAN	
5.15	-0.12	0.0585	-0.208	0.3337525	NAN	
5.16	-0.125	0.055	-0.212	0.3316525	NAN	
5.17	-0.135	0.0515	-0.2185	0.3295	NAN	
5.18	-0.14	0.0485	-0.2115	0.32735	NAN	
5.19	-0.15	0.045	-0.2245	0.32517	NAN	
5.2	-0.16	0.0415	-0.22	0.3229475	NAN	
5.21	-0.165	0.0385	-0.225	0.3207225	NAN	
5.22	-0.175	0.035	-0.2295	0.31845	NAN	
5.23	-0.18	0.032	-0.2335	0.316135	NAN	
5.24	-0.19	0.0285	-0.23	0.3138175	NAN	
5.25	-0.2	0.025	-0.238	0.3114775	NAN	
5.26	-0.205	0.0225	-0.239	0.3090925	NAN	
5.27	-0.215	0.019	-0.2445	0.306675	NAN	
5.28	-0.22	0.016	-0.2435	0.304235	NAN	
5.29	-0.23	0.0125	-0.254	0.3017475	NAN	
5.3	-0.24	0.0095	-0.245	0.2992525	NAN	
5.31	-0.245	0.0065	-0.257	0.2967425	NAN	
5.32	-0.255	0.0035	-0.26	0.2941575	NAN	
5.33	-0.26	0	-0.26	0.2915575	NAN	
5.34	-0.27	-0.003	-0.2645	0.288935	NAN	
5.35	-0.28	-0.006	-0.271	0.2862575	NAN	
5.36	-0.285	-0.0095	-0.267	0.2835675	NAN	
5.37	-0.295	-0.012	-0.2795	0.280835	NAN	
5.38	-0.3	-0.015	-0.275	0.2780625	NAN	
5.39	-0.31	-0.018	-0.282	0.2752775	NAN	
5.4	-0.32	-0.021	-0.2815	0.27246	NAN	
5.41	-0.325	-0.024	-0.29	0.2696025	NAN	
5.42	-0.335	-0.027	-0.287	0.2667175	NAN	
5.43	-0.34	-0.03	-0.2975	0.263795	NAN	
5.44	-0.35	-0.0325	-0.2955	0.26083	NAN	
5.45	-0.36	-0.0355	-0.2985	0.25786	NAN	
5.46	-0.365	-0.0385	-0.303	0.2548525	NAN	
5.47	-0.375	-0.0415	-0.3105	0.251785	NAN	
5.48	-0.38	-0.044	-0.3045	0.24871	NAN	
5.49	-0.39	-0.0465	-0.321	0.2455825	NAN	
5.5	-0.4	-0.05	-0.314	0.2424075	NAN	
5.51	-0.405	-0.0525	-0.322	0.2392275	NAN	
5.52	-0.415	-0.0545	-0.327	0.2359825	NAN	
5.53	-0.42	-0.0575	-0.3295	0.2327	NAN	
5.54	-0.43	-0.06	-0.33	0.2294025	NAN	
5.55	-0.44	-0.0625	-0.341	0.2260475	NAN	
5.56	-0.445	-0.0655	-0.3385	0.22265	NAN	
5.57	-0.455	-0.0675	-0.3495	0.21921	NAN	
5.58	-0.46	-0.07	-0.3485	0.21572	NAN	
5.59	-0.47	-0.0725	-0.356	0.2121975	NAN	
5.6	-0.48	-0.0745	-0.3525	0.208655	NAN	
5.61	-0.485	-0.077	-0.367	0.2050575	NAN	
5.62	-0.495	-0.079	-0.365	0.2013975	NAN	
5.63	-0.5	-0.0815	-0.3745	0.1977	NAN	
5.64	-0.51	-0.0835	-0.377	0.1939425	NAN	
5.65	-0.52	-0.0855	-0.379	0.1901625	NAN	
5.66	-0.525	-0.088	-0.3825	0.186355	NAN	
5.67	-0.535	-0.09	-0.396	0.1824625	NAN	
5.68	-0.54	-0.0915	-0.3905	0.17853	NAN	
5.69	-0.55	-0.0935	-0.406	0.1745475	NAN	
5.7	-0.56	-0.0955	-0.402	0.1705075	NAN	
5.71	-0.565	-0.097	-0.4115	0.16644	NAN	
5.72	-0.575	-0.099	-0.416	0.1623025	NAN	
5.73	-0.58	-0.1005	-0.422	0.1581125	NAN	
5.74	-0.59	-0.102	-0.4225	0.15389	NAN	
5.75	-0.6	-0.104	-0.4345	0.149605	NAN	
5.76	-0.605	-0.106	-0.4345	0.14526	NAN	
5.77	-0.615	-0.1075	-0.446	0.1408575	NAN	
5.78	-0.62	-0.109	-0.4455	0.1364	NAN	
5.79	-0.63	-0.111	-0.455	0.1318975	NAN	
5.8	-0.64	-0.1125	-0.4515	0.127365	NAN	
5.81	-0.645	-0.114	-0.467	0.1227725	NAN	
5.82	-0.655	-0.1155	-0.465	0.1181125	NAN	
5.83	-0.66	-0.1175	-0.4755	0.11341	NAN	
5.84	-0.67	-0.1185	-0.4795	0.108635	NAN	
5.85	-0.68	-0.1205	-0.482	0.1038275	NAN	
5.86	-0.685	-0.1225	-0.4855	0.09899	NAN	
5.87	-0.695	-0.124	-0.4985	0.09407	NAN	
5.88	-0.7	-0.1255	-0.4925	0.089115	NAN	
5.89	-0.71	-0.1275	-0.5105	0.0841	NAN	
5.9	-0.72	-0.129	-0.5065	0.079015	NAN	
5.91	-0.725	-0.1305	-0.516	0.0739025	NAN	
5.92	-0.735	-0.1325	-0.5215	0.068715	NAN	
5.93	-0.74	-0.1345	-0.5245	0.063485	NAN	
5.94	-0.75	-0.1355	-0.5285	0.05822	NAN	
5.95	-0.76	-0.138	-0.5375	0.05289	NAN	
5.96	-0.765	-0.14	-0.5355	0.047525	NAN	
5.97	-0.775	-0.1415	-0.553	0.0420825	NAN	
5.98	-0.78	-0.144	-0.546	0.0365875	NAN	
5.99	-0.79	-0.145	-0.5565	0.031075	NAN	
6	-0.8	-0.147	-0.557	0.0255075	NAN	
6.01	-0.805	-0.149	-0.565	0.0198975	NAN	
6.02	-0.815	-0.151	-0.5695	0.014225	NAN	
6.03	-0.82	-0.153	-0.577	0.0084925	NAN	
6.04	-0.83	-0.1555	-0.5755	0.00273	NAN	
6.05	-0.84	-0.157	-0.587	-0.0030825	NAN	
6.06	-0.845	-0.1595	-0.582	-0.0089275	NAN	
6.07	-0.855	-0.1615	-0.596	-0.0148175	NAN	
6.08	-0.86	-0.1635	-0.5935	-0.020765	NAN	
6.09	-0.87	-0.1665	-0.6015	-0.02674	NAN	
6.1	-0.88	-0.1685	-0.6015	-0.032755	NAN	
6.11	-0.885	-0.171	-0.613	-0.0388275	NAN	
6.12	-0.895	-0.1735	-0.61	-0.0449425	NAN	
6.13	-0.9	-0.176	-0.62	-0.0510925	NAN	
6.14	-0.91	-0.1785	-0.615	-0.0572675	NAN	
6.15	-0.92	-0.1815	-0.626	-0.0634725	NAN	
6.16	-0.925	-0.1835	-0.625	-0.0697275	NAN	
6.17	-0.935	-0.1865	-0.634	-0.0760225	NAN	
6.18	-0.94	-0.19	-0.6335	-0.08236	NAN	
6.19	-0.95	-0.1925	-0.64	-0.0887275	NAN	
6.2	-0.96	-0.1955	-0.634	-0.0950975	NAN	
6.21	-0.965	-0.1985	-0.646	-0.1014975	NAN	
6.22	-0.975	-0.202	-0.6395	-0.107925	NAN	
6.23	-0.98	-0.205	-0.6505	-0.114375	NAN	
6.24	-0.99	-0.209	-0.6465	-0.12086	NAN	
6.25	-1	-0.212	-0.653	-0.1273575	NAN	
6.26	-1.005	-0.216	-0.651	-0.1338775	NAN	
6.27	-1.015	-0.2195	-0.657	-0.1404175	NAN	
6.28	-1.02	-0.223	-0.6535	-0.14697	NAN	
6.29	-1.03	-0.2275	-0.6615	-0.153545	NAN	
6.3	-1.04	-0.231	-0.6515	-0.16011	NAN	
6.31	-1.045	-0.2355	-0.666	-0.1666975	NAN	
6.32	-1.055	-0.2395	-0.6575	-0.173315	NAN	
6.33	-1.06	-0.2445	-0.6645	-0.179925	NAN	
6.34	-1.07	-0.249	-0.6575	-0.186535	NAN	
6.35	-1.08	-0.2535	-0.6605	-0.193125	NAN	
6.36	-1.085	-0.259	-0.659	-0.1997225	NAN	
6.37	-1.095	-0.2645	-0.6615	-0.206325	NAN	
6.38	-1.1	-0.27	-0.656	-0.2129125	NAN	
6.39	-1.11	-0.2755	-0.6615	-0.2195	NAN	
6.4	-1.12	-0.281	-0.6485	-0.22605	NAN	
6.41	-1.125	-0.287	-0.6575	-0.23258	NAN	
6.42	-1.135	-0.2935	-0.646	-0.2390975	NAN	
6.43	-1.14	-0.3	-0.649	-0.2455725	NAN	
6.44	-1.15	-0.3065	-0.646	-0.2520475	NAN	
6.45	-1.16	-0.3135	-0.637	-0.2584625	NAN	
6.46	-1.165	-0.321	-0.635	-0.2648225	NAN	
6.47	-1.175	-0.328	-0.6335	-0.271165	NAN	
6.48	-1.18	-0.336	-0.6225	-0.277445	NAN	
6.49	-1.19	-0.343	-0.6255	-0.283685	NAN	
6.5	-1.2	-0.3515	-0.612	-0.2898725	NAN	
6.51	-1.205	-0.3595	-0.616	-0.2960125	NAN	
6.52	-1.215	-0.368	-0.603	-0.3021075	NAN	
6.53	-1.22	-0.377	-0.6	-0.3081225	NAN	
6.54	-1.23	-0.386	-0.5925	-0.314085	NAN	
6.55	-1.24	-0.3945	-0.5825	-0.31996	NAN	
6.56	-1.245	-0.4035	-0.576	-0.3257525	NAN	
6.57	-1.255	-0.4135	-0.5745	-0.331505	NAN	
6.58	-1.26	-0.423	-0.5565	-0.33716	NAN	
6.59	-1.27	-0.433	-0.5595	-0.34274	NAN	
6.6	-1.28	-0.443	-0.54	-0.3482375	NAN	
6.61	-1.285	-0.4535	-0.5345	-0.35361	NAN	
6.62	-1.295	-0.4645	-0.524	-0.3589025	NAN	
6.63	-1.3	-0.475	-0.511	-0.3640775	NAN	
6.64	-1.31	-0.486	-0.5035	-0.36915	NAN	
6.65	-1.32	-0.4975	-0.4965	-0.37415	NAN	
6.66	-1.325	-0.5085	-0.479	-0.3790275	NAN	
6.67	-1.335	-0.5205	-0.4775	-0.38381	NAN	
6.68	-1.34	-0.532	-0.459	-0.3884925	NAN	
6.69	-1.35	-0.544	-0.452	-0.3930475	NAN	
6.7	-1.36	-0.556	-0.4355	-0.397485	NAN	
6.71	-1.365	-0.5685	-0.4295	-0.40181	NAN	
6.72	-1.375	-0.5805	-0.4115	-0.406015	NAN	
6.73	-1.38	-0.593	-0.416	-0.4101525	NAN	
6.74	-1.39	-0.6055	-0.3875	-0.41417	NAN	
6.75	-1.4	-0.618	-0.381	-0.4180125	NAN	
6.76	-1.405	-0.6305	-0.367	-0.4217525	NAN	
6.77	-1.415	-0.643	-0.356	-0.4253675	NAN	
6.78	-1.42	-0.656	-0.336	-0.4288275	NAN	
6.79	-1.43	-0.6685	-0.3325	-0.43217	NAN	
6.8	-1.44	-0.6815	-0.311	-0.4353875	NAN	
6.81	-1.445	-0.6935	-0.303	-0.4384575	NAN	
6.82	-1.455	-0.7065	-0.2925	-0.441435	NAN	
6.83	-1.46	-0.719	-0.2765	-0.44428	NAN	
6.84	-1.47	-0.731	-0.2635	-0.44698	NAN	
6.85	-1.48	-0.7435	-0.2595	-0.449595	NAN	
6.86	-1.485	-0.7555	-0.2375	-0.45208	NAN	
6.87	-1.495	-0.7685	-0.232	-0.4544275	NAN	
6.88	-1.5	-0.7805	-0.22	-0.4566875	NAN	
6.89	-1.51	-0.792	-0.2125	-0.45885	NAN	
6.9	-1.52	-0.8035	-0.194	-0.4608825	NAN	
6.91	-1.525	-0.8145	-0.193	-0.4628175	NAN	
6.92	-1.535	-0.8255	-0.1815	-0.46469	NAN	
6.93	-1.54	-0.836	-0.1705	-0.46645	NAN	
6.94	-1.55	-0.847	-0.165	-0.4681275	NAN	
6.95	-1.56	-0.857	-0.155	-0.4697275	NAN	
6.96	-1.565	-0.867	-0.1435	-0.47122	NAN	
6.97	-1.575	-0.877	-0.143	-0.4726525	NAN	
6.98	-1.58	-0.886	-0.131	-0.4740225	NAN	
6.99	-1.59	-0.895	-0.127	-0.4753125	NAN	
7	-1.6	-0.904	-0.12	-0.4765475	NAN	
7.01	-1.605	-0.9125	-0.117	-0.4777325	NAN	
7.02	-1.615	-0.921	-0.109	-0.4788625	NAN	
7.03	-1.62	-0.929	-0.1025	-0.47992	NAN	
7.04	-1.63	-0.9375	-0.103	-0.4809475	NAN	
7.05	-1.64	-0.9445	-0.0975	-0.48195	NAN	
7.06	-1.645	-0.9525	-0.0905	-0.48289	NAN	
7.07	-1.655	-0.96	-0.093	-0.4838075	NAN	
7.08	-1.66	-0.968	-0.0865	-0.484705	NAN	
7.09	-1.67	-0.974	-0.082	-0.4855475	NAN	
7.1	-1.68	-0.9795	-0.0775	-0.486345	NAN	
7.11	-1.685	-0.987	-0.0805	-0.487135	NAN	
7.12	-1.695	-0.994	-0.0765	-0.48792	NAN	
7.13	-1.7	-1.0005	-0.0715	-0.48866	NAN	
7.14	-1.71	-1.0065	-0.0745	-0.48939	NAN	
7.15	-1.72	-1.0135	-0.0685	-0.490105	NAN	
7.16	-1.725	-1.019	-0.0635	-0.490765	NAN	
7.17	-1.735	-1.0255	-0.069	-0.4914275	NAN	
7.18	-1.74	-1.0275	-0.0665	-0.492105	NAN	
7.19	-1.75	-1.0275	-0.0745	-0.49281	NAN	
7.2	-1.76	-1.0275	-0.059	-0.4934775	NAN	
7.21	-1.765	-1.0275	-0.063	-0.4940875	NAN	
7.22	-1.775	-1.0275	-0.056	-0.4946825	NAN	
7.23	-1.78	-1.0275	-0.0685	-0.495305	NAN	
7.24	-1.79	-1.0275	-0.058	-0.4959375	NAN	
7.25	-1.8	-1.0275	-0.0575	-0.496515	NAN	
7.26	-1.805	-1.0275	-0.052	-0.4970625	NAN	
7.27	-1.815	-1.0275	-0.0735	-0.49769	NAN	
7.28	-1.82	-1.0275	-0.0535	-0.498325	NAN	
7.29	-1.83	-1.0275	-0.0485	-0.498835	NAN	
7.3	-1.84	-1.0275	-0.0625	-0.49939	NAN	
7.31	-1.845	-1.0275	-0.0525	-0.499965	NAN	
7.32	-1.855	-1.0275	-0.053	-0.5004925	NAN	
7.33	-1.86	-1.0275	-0.01	-0.5008075	NAN	
7.34	-1.87	-1.0275	-0.004	-0.5008775	NAN	
7.35	-1.88	-1.0275	-0.0105	-0.50095	NAN	
7.36	-1.885	-1.0275	0.0155	-0.500925	NAN	
7.37	-1.895	-1.0275	0.0005	-0.500845	NAN	
7.38	-1.9	-1.0275	0.003	-0.5008275	NAN	
7.39	-1.91	-1.0275	0.0035	-0.500795	NAN	
7.4	-1.92	-1.0275	0.0025	-0.500765	NAN	
7.41	-1.925	-1.0275	0.0035	-0.500735	NAN	
7.42	-1.935	-1.0275	-0.002	-0.5007275	NAN	
7.43	-1.94	-1.0275	0.005	-0.5007125	NAN	
7.44	-1.95	-1.0275	0.014	-0.5006175	NAN	
7.45	-1.96	-1.0275	-0.0125	-0.50061	NAN	
7.46	-1.965	-1.0275	-0.0045	-0.500695	NAN	
7.47	-1.975	-1.0275	-0.005	-0.5007425	NAN	
7.48	-1.98	-1.0275	0.012	-0.5007075	NAN	
7.49	-1.99	-1.0275	0.02	-0.5005475	NAN	
7.5	-2	-1.0275	0.019	-0.5003525	NAN	
7.51	-1.995	-1.0275	0.002	-0.5002475	NAN	
7.52	-1.985	-1.0275	-0.01	-0.5002875	NAN	
7.53	-1.98	-1.0275	-0.004	-0.5003575	NAN	
7.54	-1.97	-1.0275	-0.003	-0.5003925	NAN	
7.55	-1.96	-1.0275	-0.004	-0.5004275	NAN	
7.56	-1.955	-1.0275	-0.0015	-0.500455	NAN	
7.57	-1.945	-1.0275	0.003	-0.5004475	NAN	
7.58	-1.94	-1.0275	0.006	-0.5004025	NAN	
7.59	-1.93	-1.0275	-0.001	-0.5003775	NAN	
7.6	-1.92	-1.0275	-0.0035	-0.5004	NAN	
7.61	-1.915	-1.0275	0.0005	-0.500415	NAN	
7.62	-1.905	-1.0275	0.004	-0.5003925	NAN	
7.63	-1.9	-1.0275	0.0005	-0.50037	NAN	
7.64	-1.89	-1.0275	-0.0065	-0.5004	NAN	
7.65	-1.88	-1.0275	0.0035	-0.500415	NAN	
7.66	-1.875	-1.0275	0.004	-0.5003775	NAN	
7.67	-1.865	-1.0275	-0.001	-0.5003625	NAN	
7.68	-1.86	-1.0275	-0.0015	-0.500375	NAN	
7.69	-1.85	-1.0275	0.0015	-0.500375	NAN	
7.7	-1.84	-1.0275	0.002	-0.5003575	NAN	
7.71	-1.835	-1.0275	-0.0005	-0.50035	NAN	
7.72	-1.825	-1.0275	0.0065	-0.50032	NAN	
7.73	-1.82	-1.0275	0.0035	-0.50027	NAN	
7.74	-1.81	-1.0275	-0.009	-0.5002975	NAN	
7.75	-1.8	-1.0275	0	-0.5003425	NAN	
7.76	-1.795	-1.0275	0.0055	-0.500315	NAN	
7.77	-1.785	-1.0275	0.007	-0.5002525	NAN	
7.78	-1.78	-1.0275	0.0115	-0.50016	NAN	
7.79	-1.77	-1.0275	0.015	-0.5000275	NAN	
7.8	-1.76	-1.0275	0.0065	-0.49992	NAN	
7.81	-1.755	-1.0275	0.015	-0.4998125	NAN	
7.82	-1.745	-1.0275	0.0075	-0.4997	NAN	
7.83	-1.74	-1.0275	0.015	-0.4995875	NAN	
7.84	-1.73	-1.0275	0.0155	-0.499435	NAN	
7.85	-1.72	-1.0275	0.017	-0.4992725	NAN	
7.86	-1.715	-1.0275	0.011	-0.4991325	NAN	
7.87	-1.705	-1.0275	0.017	-0.4989925	NAN	
7.88	-1.7	-1.0275	0.013	-0.4988425	NAN	
7.89	-1.69	-1.0275	0.0195	-0.49868	NAN	
7.9	-1.68	-1.0275	0.01	-0.4985325	NAN	
7.91	-1.675	-1.0275	0.0175	-0.498395	NAN	
7.92	-1.665	-1.0275	0.0165	-0.498225	NAN	
7.93	-1.66	-1.0275	0.0205	-0.49804	NAN	
7.94	-1.65	-1.0275	0.012	-0.4978775	NAN	
7.95	-1.64	-1.0275	0.0155	-0.49774	NAN	
7.96	-1.635	-1.026	0.0145	-0.49759	NAN	
7.97	-1.625	-1.0215	0.0265	-0.497385	NAN	
7.98	-1.62	-1.016	0.013	-0.4971875	NAN	
7.99	-1.61	-1.0115	0.0195	-0.497025	NAN	
8	-1.6	-1.0065	0.013	-0.4968625	NAN	
8.01	-1.595	-1.002	0.022	-0.4966875	NAN	
8.02	-1.585	-0.997	0.0155	-0.4965	NAN	
8.03	-1.58	-0.9925	0.018	-0.4963325	NAN	
8.04	-1.57	-0.9875	0.015	-0.4961675	NAN	
8.05	-1.56	-0.983	0.0225	-0.49598	NAN	
8.06	-1.555	-0.9775	0.017	-0.4957825	NAN	
8.07	-1.545	-0.973	0.021	-0.4955925	NAN	
8.08	-1.54	-0.9675	0.012	-0.4954275	NAN	
8.09	-1.53	-0.9635	0.025	-0.4952425	NAN	
8.1	-1.52	-0.958	0.018	-0.4950275	NAN	
8.11	-1.515	-0.9535	0.0215	-0.49483	NAN	
8.12	-1.505	-0.948	0.016	-0.4946425	NAN	
8.13	-1.5	-0.9435	0.023	-0.4944475	NAN	
8.14	-1.49	-0.9385	0.02	-0.4942325	NAN	
8.15	-1.48	-0.934	0.021	-0.4940275	NAN	
8.16	-1.475	-0.9285	0.0145	-0.49385	NAN	
8.17	-1.465	-0.924	0.0255	-0.49365	NAN	
8.18	-1.46	-0.919	0.02	-0.4934225	NAN	
8.19	-1.45	-0.9145	0.0255	-0.493195	NAN	
8.2	-1.44	-0.9095	0.014	-0.4929975	NAN	
8.21	-1.435	-0.904	0.023	-0.4928125	NAN	
8.22	-1.425	-0.8995	0.021	-0.4925925	NAN	
8.23	-1.42	-0.8945	0.026	-0.4923575	NAN	
8.24	-1.41	-0.8895	0.0175	-0.49214	NAN	
8.25	-1.4	-0.885	0.0225	-0.49194	NAN	
8.26	-1.395	-0.88	0.021	-0.4917225	NAN	
8.27	-1.385	-0.875	0.029	-0.4914725	NAN	
8.28	-1.38	-0.87	0.016	-0.4912475	NAN	
8.29	-1.37	-0.8655	0.0235	-0.49105	NAN	
8.3	-1.36	-0.8605	0.02	-0.4908325	NAN	
8.31	-1.355	-0.856	0.0295	-0.490585	NAN	
8.32	-1.345	-0.851	0.0215	-0.49033	NAN	
8.33	-1.34	-0.846	0.0235	-0.490105	NAN	
8.34	-1.33	-0.841	0.0205	-0.489885	NAN	
8.35	-1.32	-0.8365	0.0275	-0.489645	NAN	
8.36	-1.315	-0.8315	0.0205	-0.489405	NAN	
8.37	-1.305	-0.8265	0.027	-0.4891675	NAN	
8.38	-1.3	-0.8215	0.02	-0.4889325	NAN	
8.39	-1.29	-0.817	0.032	-0.4886725	NAN	
8.4	-1.28	-0.812	0.0205	-0.48841	NAN	
8.41	-1.275	-0.808	0.024	-0.4881875	NAN	
8.42	-1.265	-0.803	0.021	-0.4879625	NAN	
8.43	-1.26	-0.7985	0.03	-0.4877075	NAN	
8.44	-1.25	-0.7935	0.024	-0.4874375	NAN	
8.45	-1.24	-0.789	0.025	-0.4871925	NAN	
8.46	-1.235	-0.7845	0.0215	-0.48696	NAN	
8.47	-1.225	-0.7795	0.033	-0.4866875	NAN	
8.48	-1.22	-0.7745	0.0225	-0.48641	NAN	
8.49	-1.21	-0.77	0.028	-0.4861575	NAN	
8.5	-1.2	-0.765	0.0205	-0.485915	NAN	
8.51	-1.195	-0.7605	0.033	-0.4856475	NAN	
8.52	-1.185	-0.7555	0.028	-0.4853425	NAN	
8.53	-1.18	-0.7515	0.028	-0.4850625	NAN	
8.54	-1.17	-0.7465	0.0225	-0.48481	NAN	
8.55	-1.16	-0.7415	0.031	-0.4845425	NAN	
8.56	-1.155	-0.737	0.027	-0.4842525	NAN	
8.57	-1.145	-0.732	0.0325	-0.483955	NAN	
8.58	-1.14	-0.7275	0.0235	-0.483675	NAN	
8.59	-1.13	-0.723	0.035	-0.4833825	NAN	
8.6	-1.12	-0.718	0.027	-0.4830725	NAN	
8.61	-1.115	-0.713	0.0315	-0.48278	NAN	
8.62	-1.105	-0.7085	0.025	-0.4824975	NAN	
8.63	-1.1	-0.704	0.0335	-0.482205	NAN	
8.64	-1.09	-0.699	0.031	-0.4818825	NAN	
8.65	-1.08	-0.6945	0.0325	-0.481565	NAN	
8.66	-1.075	-0.69	0.026	-0.4812725	NAN	
8.67	-1.065	-0.6855	0.036	-0.4809625	NAN	
8.68	-1.06	-0.6805	0.0295	-0.480635	NAN	
8.69	-1.05	-0.676	0.0365	-0.480305	NAN	
8.7	-1.04	-0.671	0.026	-0.4799925	NAN	
8.71	-1.035	-0.6665	0.036	-0.4796825	NAN	
8.72	-1.025	-0.662	0.0345	-0.47933	NAN	
8.73	-1.02	-0.6575	0.038	-0.4789675	NAN	
8.74	-1.01	-0.6525	0.0295	-0.47863	NAN	
8.75	-1	-0.648	0.0335	-0.478315	NAN	
8.76	-0.995	-0.643	0.0335	-0.47798	NAN	
8.77	-0.985	-0.6385	0.0435	-0.477595	NAN	
8.78	-0.98	-0.6335	0.031	-0.4772225	NAN	
8.79	-0.97	-0.629	0.0375	-0.47688	NAN	
8.8	-0.96	-0.6245	0.0315	-0.476535	NAN	
8.81	-0.955	-0.6195	0.0405	-0.476175	NAN	
8.82	-0.945	-0.615	0.034	-0.4758025	NAN	
8.83	-0.94	-0.611	0.036	-0.4754525	NAN	
8.84	-0.93	-0.606	0.035	-0.4750975	NAN	
8.85	-0.92	-0.6015	0.043	-0.4747075	NAN	
8.86	-0.915	-0.5965	0.0365	-0.47431	NAN	
8.87	-0.905	-0.5925	0.041	-0.4739225	NAN	
8.88	-0.9	-0.5875	0.0335	-0.47355	NAN	
8.89	-0.89	-0.583	0.046	-0.4731525	NAN	
8.9	-0.88	-0.578	0.0375	-0.472735	NAN	
8.91	-0.875	-0.5735	0.0425	-0.472335	NAN	
8.92	-0.865	-0.5685	0.039	-0.4719275	NAN	
8.93	-0.86	-0.564	0.0455	-0.471505	NAN	
8.94	-0.85	-0.559	0.0415	-0.47107	NAN	
8.95	-0.84	-0.5545	0.0425	-0.47065	NAN	
8.96	-0.835	-0.55	0.038	-0.4702475	NAN	
8.97	-0.825	-0.5455	0.05	-0.4698075	NAN	
8.98	-0.82	-0.541	0.0425	-0.469345	NAN	
8.99	-0.81	-0.5365	0.048	-0.4688925	NAN	
9	-0.8	-0.5315	0.0375	-0.468465	NAN	
9.01	-0.795	-0.527	0.049	-0.4680325	NAN	
9.02	-0.785	-0.522	0.047	-0.4675525	NAN	
9.03	-0.78	-0.518	0.0485	-0.467075	NAN	
9.04	-0.77	-0.513	0.042	-0.4666225	NAN	
9.05	-0.76	-0.5085	0.0495	-0.466165	NAN	
9.06	-0.755	-0.504	0.0475	-0.46568	NAN	
9.07	-0.745	-0.4995	0.0525	-0.46518	NAN	
9.08	-0.74	-0.4945	0.0415	-0.46471	NAN	
9.09	-0.73	-0.49	0.054	-0.4642325	NAN	
9.1	-0.72	-0.4855	0.0485	-0.46372	NAN	
9.11	-0.715	-0.4805	0.055	-0.4632025	NAN	
9.12	-0.705	-0.476	0.048	-0.4626875	NAN	
9.13	-0.7	-0.4715	0.054	-0.4621775	NAN	
9.14	-0.69	-0.467	0.052	-0.4616475	NAN	
9.15	-0.68	-0.4625	0.0565	-0.461105	NAN	
9.16	-0.675	-0.458	0.0495	-0.460575	NAN	
9.17	-0.665	-0.4535	0.059	-0.4600325	NAN	
9.18	-0.66	-0.449	0.053	-0.4594725	NAN	
9.19	-0.65	-0.4445	0.0615	-0.4589	NAN	
9.2	-0.64	-0.44	0.049	-0.4583475	NAN	
9.21	-0.635	-0.4355	0.057	-0.4578175	NAN	
9.22	-0.625	-0.431	0.058	-0.4572425	NAN	
9.23	-0.62	-0.4265	0.0595	-0.456655	NAN	
9.24	-0.61	-0.422	0.051	-0.4561025	NAN	
9.25	-0.6	-0.4175	0.059	-0.4555525	NAN	
9.26	-0.595	-0.4135	0.0595	-0.45496	NAN	
9.27	-0.585	-0.409	0.0665	-0.45433	NAN	
9.28	-0.58	-0.4045	0.0555	-0.45372	NAN	
9.29	-0.57	-0.4	0.0655	-0.453115	NAN	
9.3	-0.56	-0.396	0.0615	-0.45248	NAN	
9.31	-0.555	-0.391	0.0695	-0.451825	NAN	
9.32	-0.545	-0.386	0.0625	-0.451165	NAN	
9.33	-0.54	-0.3825	0.066	-0.4505225	NAN	
9.34	-0.53	-0.3775	0.065	-0.4498675	NAN	
9.35	-0.52	-0.3735	0.072	-0.4491825	NAN	
9.36	-0.515	-0.3695	0.066	-0.4484925	NAN	
9.37	-0.505	-0.3645	0.072	-0.4478025	NAN	
9.38	-0.5	-0.3605	0.0665	-0.44711	NAN	
9.39	-0.49	-0.356	0.078	-0.4463875	NAN	
9.4	-0.48	-0.3515	0.0675	-0.44566	NAN	
9.41	-0.475	-0.3475	0.073	-0.4449575	NAN	
9.42	-0.465	-0.343	0.072	-0.4442325	NAN	
9.43	-0.46	-0.3385	0.0795	-0.443475	NAN	
9.44	-0.45	-0.3345	0.076	-0.4426975	NAN	
9.45	-0.44	-0.3295	0.077	-0.4419325	NAN	
9.46	-0.435	-0.3255	0.07	-0.4411975	NAN	
9.47	-0.425	-0.3215	0.0855	-0.44042	NAN	
9.48	-0.42	-0.317	0.0785	-0.4396	NAN	
9.49	-0.41	-0.313	0.085	-0.4387825	NAN	
9.5	-0.4	-0.3085	0.0785	-0.437965	NAN	
9.51	-0.395	-0.3045	0.09	-0.4371225	NAN	
9.52	-0.385	-0.3	0.088	-0.4362325	NAN	
9.53	-0.38	-0.296	0.089	-0.4353475	NAN	
9.54	-0.37	-0.2915	0.085	-0.4344775	NAN	
9.55	-0.36	-0.2875	0.0935	-0.433585	NAN	
9.56	-0.355	-0.284	0.092	-0.4326575	NAN	
9.57	-0.345	-0.279	0.098	-0.4317075	NAN	
9.58	-0.34	-0.2745	0.086	-0.4307875	NAN	
9.59	-0.33	-0.2705	0.1005	-0.429855	NAN	
9.6	-0.32	-0.2665	0.094	-0.4288825	NAN	
9.61	-0.315	-0.2625	0.0935	-0.427945	NAN	
9.62	-0.305	-0.2585	0.0955	-0.427	NAN	
9.63	-0.3	-0.2545	0.1025	-0.42601	NAN	
9.64	-0.29	-0.251	0.1015	-0.42499	NAN	
9.65	-0.28	-0.246	0.1015	-0.423975	NAN	
9.66	-0.275	-0.242	0.0965	-0.422985	NAN	
9.67	-0.265	-0.238	0.1115	-0.421945	NAN	
9.68	-0.26	-0.234	0.107	-0.4208525	NAN	
9.69	-0.25	-0.23	0.1115	-0.41976	NAN	
9.7	-0.24	-0.225	0.1055	-0.418675	NAN	
9.71	-0.235	-0.222	0.1175	-0.41756	NAN	
9.72	-0.225	-0.217	0.1155	-0.416395	NAN	
9.73	-0.22	-0.2135	0.118	-0.4152275	NAN	
9.74	-0.21	-0.209	0.115	-0.4140625	NAN	
9.75	-0.2	-0.206	0.124	-0.4128675	NAN	
9.76	-0.195	-0.202	0.122	-0.4116375	NAN	
9.77	-0.185	-0.198	0.124	-0.4104075	NAN	
9.78	-0.18	-0.1955	0.1185	-0.409195	NAN	
9.79	-0.17	-0.1905	0.13	-0.4079525	NAN	
9.8	-0.16	-0.1865	0.1215	-0.406695	NAN	
9.81	-0.155	-0.1825	0.1285	-0.405445	NAN	
9.82	-0.145	-0.1785	0.131	-0.4041475	NAN	
9.83	-0.14	-0.1745	0.1365	-0.40281	NAN	
9.84	-0.13	-0.1705	0.134	-0.4014575	NAN	
9.85	-0.12	-0.167	0.135	-0.4001125	NAN	
9.86	-0.115	-0.165	0.135	-0.3987625	NAN	
9.87	-0.105	-0.1595	0.1475	-0.39735	NAN	
9.88	-0.1	-0.1565	0.1415	-0.395905	NAN	
9.89	-0.09	-0.1525	0.146	-0.3944675	NAN	
9.9	-0.08	-0.148	0.141	-0.3930325	NAN	
9.91	-0.075	-0.1445	0.159	-0.3915325	NAN	
9.92	-0.065	-0.1395	0.1505	-0.389985	NAN	
9.93	-0.06	-0.1375	0.158	-0.3884425	NAN	
9.94	-0.05	-0.1335	0.1545	-0.38688	NAN	
9.95	-0.04	-0.13	0.1595	-0.38531	NAN	
9.96	-0.035	-0.126	0.156	-0.3837325	NAN	
9.97	-0.025	-0.1225	0.1625	-0.38214	NAN	
9.98	-0.02	-0.1185	0.1655	-0.3805	NAN	
9.99	-0.01	-0.1155	0.1725	-0.37881	NAN	
10	0	-0.112	0.162	-0.3771375	NAN	
10.01	0.005	-0.1085	0.171	-0.3754725	NAN	
10.02	0.015	-0.104	0.1725	-0.373755	NAN	
10.03	0.02	-0.101	0.181	-0.3719875	NAN	
10.04	0.03	-0.0975	0.1795	-0.370185	NAN	
10.05	0.04	-0.094	0.18	-0.3683875	NAN	
10.06	0.045	-0.0895	0.1805	-0.366585	NAN	
10.07	0.055	-0.087	0.1925	-0.36472	NAN	
10.08	0.06	-0.084	0.1835	-0.36284	NAN	
10.09	0.07	-0.08	0.1935	-0.360955	NAN	
10.1	0.08	-0.0755	0.1895	-0.35904	NAN	
10.11	0.085	-0.0735	0.1985	-0.3571	NAN	
10.12	0.095	-0.0695	0.1905	-0.355155	NAN	
10.13	0.1	-0.0665	0.2015	-0.353195	NAN	
10.14	0.11	-0.0615	0.206	-0.3511575	NAN	
10.15	0.12	-0.06	0.208	-0.3490875	NAN	
10.16	0.125	-0.056	0.205	-0.3470225	NAN	
10.17	0.135	-0.053	0.218	-0.3449075	NAN	
10.18	0.14	-0.049	0.2135	-0.34275	NAN	
10.19	0.15	-0.0465	0.218	-0.3405925	NAN	
10.2	0.16	-0.0435	0.2145	-0.33843	NAN	
10.21	0.165	-0.04	0.228	-0.3362175	NAN	
10.22	0.175	-0.0365	0.227	-0.3339425	NAN	
10.23	0.18	-0.0335	0.2275	-0.33167	NAN	
10.24	0.19	-0.0295	0.2305	-0.32938	NAN	
10.25	0.2	-0.027	0.2365	-0.327045	NAN	
10.26	0.205	-0.0235	0.232	-0.3247025	NAN	
10.27	0.215	-0.0205	0.2435	-0.322325	NAN	
10.28	0.22	-0.0175	0.243	-0.3198925	NAN	
10.29	0.23	-0.014	0.25	-0.3174275	NAN	
10.3	0.24	-0.011	0.243	-0.3149625	NAN	
10.31	0.245	-0.007	0.2565	-0.312465	NAN	
10.32	0.255	-0.0045	0.2565	-0.3099	NAN	
10.33	0.26	-0.002	0.257	-0.3073325	NAN	
10.34	0.27	0.0015	0.261	-0.3047425	NAN	
10.35	0.28	0.0045	0.269	-0.3020925	NAN	
10.36	0.285	0.0075	0.267	-0.2994125	NAN	
10.37	0.295	0.0105	0.2745	-0.296705	NAN	
10.38	0.3	0.0135	0.2735	-0.293965	NAN	
10.39	0.31	0.017	0.2825	-0.291185	NAN	
10.4	0.32	0.02	0.276	-0.2883925	NAN	
10.41	0.325	0.0225	0.2845	-0.28559	NAN	
10.42	0.335	0.026	0.2895	-0.28272	NAN	
10.43	0.34	0.0285	0.2925	-0.27981	NAN	
10.44	0.35	0.0305	0.2905	-0.276895	NAN	
10.45	0.36	0.034	0.2985	-0.27395	NAN	
10.46	0.365	0.0365	0.2995	-0.27096	NAN	
10.47	0.375	0.04	0.306	-0.2679325	NAN	
10.48	0.38	0.0425	0.305	-0.2648775	NAN	
10.49	0.39	0.0455	0.319	-0.2617575	NAN	
10.5	0.4	0.048	0.313	-0.2585975	NAN	
10.51	0.405	0.051	0.3195	-0.255435	NAN	
10.52	0.415	0.053	0.325	-0.2522125	NAN	
10.53	0.42	0.056	0.3275	-0.24895	NAN	
10.54	0.43	0.0585	0.3285	-0.24567	NAN	
10.55	0.44	0.061	0.3375	-0.24234	NAN	
10.56	0.445	0.064	0.3405	-0.23895	NAN	
10.57	0.455	0.0655	0.3445	-0.235525	NAN	
10.58	0.46	0.0685	0.34	-0.2321025	NAN	
10.59	0.47	0.071	0.3545	-0.22863	NAN	
10.6	0.48	0.073	0.35	-0.2251075	NAN	
10.61	0.485	0.075	0.357	-0.2215725	NAN	
10.62	0.495	0.0775	0.3675	-0.21795	NAN	
10.63	0.5	0.0795	0.37	-0.2142625	NAN	
10.64	0.51	0.0815	0.3705	-0.21056	NAN	
10.65	0.52	0.084	0.3795	-0.20681	NAN	
10.66	0.525	0.0865	0.3795	-0.203015	NAN	
10.67	0.535	0.088	0.3885	-0.199175	NAN	
10.68	0.54	0.0905	0.3945	-0.19526	NAN	
10.69	0.55	0.092	0.4025	-0.191275	NAN	
10.7	0.56	0.094	0.3965	-0.18728	NAN	
10.71	0.565	0.096	0.4095	-0.18325	NAN	
10.72	0.575	0.098	0.416	-0.1791225	NAN	
10.73	0.58	0.0995	0.4155	-0.174965	NAN	
10.74	0.59	0.101	0.42	-0.1707875	NAN	
10.75	0.6	0.103	0.428	-0.1665475	NAN	
10.76	0.605	0.1045	0.43	-0.1622575	NAN	
10.77	0.615	0.106	0.4445	-0.157885	NAN	
10.78	0.62	0.108	0.441	-0.1534575	NAN	
10.79	0.63	0.1095	0.4495	-0.149005	NAN	
10.8	0.64	0.111	0.4515	-0.1445	NAN	
10.81	0.645	0.1125	0.4615	-0.139935	NAN	
10.82	0.655	0.1145	0.4625	-0.135315	NAN	
10.83	0.66	0.1155	0.473	-0.1306375	NAN	
10.84	0.67	0.1175	0.4755	-0.125895	NAN	
10.85	0.68	0.119	0.4785	-0.121125	NAN	
10.86	0.685	0.121	0.487	-0.1162975	NAN	
10.87	0.695	0.1225	0.487	-0.1114275	NAN	
10.88	0.7	0.124	0.494	-0.1065225	NAN	
10.89	0.71	0.126	0.509	-0.1015075	NAN	
10.9	0.72	0.1275	0.5035	-0.096445	NAN	
10.91	0.725	0.129	0.518	-0.0913375	NAN	
10.92	0.735	0.131	0.523	-0.0861325	NAN	
10.93	0.74	0.1325	0.5225	-0.080905	NAN	
10.94	0.75	0.1345	0.527	-0.0756575	NAN	
10.95	0.76	0.136	0.541	-0.0703175	NAN	
10.96	0.765	0.1375	0.539	-0.0649175	NAN	
10.97	0.775	0.1395	0.549	-0.0594775	NAN	
10.98	0.78	0.1415	0.549	-0.0539875	NAN	
10.99	0.79	0.1435	0.5545	-0.04847	NAN	
11	0.8	0.145	0.5575	-0.04291	NAN	
11.01	0.805	0.147	0.571	-0.0372675	NAN	
11.02	0.815	0.149	0.569	-0.0315675	NAN	
11.03	0.82	0.151	0.5795	-0.025825	NAN	
11.04	0.83	0.153	0.5885	-0.019985	NAN	
11.05	0.84	0.155	0.5845	-0.01412	NAN	
11.06	0.845	0.157	0.594	-0.0082275	NAN	
11.07	0.855	0.1595	0.5975	-0.00227	NAN	
11.08	0.86	0.1615	0.597	0.0037025	NAN	
11.09	0.87	0.1635	0.61	0.0097375	NAN	
11.1	0.88	0.166	0.6045	0.01581	NAN	
11.11	0.885	0.1685	0.6155	0.02191	NAN	
11.12	0.895	0.1705	0.618	0.0280775	NAN	
11.13	0.9	0.1735	0.618	0.0342575	NAN	
11.14	0.91	0.1755	0.6265	0.04048	NAN	
11.15	0.92	0.178	0.629	0.0467575	NAN	
11.16	0.925	0.181	0.6315	0.05306	NAN	
11.17	0.935	0.1835	0.6435	0.059435	NAN	
11.18	0.94	0.1865	0.6335	0.06582	NAN	
11.19	0.95	0.189	0.647	0.0722225	NAN	
11.2	0.96	0.192	0.6445	0.07868	NAN	
11.21	0.965	0.195	0.6485	0.085145	NAN	
11.22	0.975	0.198	0.655	0.0916625	NAN	
11.23	0.98	0.2015	0.6545	0.09821	NAN	
11.24	0.99	0.2045	0.6555	0.10476	NAN	
11.25	1	0.208	0.6605	0.11134	NAN	
11.26	1.005	0.2115	0.6575	0.11793	NAN	
11.27	1.015	0.215	0.667	0.1245525	NAN	
11.28	1.02	0.2185	0.664	0.1312075	NAN	
11.29	1.03	0.2225	0.667	0.1378625	NAN	
11.3	1.04	0.2265	0.669	0.1445425	NAN	
11.31	1.045	0.231	0.6705	0.15124	NAN	
11.32	1.055	0.235	0.6715	0.15795	NAN	
11.33	1.06	0.2395	0.6715	0.164665	NAN	
11.34	1.07	0.2435	0.669	0.1713675	NAN	
11.35	1.08	0.2485	0.6715	0.17807	NAN	
11.36	1.085	0.2535	0.6705	0.18478	NAN	
11.37	1.095	0.2585	0.6725	0.191495	NAN	
11.38	1.1	0.264	0.6685	0.1982	NAN	
11.39	1.11	0.2695	0.668	0.2048825	NAN	
11.4	1.12	0.2755	0.661	0.2115275	NAN	
11.41	1.125	0.281	0.6655	0.21816	NAN	
11.42	1.135	0.2875	0.6585	0.22478	NAN	
11.43	1.14	0.294	0.662	0.2313825	NAN	
11.44	1.15	0.3005	0.6535	0.23796	NAN	
11.45	1.16	0.3075	0.65	0.2444775	NAN	
11.46	1.165	0.3145	0.648	0.2509675	NAN	
11.47	1.175	0.3215	0.6445	0.25743	NAN	
11.48	1.18	0.329	0.6345	0.263825	NAN	
11.49	1.19	0.337	0.639	0.2701925	NAN	
11.5	1.2	0.345	0.6235	0.276505	NAN	
11.51	1.205	0.353	0.627	0.2827575	NAN	
11.52	1.215	0.3615	0.617	0.2889775	NAN	
11.53	1.22	0.37	0.609	0.2951075	NAN	
11.54	1.23	0.379	0.6055	0.30118	NAN	
11.55	1.24	0.3875	0.5955	0.307185	NAN	
11.56	1.245	0.397	0.5885	0.313105	NAN	
11.57	1.255	0.4065	0.588	0.3189875	NAN	
11.58	1.26	0.4165	0.5695	0.324775	NAN	
11.59	1.27	0.4265	0.569	0.3304675	NAN	
11.6	1.28	0.4365	0.5525	0.336075	NAN	
11.61	1.285	0.447	0.5445	0.34156	NAN	
11.62	1.295	0.4575	0.5375	0.34697	NAN	
11.63	1.3	0.4685	0.5285	0.3523	NAN	
11.64	1.31	0.48	0.5125	0.357505	NAN	
11.65	1.32	0.4915	0.506	0.3625975	NAN	
11.66	1.325	0.503	0.491	0.3675825	NAN	
11.67	1.335	0.515	0.4825	0.37245	NAN	
11.68	1.34	0.527	0.468	0.3772025	NAN	
11.69	1.35	0.5395	0.4605	0.381845	NAN	
11.7	1.36	0.5525	0.438	0.3863375	NAN	
11.71	1.365	0.565	0.436	0.3907075	NAN	
11.72	1.375	0.578	0.418	0.3949775	NAN	
11.73	1.38	0.5915	0.402	0.3990775	NAN	
11.74	1.39	0.605	0.3895	0.403035	NAN	
11.75	1.4	0.6185	0.3785	0.406875	NAN	
11.76	1.405	0.632	0.3575	0.410555	NAN	
11.77	1.415	0.646	0.353	0.4141075	NAN	
11.78	1.42	0.6595	0.3325	0.417535	NAN	
11.79	1.43	0.6735	0.32	0.4207975	NAN	
11.8	1.44	0.687	0.299	0.4238925	NAN	
11.81	1.445	0.7005	0.296	0.4268675	NAN	
11.82	1.455	0.714	0.2775	0.429735	NAN	
11.83	1.46	0.7275	0.263	0.4324375	NAN	
11.84	1.47	0.741	0.249	0.4349975	NAN	
11.85	1.48	0.754	0.2415	0.43745	NAN	
11.86	1.485	0.767	0.221	0.4397625	NAN	
11.87	1.495	0.7795	0.214	0.4419375	NAN	
11.88	1.5	0.7915	0.2	0.4440075	NAN	
11.89	1.51	0.8035	0.197	0.4459925	NAN	
11.9	1.52	0.8155	0.1745	0.44785	NAN	
11.91	1.525	0.8265	0.172	0.4495825	NAN	
11.92	1.535	0.8375	0.1615	0.45125	NAN	
11.93	1.54	0.848	0.1555	0.452835	NAN	
11.94	1.55	0.8585	0.1415	0.45432	NAN	
11.95	1.56	0.8685	0.1365	0.45571	NAN	
11.96	1.565	0.878	0.128	0.4570325	NAN	
11.97	1.575	0.8875	0.131	0.4583275	NAN	
11.98	1.58	0.8965	0.112	0.4595425	NAN	
11.99	1.59	0.9055	0.1105	0.460655	NAN	
12	1.6	0.9135	0.1005	0.46171	NAN	
12.01	1.605	0.922	0.105	0.4627375	NAN	
12.02	1.615	0.9295	0.094	0.4637325	NAN	
12.03	1.62	0.9375	0.09	0.4646525	NAN	
12.04	1.63	0.9445	0.0825	0.465515	NAN	
12.05	1.64	0.9515	0.085	0.4663525	NAN	
12.06	1.645	0.9585	0.0785	0.46717	NAN	
12.07	1.655	0.9655	0.081	0.4679675	NAN	
12.08	1.66	0.972	0.0685	0.468715	NAN	
12.09	1.67	0.9785	0.0745	0.46943	NAN	
12.1	1.68	0.9845	0.067	0.4701375	NAN	
12.11	1.685	0.991	0.0715	0.47083	NAN	
12.12	1.695	0.997	0.0615	0.471495	NAN	
12.13	1.7	1.003	0.062	0.4721125	NAN	
12.14	1.71	1.009	0.06	0.4727225	NAN	
12.15	1.72	1.0145	0.064	0.4733425	NAN	
12.16	1.725	1.02	0.057	0.4739475	NAN	
12.17	1.735	1.02	0.0595	0.47453	NAN	
12.18	1.74	1.02	0.049	0.4750725	NAN	
12.19	1.75	1.02	0.058	0.4756075	NAN	
12.2	1.76	1.02	0.051	0.4761525	NAN	
12.21	1.765	1.02	0.0555	0.476685	NAN	
12.22	1.775	1.02	0.0485	0.477205	NAN	
12.23	1.78	1.02	0.0525	0.47771	NAN	
12.24	1.79	1.02	0.0495	0.47822	NAN	
12.25	1.8	1.02	0.052	0.4787275	NAN	
12.26	1.805	1.02	0.0445	0.47921	NAN	
12.27	1.815	1.02	0.051	0.4796875	NAN	
12.28	1.82	1.02	0.044	0.4801625	NAN	
12.29	1.83	1.02	0.053	0.4806475	NAN	
12.3	1.84	1.02	0.044	0.4811325	NAN	
12.31	1.845	1.02	0.0465	0.481585	NAN	
12.32	1.855	1.02	0.041	0.4820225	NAN	
12.33	1.86	1.02	0.0475	0.482465	NAN	
12.34	1.87	1.02	0.0455	0.48293	NAN	
12.35	1.88	1.02	0.0475	0.483395	NAN	
12.36	1.885	1.02	0.0385	0.483825	NAN	
12.37	1.895	1.02	0.045	0.4842425	NAN	
12.38	1.9	1.02	0.039	0.4846625	NAN	
12.39	1.91	1.02	0.004	0.4848775	NAN	
12.4	1.92	1.02	0.0405	0.4851	NAN	
12.41	1.925	1.02	-0.0055	0.485275	NAN	
12.42	1.935	1.02	0.02	0.4853475	NAN	
12.43	1.94	1.02	0.0015	0.485455	NAN	
12.44	1.95	1.02	0.0245	0.485585	NAN	
12.45	1.96	1.02	-0.012	0.4856475	NAN	
12.46	1.965	1.02	0.0205	0.48569	NAN	
12.47	1.975	1.02	0	0.4857925	NAN	
12.48	1.98	1.02	0.021	0.4858975	NAN	
12.49	1.99	1.02	-0.006	0.4859725	NAN	
12.5	2	1.02	0.016	0.4860225	NAN	
