MIN=0	-10	-1	-1	-2	0	
MAX=12.5	10	1	1	2	50	
SCALE=5	5	0.5	0.5	1	10	
DEC=2	2	3	3	2	2	
DEF="Time" t / s	"Voltage" U_1 / V	"Current" I_1 / A	"Voltage" U_B2 / V	"Magnetic Flux" &F / Vs	"Frequency" f / Hz	
0	0	0	-0.0005	0	NAN	
0.01	0.005	0	0.0025	1E-5	NAN	
0.02	0.015	0.0005	0.0145	9.5E-5	NAN	
0.03	0.02	0.0025	0.0095	0.000215	NAN	
0.04	0.03	0.0035	0.0275	0.0004	NAN	
0.05	0.04	0.0055	0.0185	0.00063	NAN	
0.06	0.045	0.0075	0.035	0.0008975	NAN	
0.07	0.055	0.0095	0.034	0.0012425	NAN	
0.08	0.06	0.012	0.041	0.0016175	NAN	
0.09	0.07	0.0135	0.043	0.0020375	NAN	
0.1	0.08	0.017	0.047	0.0024875	NAN	
0.11	0.085	0.019	0.048	0.0029625	NAN	
0.12	0.095	0.0225	0.061	0.0035075	NAN	
0.13	0.1	0.024	0.0515	0.00407	NAN	
0.14	0.11	0.028	0.068	0.0046675	NAN	
0.15	0.12	0.031	0.055	0.0052825	NAN	
0.16	0.125	0.034	0.073	0.0059225	NAN	
0.17	0.135	0.0375	0.0665	0.00662	NAN	
0.18	0.14	0.04	0.077	0.0073375	NAN	
0.19	0.15	0.042	0.078	0.0081125	NAN	
0.2	0.16	0.044	0.0855	0.00893	NAN	
0.21	0.165	0.046	0.089	0.0098025	NAN	
0.22	0.175	0.048	0.1	0.0107475	NAN	
0.23	0.18	0.05	0.097	0.0117325	NAN	
0.24	0.19	0.052	0.111	0.0127725	NAN	
0.25	0.2	0.054	0.1025	0.01384	NAN	
0.26	0.205	0.056	0.1195	0.01495	NAN	
0.27	0.215	0.0585	0.116	0.0161275	NAN	
0.28	0.22	0.061	0.126	0.0173375	NAN	
0.29	0.23	0.063	0.1255	0.018595	NAN	
0.3	0.24	0.065	0.133	0.0198875	NAN	
0.31	0.245	0.0675	0.135	0.0212275	NAN	
0.32	0.255	0.07	0.144	0.0226225	NAN	
0.33	0.26	0.0725	0.143	0.0240575	NAN	
0.34	0.27	0.0745	0.151	0.0255275	NAN	
0.35	0.28	0.0775	0.1515	0.02704	NAN	
0.36	0.285	0.0795	0.158	0.0285875	NAN	
0.37	0.295	0.082	0.157	0.0301625	NAN	
0.38	0.3	0.0845	0.1695	0.031795	NAN	
0.39	0.31	0.087	0.1665	0.033475	NAN	
0.4	0.32	0.0895	0.1785	0.0352	NAN	
0.41	0.325	0.092	0.1705	0.036945	NAN	
0.42	0.335	0.0945	0.189	0.0387425	NAN	
0.43	0.34	0.097	0.1765	0.04057	NAN	
0.44	0.35	0.0995	0.195	0.0424275	NAN	
0.45	0.36	0.1025	0.186	0.0443325	NAN	
0.46	0.365	0.105	0.199	0.0462575	NAN	
0.47	0.375	0.108	0.2	0.0482525	NAN	
0.48	0.38	0.1105	0.2045	0.050275	NAN	
0.49	0.39	0.1135	0.205	0.0523225	NAN	
0.5	0.4	0.1165	0.21	0.0543975	NAN	
0.51	0.405	0.1195	0.2105	0.0565	NAN	
0.52	0.415	0.122	0.2205	0.058655	NAN	
0.53	0.42	0.125	0.215	0.0608325	NAN	
0.54	0.43	0.1285	0.2265	0.06304	NAN	
0.55	0.44	0.131	0.2205	0.065275	NAN	
0.56	0.445	0.134	0.234	0.0675475	NAN	
0.57	0.455	0.137	0.23	0.0698675	NAN	
0.58	0.46	0.1395	0.24	0.0722175	NAN	
0.59	0.47	0.142	0.236	0.0745975	NAN	
0.6	0.48	0.145	0.247	0.0770125	NAN	
0.61	0.485	0.1475	0.2415	0.079455	NAN	
0.62	0.495	0.15	0.258	0.0819525	NAN	
0.63	0.5	0.1525	0.2505	0.084495	NAN	
0.64	0.51	0.155	0.264	0.0870675	NAN	
0.65	0.52	0.1575	0.2565	0.08967	NAN	
0.66	0.525	0.16	0.2705	0.092305	NAN	
0.67	0.535	0.1625	0.27	0.0950075	NAN	
0.68	0.54	0.1655	0.2745	0.09773	NAN	
0.69	0.55	0.168	0.2775	0.10049	NAN	
0.7	0.56	0.1705	0.281	0.1032825	NAN	
0.71	0.565	0.173	0.285	0.1061125	NAN	
0.72	0.575	0.176	0.292	0.1089975	NAN	
0.73	0.58	0.1785	0.291	0.1119125	NAN	
0.74	0.59	0.181	0.299	0.1148625	NAN	
0.75	0.6	0.1835	0.297	0.1178425	NAN	
0.76	0.605	0.186	0.3065	0.12086	NAN	
0.77	0.615	0.189	0.307	0.1239275	NAN	
0.78	0.62	0.1915	0.3145	0.127035	NAN	
0.79	0.63	0.1945	0.3115	0.130165	NAN	
0.8	0.64	0.197	0.3215	0.13333	NAN	
0.81	0.645	0.2	0.315	0.1365125	NAN	
0.82	0.655	0.203	0.331	0.1397425	NAN	
0.83	0.66	0.206	0.32	0.1429975	NAN	
0.84	0.67	0.2085	0.3375	0.146285	NAN	
0.85	0.68	0.2115	0.324	0.1495925	NAN	
0.86	0.685	0.215	0.343	0.1529275	NAN	
0.87	0.695	0.218	0.3345	0.156315	NAN	
0.88	0.7	0.221	0.348	0.1597275	NAN	
0.89	0.71	0.2245	0.339	0.1631625	NAN	
0.9	0.72	0.228	0.351	0.1666125	NAN	
0.91	0.725	0.231	0.344	0.1700875	NAN	
0.92	0.735	0.235	0.36	0.1736075	NAN	
0.93	0.74	0.2385	0.3475	0.177145	NAN	
0.94	0.75	0.2425	0.3625	0.180695	NAN	
0.95	0.76	0.246	0.352	0.1842675	NAN	
0.96	0.765	0.25	0.3635	0.187845	NAN	
0.97	0.775	0.2545	0.3585	0.191455	NAN	
0.98	0.78	0.2585	0.365	0.1950725	NAN	
0.99	0.79	0.263	0.3615	0.198705	NAN	
1	0.8	0.2675	0.3645	0.202335	NAN	
1.01	0.805	0.272	0.3615	0.205965	NAN	
1.02	0.815	0.277	0.368	0.2096125	NAN	
1.03	0.82	0.282	0.36	0.2132525	NAN	
1.04	0.83	0.2875	0.365	0.2168775	NAN	
1.05	0.84	0.2925	0.358	0.2204925	NAN	
1.06	0.845	0.2985	0.3625	0.224095	NAN	
1.07	0.855	0.304	0.3605	0.22771	NAN	
1.08	0.86	0.3095	0.357	0.2312975	NAN	
1.09	0.87	0.316	0.3555	0.23486	NAN	
1.1	0.88	0.322	0.3525	0.2384	NAN	
1.11	0.885	0.3285	0.3515	0.24192	NAN	
1.12	0.895	0.3345	0.3525	0.24544	NAN	
1.13	0.9	0.341	0.3455	0.24893	NAN	
1.14	0.91	0.348	0.3465	0.25239	NAN	
1.15	0.92	0.355	0.3405	0.255825	NAN	
1.16	0.925	0.3615	0.3405	0.25923	NAN	
1.17	0.935	0.3685	0.336	0.2626125	NAN	
1.18	0.94	0.375	0.3355	0.26597	NAN	
1.19	0.95	0.3825	0.3285	0.26929	NAN	
1.2	0.96	0.3895	0.327	0.2725675	NAN	
1.21	0.965	0.3965	0.3185	0.275795	NAN	
1.22	0.975	0.4035	0.3245	0.27901	NAN	
1.23	0.98	0.4105	0.3085	0.282175	NAN	
1.24	0.99	0.4175	0.317	0.2853025	NAN	
1.25	1	0.4245	0.301	0.2883925	NAN	
1.26	1.005	0.432	0.3105	0.29145	NAN	
1.27	1.015	0.4385	0.297	0.2944875	NAN	
1.28	1.02	0.4455	0.3035	0.29749	NAN	
1.29	1.03	0.453	0.289	0.3004525	NAN	
1.3	1.04	0.46	0.2955	0.303375	NAN	
1.31	1.045	0.4665	0.283	0.3062675	NAN	
1.32	1.055	0.4735	0.2915	0.30914	NAN	
1.33	1.06	0.481	0.2765	0.31198	NAN	
1.34	1.07	0.488	0.282	0.3147725	NAN	
1.35	1.08	0.4945	0.272	0.3175425	NAN	
1.36	1.085	0.502	0.273	0.3202675	NAN	
1.37	1.095	0.5085	0.2695	0.32298	NAN	
1.38	1.1	0.5155	0.2645	0.32565	NAN	
1.39	1.11	0.5225	0.262	0.3282825	NAN	
1.4	1.12	0.5295	0.257	0.3308775	NAN	
1.41	1.125	0.5365	0.254	0.3334325	NAN	
1.42	1.135	0.5435	0.2545	0.335975	NAN	
1.43	1.14	0.55	0.245	0.3384725	NAN	
1.44	1.15	0.557	0.246	0.3409275	NAN	
1.45	1.16	0.564	0.237	0.3433425	NAN	
1.46	1.165	0.571	0.2415	0.345735	NAN	
1.47	1.175	0.5775	0.2345	0.348115	NAN	
1.48	1.18	0.5845	0.237	0.3504725	NAN	
1.49	1.19	0.5915	0.224	0.3527775	NAN	
1.5	1.2	0.598	0.2305	0.35505	NAN	
1.51	1.205	0.605	0.218	0.3572925	NAN	
1.52	1.215	0.6115	0.229	0.3595275	NAN	
1.53	1.22	0.618	0.2105	0.361725	NAN	
1.54	1.23	0.625	0.22	0.3638775	NAN	
1.55	1.24	0.6315	0.205	0.3660025	NAN	
1.56	1.245	0.6385	0.2115	0.368085	NAN	
1.57	1.255	0.645	0.206	0.3701725	NAN	
1.58	1.26	0.6515	0.2045	0.372225	NAN	
1.59	1.27	0.6585	0.197	0.3742325	NAN	
1.6	1.28	0.665	0.197	0.3762025	NAN	
1.61	1.285	0.6715	0.1915	0.378145	NAN	
1.62	1.295	0.678	0.192	0.3800625	NAN	
1.63	1.3	0.6845	0.184	0.3819425	NAN	
1.64	1.31	0.691	0.1935	0.38383	NAN	
1.65	1.32	0.6975	0.1765	0.38568	NAN	
1.66	1.325	0.704	0.188	0.3875025	NAN	
1.67	1.335	0.7105	0.174	0.3893125	NAN	
1.68	1.34	0.717	0.182	0.3910925	NAN	
1.69	1.35	0.7235	0.169	0.3928475	NAN	
1.7	1.36	0.73	0.1755	0.39457	NAN	
1.71	1.365	0.7365	0.164	0.3962675	NAN	
1.72	1.375	0.743	0.171	0.3979425	NAN	
1.73	1.38	0.7495	0.1635	0.399615	NAN	
1.74	1.39	0.7555	0.164	0.4012525	NAN	
1.75	1.4	0.762	0.158	0.4028625	NAN	
1.76	1.405	0.7685	0.158	0.4044425	NAN	
1.77	1.415	0.775	0.1565	0.406015	NAN	
1.78	1.42	0.7815	0.153	0.4075625	NAN	
1.79	1.43	0.788	0.148	0.4090675	NAN	
1.8	1.44	0.794	0.149	0.4105525	NAN	
1.81	1.445	0.8005	0.141	0.4120025	NAN	
1.82	1.455	0.807	0.15	0.4134575	NAN	
1.83	1.46	0.813	0.1355	0.414885	NAN	
1.84	1.47	0.8195	0.143	0.4162775	NAN	
1.85	1.48	0.8255	0.1305	0.417645	NAN	
1.86	1.485	0.832	0.1365	0.41898	NAN	
1.87	1.495	0.838	0.133	0.4203275	NAN	
1.88	1.5	0.8445	0.1305	0.421645	NAN	
1.89	1.51	0.8505	0.1255	0.422925	NAN	
1.9	1.52	0.857	0.128	0.4241925	NAN	
1.91	1.525	0.863	0.12	0.4254325	NAN	
1.92	1.535	0.869	0.131	0.4266875	NAN	
1.93	1.54	0.875	0.113	0.4279075	NAN	
1.94	1.55	0.8815	0.126	0.4291025	NAN	
1.95	1.56	0.887	0.109	0.4302775	NAN	
1.96	1.565	0.8935	0.121	0.4314275	NAN	
1.97	1.575	0.8995	0.1115	0.43259	NAN	
1.98	1.58	0.9055	0.1155	0.433725	NAN	
1.99	1.59	0.9115	0.1145	0.434875	NAN	
2	1.6	0.9175	0.109	0.4359925	NAN	
2.01	1.605	0.9235	0.103	0.4370525	NAN	
2.02	1.615	0.9295	0.1065	0.4381	NAN	
2.03	1.62	0.9355	0.0975	0.43912	NAN	
2.04	1.63	0.941	0.105	0.4401325	NAN	
2.05	1.64	0.9465	0.092	0.4411175	NAN	
2.06	1.645	0.9525	0.1015	0.442085	NAN	
2.07	1.655	0.958	0.096	0.4430725	NAN	
2.08	1.66	0.9635	0.098	0.4440425	NAN	
2.09	1.67	0.9695	0.092	0.4449925	NAN	
2.1	1.68	0.975	0.088	0.4458925	NAN	
2.11	1.685	0.981	0.093	0.4467975	NAN	
2.12	1.695	0.986	0.0895	0.44771	NAN	
2.13	1.7	0.992	0.0855	0.448585	NAN	
2.14	1.71	0.9975	0.0985	0.449505	NAN	
2.15	1.72	1.003	0.077	0.4503825	NAN	
2.16	1.725	1.0085	0.0965	0.45125	NAN	
2.17	1.735	1.014	0.077	0.4521175	NAN	
2.18	1.74	1.0195	0.085	0.4529275	NAN	
2.19	1.75	1.02	0.0765	0.453735	NAN	
2.2	1.76	1.02	0.081	0.4545225	NAN	
2.21	1.765	1.02	0.077	0.4553125	NAN	
2.22	1.775	1.02	0.079	0.4560925	NAN	
2.23	1.78	1.02	0.074	0.4568575	NAN	
2.24	1.79	1.02	0.0765	0.45761	NAN	
2.25	1.8	1.02	0.069	0.4583375	NAN	
2.26	1.805	1.02	0.0775	0.45907	NAN	
2.27	1.815	1.02	0.061	0.4597625	NAN	
2.28	1.82	1.02	0.0765	0.46045	NAN	
2.29	1.83	1.02	0.068	0.4611725	NAN	
2.3	1.84	1.02	0.073	0.4618775	NAN	
2.31	1.845	1.02	0.0685	0.462585	NAN	
2.32	1.855	1.02	0.069	0.4632725	NAN	
2.33	1.86	1.02	0.062	0.4639275	NAN	
2.34	1.87	1.02	0.0685	0.46458	NAN	
2.35	1.88	1.02	0.057	0.4652075	NAN	
2.36	1.885	1.02	0.0705	0.465845	NAN	
2.37	1.895	1.02	0.0605	0.4665	NAN	
2.38	1.9	1.02	0.0675	0.46714	NAN	
2.39	1.91	1.02	-0.003	0.4674625	NAN	
2.4	1.92	1.02	-0.009	0.4674025	NAN	
2.41	1.925	1.02	0.012	0.4674175	NAN	
2.42	1.935	1.02	-0.015	0.4674025	NAN	
2.43	1.94	1.02	-0.0175	0.46724	NAN	
2.44	1.95	1.02	-0.006	0.4671225	NAN	
2.45	1.96	1.02	0.002	0.4671025	NAN	
2.46	1.965	1.02	-0.0085	0.46707	NAN	
2.47	1.975	1.02	-0.0015	0.46702	NAN	
2.48	1.98	1.02	-0.0025	0.467	NAN	
2.49	1.99	1.02	-0.008	0.4669475	NAN	
2.5	2	1.02	-0.0045	0.466885	NAN	
2.51	1.995	1.02	-0.002	0.4668525	NAN	
2.52	1.985	1.02	-0.005	0.4668175	NAN	
2.53	1.98	1.02	-0.0045	0.46677	NAN	
2.54	1.97	1.02	-0.008	0.4667075	NAN	
2.55	1.96	1.02	0.003	0.4666825	NAN	
2.56	1.955	1.02	-0.006	0.4666675	NAN	
2.57	1.945	1.02	0.002	0.4666475	NAN	
2.58	1.94	1.02	-0.0075	0.46662	NAN	
2.59	1.93	1.02	-0.0015	0.466575	NAN	
2.6	1.92	1.02	-0.004	0.4665475	NAN	
2.61	1.915	1.02	-0.0035	0.46651	NAN	
2.62	1.905	1.02	-0.0005	0.46649	NAN	
2.63	1.9	1.02	-0.007	0.4664525	NAN	
2.64	1.89	1.02	0.0005	0.46642	NAN	
2.65	1.88	1.02	-0.0105	0.46637	NAN	
2.66	1.875	1.02	-0.0075	0.46628	NAN	
2.67	1.865	1.02	-0.0005	0.46624	NAN	
2.68	1.86	1.02	-0.014	0.4661675	NAN	
2.69	1.85	1.02	-0.003	0.4660825	NAN	
2.7	1.84	1.02	0.006	0.4660975	NAN	
2.71	1.835	1.02	-0.0005	0.466125	NAN	
2.72	1.825	1.02	-0.005	0.4660975	NAN	
2.73	1.82	1.02	-0.0075	0.466035	NAN	
2.74	1.81	1.02	-0.0085	0.465955	NAN	
2.75	1.8	1.02	-0.0115	0.465855	NAN	
2.76	1.795	1.02	-0.0095	0.46575	NAN	
2.77	1.785	1.02	-0.018	0.4656125	NAN	
2.78	1.78	1.02	-0.0095	0.465475	NAN	
2.79	1.77	1.02	-0.021	0.4653225	NAN	
2.8	1.76	1.02	-0.0095	0.46517	NAN	
2.81	1.755	1.02	-0.0215	0.465015	NAN	
2.82	1.745	1.02	-0.015	0.4648325	NAN	
2.83	1.74	1.02	-0.02	0.4646575	NAN	
2.84	1.73	1.02	-0.0165	0.464475	NAN	
2.85	1.72	1.02	-0.0185	0.4643	NAN	
2.86	1.715	1.02	-0.021	0.4641025	NAN	
2.87	1.705	1.02	-0.0215	0.46389	NAN	
2.88	1.7	1.02	-0.017	0.4636975	NAN	
2.89	1.69	1.02	-0.0205	0.46351	NAN	
2.9	1.68	1.02	-0.019	0.4633125	NAN	
2.91	1.675	1.02	-0.0225	0.463105	NAN	
2.92	1.665	1.02	-0.02	0.4628925	NAN	
2.93	1.66	1.02	-0.0215	0.462685	NAN	
2.94	1.65	1.02	-0.0195	0.46248	NAN	
2.95	1.64	1.02	-0.033	0.4622175	NAN	
2.96	1.635	1.02	-0.0155	0.461975	NAN	
2.97	1.625	1.02	-0.03	0.4617475	NAN	
2.98	1.62	1.0185	-0.017	0.4615125	NAN	
2.99	1.61	1.014	-0.031	0.4612725	NAN	
3	1.6	1.0095	-0.0155	0.46104	NAN	
3.01	1.595	1.0045	-0.027	0.4608275	NAN	
3.02	1.585	1.0005	-0.021	0.4605875	NAN	
3.03	1.58	0.9955	-0.025	0.4603575	NAN	
3.04	1.57	0.9915	-0.0245	0.46011	NAN	
3.05	1.56	0.9865	-0.0245	0.459865	NAN	
3.06	1.555	0.9815	-0.0245	0.45962	NAN	
3.07	1.545	0.9775	-0.0265	0.459365	NAN	
3.08	1.54	0.9725	-0.021	0.4591275	NAN	
3.09	1.53	0.968	-0.029	0.4588775	NAN	
3.1	1.52	0.963	-0.021	0.4586275	NAN	
3.11	1.515	0.9585	-0.0305	0.45837	NAN	
3.12	1.505	0.9535	-0.022	0.4581075	NAN	
3.13	1.5	0.949	-0.031	0.4578425	NAN	
3.14	1.49	0.944	-0.0205	0.457585	NAN	
3.15	1.48	0.9395	-0.03	0.4573325	NAN	
3.16	1.475	0.9345	-0.0235	0.457065	NAN	
3.17	1.465	0.93	-0.033	0.4567825	NAN	
3.18	1.46	0.925	-0.0195	0.45652	NAN	
3.19	1.45	0.9205	-0.03	0.4562725	NAN	
3.2	1.44	0.9155	-0.028	0.4559825	NAN	
3.21	1.435	0.911	-0.029	0.4556975	NAN	
3.22	1.425	0.906	-0.029	0.4554075	NAN	
3.23	1.42	0.9015	-0.0275	0.455125	NAN	
3.24	1.41	0.8965	-0.03	0.4548375	NAN	
3.25	1.4	0.892	-0.029	0.4545425	NAN	
3.26	1.395	0.887	-0.027	0.4542625	NAN	
3.27	1.385	0.8825	-0.0345	0.453955	NAN	
3.28	1.38	0.8775	-0.0255	0.453655	NAN	
3.29	1.37	0.873	-0.037	0.4533425	NAN	
3.3	1.36	0.868	-0.025	0.4530325	NAN	
3.31	1.355	0.8635	-0.0365	0.452725	NAN	
3.32	1.345	0.8585	-0.03	0.4523925	NAN	
3.33	1.34	0.854	-0.035	0.4520675	NAN	
3.34	1.33	0.8495	-0.0295	0.451745	NAN	
3.35	1.32	0.8445	-0.0235	0.45148	NAN	
3.36	1.315	0.8395	-0.0305	0.45121	NAN	
3.37	1.305	0.835	-0.0295	0.45091	NAN	
3.38	1.3	0.83	-0.037	0.4505775	NAN	
3.39	1.29	0.8255	-0.032	0.4502325	NAN	
3.4	1.28	0.8205	-0.03	0.4499225	NAN	
3.41	1.275	0.816	-0.0375	0.449585	NAN	
3.42	1.265	0.8115	-0.029	0.4492525	NAN	
3.43	1.26	0.807	-0.033	0.4489425	NAN	
3.44	1.25	0.802	-0.029	0.4486325	NAN	
3.45	1.24	0.798	-0.0395	0.44829	NAN	
3.46	1.235	0.793	-0.0285	0.44795	NAN	
3.47	1.225	0.789	-0.044	0.4475875	NAN	
3.48	1.22	0.784	-0.03	0.4472175	NAN	
3.49	1.21	0.779	-0.044	0.4468475	NAN	
3.5	1.2	0.775	-0.0345	0.446455	NAN	
3.51	1.195	0.77	-0.042	0.4460725	NAN	
3.52	1.185	0.7655	-0.0395	0.445665	NAN	
3.53	1.18	0.761	-0.043	0.4452525	NAN	
3.54	1.17	0.756	-0.0405	0.444835	NAN	
3.55	1.16	0.7515	-0.0375	0.444445	NAN	
3.56	1.155	0.747	-0.039	0.4440625	NAN	
3.57	1.145	0.7425	-0.043	0.4436525	NAN	
3.58	1.14	0.7375	-0.0375	0.44325	NAN	
3.59	1.13	0.733	-0.042	0.4428525	NAN	
3.6	1.12	0.7285	-0.0375	0.442455	NAN	
3.61	1.115	0.724	-0.046	0.4420375	NAN	
3.62	1.105	0.7195	-0.039	0.4416125	NAN	
3.63	1.1	0.715	-0.047	0.4411825	NAN	
3.64	1.09	0.71	-0.038	0.4407575	NAN	
3.65	1.08	0.7055	-0.047	0.4403325	NAN	
3.66	1.075	0.701	-0.0425	0.439885	NAN	
3.67	1.065	0.6965	-0.048	0.4394325	NAN	
3.68	1.06	0.6915	-0.042	0.4389825	NAN	
3.69	1.05	0.6875	-0.0485	0.43853	NAN	
3.7	1.04	0.683	-0.047	0.4380525	NAN	
3.71	1.035	0.678	-0.046	0.4375875	NAN	
3.72	1.025	0.6735	-0.049	0.4371125	NAN	
3.73	1.02	0.669	-0.048	0.4366275	NAN	
3.74	1.01	0.6645	-0.047	0.4361525	NAN	
3.75	1	0.66	-0.0505	0.435665	NAN	
3.76	0.995	0.6555	-0.0465	0.43518	NAN	
3.77	0.985	0.6505	-0.055	0.4346725	NAN	
3.78	0.98	0.646	-0.044	0.4341775	NAN	
3.79	0.97	0.6415	-0.06	0.4336575	NAN	
3.8	0.96	0.6385	-0.045	0.4331325	NAN	
3.81	0.955	0.6325	-0.058	0.4326175	NAN	
3.82	0.945	0.628	-0.0515	0.43207	NAN	
3.83	0.94	0.6235	-0.059	0.4315175	NAN	
3.84	0.93	0.619	-0.053	0.4309575	NAN	
3.85	0.92	0.6145	-0.0575	0.430405	NAN	
3.86	0.915	0.61	-0.053	0.4298525	NAN	
3.87	0.905	0.6055	-0.0595	0.42929	NAN	
3.88	0.9	0.6015	-0.038	0.4288025	NAN	
3.89	0.89	0.596	-0.0655	0.428285	NAN	
3.9	0.88	0.5915	-0.055	0.4276825	NAN	
3.91	0.875	0.587	-0.0815	0.427	NAN	
3.92	0.865	0.5825	-0.058	0.4263025	NAN	
3.93	0.86	0.578	-0.0635	0.425695	NAN	
3.94	0.85	0.5735	-0.0585	0.425085	NAN	
3.95	0.84	0.5685	-0.0685	0.42445	NAN	
3.96	0.835	0.564	-0.061	0.4238025	NAN	
3.97	0.825	0.5595	-0.0725	0.423135	NAN	
3.98	0.82	0.555	-0.0645	0.42245	NAN	
3.99	0.81	0.5505	-0.066	0.4217975	NAN	
4	0.8	0.546	-0.067	0.4211325	NAN	
4.01	0.795	0.541	-0.071	0.4204425	NAN	
4.02	0.785	0.537	-0.0725	0.419725	NAN	
4.03	0.78	0.532	-0.0675	0.419025	NAN	
4.04	0.77	0.5275	-0.07	0.4183375	NAN	
4.05	0.76	0.523	-0.0725	0.417625	NAN	
4.06	0.755	0.5185	-0.0735	0.416895	NAN	
4.07	0.745	0.514	-0.0775	0.41614	NAN	
4.08	0.74	0.5095	-0.066	0.4154225	NAN	
4.09	0.73	0.505	-0.083	0.4146775	NAN	
4.1	0.72	0.5005	-0.0625	0.41395	NAN	
4.11	0.715	0.496	-0.0825	0.413225	NAN	
4.12	0.705	0.4915	-0.0745	0.41244	NAN	
4.13	0.7	0.487	-0.0825	0.411655	NAN	
4.14	0.69	0.4825	-0.0785	0.41085	NAN	
4.15	0.68	0.478	-0.083	0.4100425	NAN	
4.16	0.675	0.4735	-0.081	0.4092225	NAN	
4.17	0.665	0.469	-0.0845	0.408395	NAN	
4.18	0.66	0.4645	-0.081	0.4075675	NAN	
4.19	0.65	0.46	-0.0875	0.406725	NAN	
4.2	0.64	0.4555	-0.082	0.4058775	NAN	
4.21	0.635	0.451	-0.0875	0.40503	NAN	
4.22	0.625	0.447	-0.0845	0.40417	NAN	
4.23	0.62	0.4425	-0.093	0.4032825	NAN	
4.24	0.61	0.438	-0.0845	0.402395	NAN	
4.25	0.6	0.434	-0.079	0.4015775	NAN	
4.26	0.595	0.4295	-0.084	0.4007625	NAN	
4.27	0.585	0.425	-0.092	0.3998825	NAN	
4.28	0.58	0.4205	-0.1075	0.398885	NAN	
4.29	0.57	0.4165	-0.097	0.3978625	NAN	
4.3	0.56	0.412	-0.0905	0.396925	NAN	
4.31	0.555	0.408	-0.089	0.3960275	NAN	
4.32	0.545	0.4035	-0.095	0.3951075	NAN	
4.33	0.54	0.399	-0.0965	0.39415	NAN	
4.34	0.53	0.395	-0.098	0.3931775	NAN	
4.35	0.52	0.3905	-0.1005	0.392185	NAN	
4.36	0.515	0.3865	-0.0955	0.391205	NAN	
4.37	0.505	0.382	-0.107	0.3901925	NAN	
4.38	0.5	0.3775	-0.096	0.3891775	NAN	
4.39	0.49	0.3735	-0.11	0.3881475	NAN	
4.4	0.48	0.369	-0.098	0.3871075	NAN	
4.41	0.475	0.365	-0.1105	0.386065	NAN	
4.42	0.465	0.3605	-0.105	0.3849875	NAN	
4.43	0.46	0.3565	-0.11	0.3839125	NAN	
4.44	0.45	0.3525	-0.107	0.3828275	NAN	
4.45	0.44	0.348	-0.11	0.3817425	NAN	
4.46	0.435	0.3435	-0.1095	0.380645	NAN	
4.47	0.425	0.3395	-0.116	0.3795175	NAN	
4.48	0.42	0.3355	-0.108	0.3783975	NAN	
4.49	0.41	0.3315	-0.12	0.3772575	NAN	
4.5	0.4	0.327	-0.113	0.3760925	NAN	
4.51	0.395	0.323	-0.125	0.3749025	NAN	
4.52	0.385	0.3185	-0.114	0.3737075	NAN	
4.53	0.38	0.3145	-0.1255	0.37251	NAN	
4.54	0.37	0.3105	-0.116	0.3713025	NAN	
4.55	0.36	0.306	-0.1265	0.37009	NAN	
4.56	0.355	0.302	-0.12	0.3688575	NAN	
4.57	0.345	0.2975	-0.13	0.3676075	NAN	
4.58	0.34	0.2935	-0.124	0.3663375	NAN	
4.59	0.33	0.2895	-0.1305	0.365065	NAN	
4.6	0.32	0.2855	-0.126	0.3637825	NAN	
4.61	0.315	0.281	-0.131	0.3624975	NAN	
4.62	0.305	0.277	-0.1315	0.361185	NAN	
4.63	0.3	0.2725	-0.135	0.3598525	NAN	
4.64	0.29	0.2685	-0.132	0.3585175	NAN	
4.65	0.28	0.2645	-0.1385	0.357165	NAN	
4.66	0.275	0.26	-0.135	0.3557975	NAN	
4.67	0.265	0.256	-0.144	0.3544025	NAN	
4.68	0.26	0.252	-0.133	0.3530175	NAN	
4.69	0.25	0.248	-0.1385	0.35166	NAN	
4.7	0.24	0.2435	-0.1415	0.35026	NAN	
4.71	0.235	0.2395	-0.1475	0.348815	NAN	
4.72	0.225	0.2355	-0.1435	0.34736	NAN	
4.73	0.22	0.231	-0.1475	0.345905	NAN	
4.74	0.21	0.227	-0.1485	0.344425	NAN	
4.75	0.2	0.223	-0.1495	0.342935	NAN	
4.76	0.195	0.2185	-0.153	0.3414225	NAN	
4.77	0.185	0.2145	-0.157	0.3398725	NAN	
4.78	0.18	0.2105	-0.153	0.3383225	NAN	
4.79	0.17	0.206	-0.1585	0.336765	NAN	
4.8	0.16	0.202	-0.1545	0.3352	NAN	
4.81	0.155	0.198	-0.1625	0.333615	NAN	
4.82	0.145	0.1935	-0.1585	0.33201	NAN	
4.83	0.14	0.1895	-0.167	0.3303825	NAN	
4.84	0.13	0.1855	-0.1585	0.328755	NAN	
4.85	0.12	0.1815	-0.169	0.3271175	NAN	
4.86	0.115	0.177	-0.1605	0.32547	NAN	
4.87	0.105	0.173	-0.1755	0.32379	NAN	
4.88	0.1	0.169	-0.1635	0.322095	NAN	
4.89	0.09	0.165	-0.177	0.3203925	NAN	
4.9	0.08	0.1605	-0.168	0.3186675	NAN	
4.91	0.075	0.1565	-0.176	0.3169475	NAN	
4.92	0.065	0.1525	-0.175	0.3151925	NAN	
4.93	0.06	0.1485	-0.1785	0.313425	NAN	
4.94	0.05	0.144	-0.179	0.3116375	NAN	
4.95	0.04	0.14	-0.1805	0.30984	NAN	
4.96	0.035	0.136	-0.178	0.3080475	NAN	
4.97	0.025	0.1315	-0.19	0.3062075	NAN	
4.98	0.02	0.1275	-0.178	0.3043675	NAN	
4.99	0.01	0.1235	-0.1945	0.302505	NAN	
5	0	0.1195	-0.18	0.3006325	NAN	
5.01	-0.005	0.1155	-0.194	0.2987625	NAN	
5.02	-0.015	0.1115	-0.1875	0.296855	NAN	
5.03	-0.02	0.107	-0.189	0.2949725	NAN	
5.04	-0.03	0.1035	-0.191	0.2930725	NAN	
5.05	-0.04	0.099	-0.193	0.2911525	NAN	
5.06	-0.045	0.095	-0.1975	0.2892	NAN	
5.07	-0.055	0.0915	-0.1985	0.28722	NAN	
5.08	-0.06	0.0875	-0.198	0.2852375	NAN	
5.09	-0.07	0.083	-0.2025	0.283235	NAN	
5.1	-0.08	0.079	-0.2015	0.281215	NAN	
5.11	-0.085	0.075	-0.206	0.2791775	NAN	
5.12	-0.095	0.071	-0.2045	0.277125	NAN	
5.13	-0.1	0.0675	-0.2095	0.275055	NAN	
5.14	-0.11	0.0635	-0.206	0.2729775	NAN	
5.15	-0.12	0.059	-0.215	0.2708725	NAN	
5.16	-0.125	0.0555	-0.206	0.2687675	NAN	
5.17	-0.135	0.0515	-0.2235	0.26662	NAN	
5.18	-0.14	0.0475	-0.209	0.2644575	NAN	
5.19	-0.15	0.044	-0.226	0.2622825	NAN	
5.2	-0.16	0.0395	-0.2135	0.260085	NAN	
5.21	-0.165	0.036	-0.2265	0.257885	NAN	
5.22	-0.175	0.032	-0.2225	0.25564	NAN	
5.23	-0.18	0.0285	-0.227	0.2533925	NAN	
5.24	-0.19	0.0245	-0.228	0.2511175	NAN	
5.25	-0.2	0.021	-0.229	0.2488325	NAN	
5.26	-0.205	0.017	-0.2315	0.24653	NAN	
5.27	-0.215	0.0135	-0.239	0.2441775	NAN	
5.28	-0.22	0.0095	-0.2335	0.241815	NAN	
5.29	-0.23	0.0065	-0.243	0.2394325	NAN	
5.3	-0.24	0.0025	-0.2345	0.237045	NAN	
5.31	-0.245	-0.0005	-0.2495	0.234625	NAN	
5.32	-0.255	-0.0045	-0.2425	0.232165	NAN	
5.33	-0.26	-0.007	-0.2535	0.229685	NAN	
5.34	-0.27	-0.011	-0.2495	0.22717	NAN	
5.35	-0.28	-0.0145	-0.2555	0.224645	NAN	
5.36	-0.285	-0.0175	-0.257	0.2220825	NAN	
5.37	-0.295	-0.021	-0.2655	0.21947	NAN	
5.38	-0.3	-0.024	-0.262	0.2168325	NAN	
5.39	-0.31	-0.0275	-0.2705	0.21417	NAN	
5.4	-0.32	-0.0305	-0.269	0.2114725	NAN	
5.41	-0.325	-0.033	-0.273	0.2087625	NAN	
5.42	-0.335	-0.036	-0.277	0.2060125	NAN	
5.43	-0.34	-0.039	-0.2805	0.203225	NAN	
5.44	-0.35	-0.042	-0.283	0.2004075	NAN	
5.45	-0.36	-0.0445	-0.2885	0.19755	NAN	
5.46	-0.365	-0.0475	-0.287	0.1946725	NAN	
5.47	-0.375	-0.051	-0.302	0.1917275	NAN	
5.48	-0.38	-0.0525	-0.293	0.1887525	NAN	
5.49	-0.39	-0.0545	-0.313	0.1857225	NAN	
5.5	-0.4	-0.057	-0.3025	0.182645	NAN	
5.51	-0.405	-0.0605	-0.322	0.1795225	NAN	
5.52	-0.415	-0.062	-0.314	0.1763425	NAN	
5.53	-0.42	-0.065	-0.316	0.1731925	NAN	
5.54	-0.43	-0.0665	-0.3215	0.170005	NAN	
5.55	-0.44	-0.069	-0.333	0.1667325	NAN	
5.56	-0.445	-0.071	-0.3275	0.16343	NAN	
5.57	-0.455	-0.073	-0.342	0.1600825	NAN	
5.58	-0.46	-0.075	-0.3575	0.156585	NAN	
5.59	-0.47	-0.0775	-0.353	0.1530325	NAN	
5.6	-0.48	-0.0795	-0.3435	0.14955	NAN	
5.61	-0.485	-0.081	-0.3525	0.14607	NAN	
5.62	-0.495	-0.0835	-0.3605	0.142505	NAN	
5.63	-0.5	-0.0865	-0.368	0.1388625	NAN	
5.64	-0.51	-0.0875	-0.369	0.1351775	NAN	
5.65	-0.52	-0.09	-0.3735	0.131465	NAN	
5.66	-0.525	-0.092	-0.38	0.1276975	NAN	
5.67	-0.535	-0.0945	-0.3865	0.123865	NAN	
5.68	-0.54	-0.096	-0.386	0.1200025	NAN	
5.69	-0.55	-0.098	-0.412	0.1160125	NAN	
5.7	-0.56	-0.1	-0.395	0.1119775	NAN	
5.71	-0.565	-0.1025	-0.4125	0.10794	NAN	
5.72	-0.575	-0.104	-0.4065	0.103845	NAN	
5.73	-0.58	-0.108	-0.4165	0.09973	NAN	
5.74	-0.59	-0.1085	-0.4165	0.095565	NAN	
5.75	-0.6	-0.11	-0.421	0.0913775	NAN	
5.76	-0.605	-0.113	-0.4195	0.087175	NAN	
5.77	-0.615	-0.1155	-0.445	0.0828525	NAN	
5.78	-0.62	-0.117	-0.4305	0.078475	NAN	
5.79	-0.63	-0.119	-0.447	0.0740875	NAN	
5.8	-0.64	-0.1215	-0.4395	0.069655	NAN	
5.81	-0.645	-0.123	-0.4475	0.06522	NAN	
5.82	-0.655	-0.126	-0.4505	0.06073	NAN	
5.83	-0.66	-0.1275	-0.4555	0.0562	NAN	
5.84	-0.67	-0.1305	-0.4585	0.05163	NAN	
5.85	-0.68	-0.131	-0.463	0.0470225	NAN	
5.86	-0.685	-0.1355	-0.467	0.0423725	NAN	
5.87	-0.695	-0.1375	-0.4755	0.03766	NAN	
5.88	-0.7	-0.14	-0.474	0.0329125	NAN	
5.89	-0.71	-0.1425	-0.4855	0.028115	NAN	
5.9	-0.72	-0.1445	-0.48	0.0232875	NAN	
5.91	-0.725	-0.1475	-0.492	0.0184275	NAN	
5.92	-0.735	-0.1495	-0.4905	0.013515	NAN	
5.93	-0.74	-0.1525	-0.501	0.0085575	NAN	
5.94	-0.75	-0.155	-0.4965	0.00357	NAN	
5.95	-0.76	-0.158	-0.509	-0.0014575	NAN	
5.96	-0.765	-0.16	-0.502	-0.0065125	NAN	
5.97	-0.775	-0.1635	-0.52	-0.0116225	NAN	
5.98	-0.78	-0.1655	-0.508	-0.0167625	NAN	
5.99	-0.79	-0.1685	-0.526	-0.0219325	NAN	
6	-0.8	-0.1715	-0.5135	-0.02713	NAN	
6.01	-0.805	-0.1735	-0.5305	-0.03235	NAN	
6.02	-0.815	-0.1775	-0.523	-0.0376175	NAN	
6.03	-0.82	-0.1805	-0.5355	-0.04291	NAN	
6.04	-0.83	-0.184	-0.5295	-0.048235	NAN	
6.05	-0.84	-0.1865	-0.5395	-0.05358	NAN	
6.06	-0.845	-0.19	-0.5345	-0.05895	NAN	
6.07	-0.855	-0.194	-0.548	-0.0643625	NAN	
6.08	-0.86	-0.1965	-0.538	-0.0697925	NAN	
6.09	-0.87	-0.2	-0.5525	-0.075245	NAN	
6.1	-0.88	-0.2035	-0.5425	-0.08072	NAN	
6.11	-0.885	-0.207	-0.5555	-0.08621	NAN	
6.12	-0.895	-0.2105	-0.5515	-0.091745	NAN	
6.13	-0.9	-0.2145	-0.557	-0.0972875	NAN	
6.14	-0.91	-0.218	-0.5555	-0.10285	NAN	
6.15	-0.92	-0.222	-0.56	-0.1084275	NAN	
6.16	-0.925	-0.2265	-0.5565	-0.11401	NAN	
6.17	-0.935	-0.2305	-0.566	-0.1196225	NAN	
6.18	-0.94	-0.234	-0.5575	-0.12524	NAN	
6.19	-0.95	-0.2385	-0.5675	-0.130865	NAN	
6.2	-0.96	-0.2435	-0.558	-0.1364925	NAN	
6.21	-0.965	-0.2475	-0.566	-0.1421125	NAN	
6.22	-0.975	-0.2525	-0.5615	-0.14775	NAN	
6.23	-0.98	-0.2575	-0.5645	-0.15338	NAN	
6.24	-0.99	-0.2625	-0.5605	-0.159005	NAN	
6.25	-1	-0.2675	-0.5625	-0.16462	NAN	
6.26	-1.005	-0.273	-0.5565	-0.170215	NAN	
6.27	-1.015	-0.2785	-0.563	-0.1758125	NAN	
6.28	-1.02	-0.2845	-0.554	-0.1813975	NAN	
6.29	-1.03	-0.2905	-0.558	-0.1869575	NAN	
6.3	-1.04	-0.297	-0.547	-0.1924825	NAN	
6.31	-1.045	-0.304	-0.55	-0.1979675	NAN	
6.32	-1.055	-0.311	-0.544	-0.2034375	NAN	
6.33	-1.06	-0.3185	-0.5395	-0.208855	NAN	
6.34	-1.07	-0.326	-0.5335	-0.21422	NAN	
6.35	-1.08	-0.334	-0.528	-0.2195275	NAN	
6.36	-1.085	-0.3425	-0.521	-0.2247725	NAN	
6.37	-1.095	-0.351	-0.52	-0.2299775	NAN	
6.38	-1.1	-0.36	-0.508	-0.2351175	NAN	
6.39	-1.11	-0.3685	-0.5045	-0.24018	NAN	
6.4	-1.12	-0.378	-0.4925	-0.245165	NAN	
6.41	-1.125	-0.387	-0.491	-0.2500825	NAN	
6.42	-1.135	-0.397	-0.4815	-0.254945	NAN	
6.43	-1.14	-0.406	-0.4735	-0.25972	NAN	
6.44	-1.15	-0.416	-0.464	-0.2644075	NAN	
6.45	-1.16	-0.4255	-0.4595	-0.269025	NAN	
6.46	-1.165	-0.435	-0.4465	-0.273555	NAN	
6.47	-1.175	-0.445	-0.449	-0.2780325	NAN	
6.48	-1.18	-0.4545	-0.431	-0.2824325	NAN	
6.49	-1.19	-0.464	-0.4335	-0.286755	NAN	
6.5	-1.2	-0.4735	-0.412	-0.2909825	NAN	
6.51	-1.205	-0.4835	-0.4175	-0.29513	NAN	
6.52	-1.215	-0.493	-0.402	-0.2992275	NAN	
6.53	-1.22	-0.5025	-0.399	-0.3032325	NAN	
6.54	-1.23	-0.512	-0.387	-0.3071625	NAN	
6.55	-1.24	-0.5215	-0.3835	-0.311015	NAN	
6.56	-1.245	-0.5315	-0.373	-0.3147975	NAN	
6.57	-1.255	-0.5405	-0.3705	-0.318515	NAN	
6.58	-1.26	-0.55	-0.3575	-0.322155	NAN	
6.59	-1.27	-0.5595	-0.3555	-0.32572	NAN	
6.6	-1.28	-0.569	-0.3425	-0.32921	NAN	
6.61	-1.285	-0.578	-0.338	-0.3326125	NAN	
6.62	-1.295	-0.5875	-0.3295	-0.33595	NAN	
6.63	-1.3	-0.5965	-0.3245	-0.33922	NAN	
6.64	-1.31	-0.606	-0.3155	-0.34242	NAN	
6.65	-1.32	-0.615	-0.312	-0.3455575	NAN	
6.66	-1.325	-0.624	-0.2985	-0.34861	NAN	
6.67	-1.335	-0.633	-0.306	-0.3516325	NAN	
6.68	-1.34	-0.642	-0.2835	-0.35458	NAN	
6.69	-1.35	-0.651	-0.2925	-0.35746	NAN	
6.7	-1.36	-0.6595	-0.27	-0.3602725	NAN	
6.71	-1.365	-0.6685	-0.2805	-0.363025	NAN	
6.72	-1.375	-0.6775	-0.2625	-0.36574	NAN	
6.73	-1.38	-0.686	-0.266	-0.3683825	NAN	
6.74	-1.39	-0.6945	-0.2525	-0.370975	NAN	
6.75	-1.4	-0.703	-0.252	-0.3734975	NAN	
6.76	-1.405	-0.7115	-0.242	-0.3759675	NAN	
6.77	-1.415	-0.72	-0.2425	-0.37839	NAN	
6.78	-1.42	-0.728	-0.233	-0.3807675	NAN	
6.79	-1.43	-0.7365	-0.231	-0.3830875	NAN	
6.8	-1.44	-0.744	-0.22	-0.3853425	NAN	
6.81	-1.445	-0.7525	-0.2205	-0.387545	NAN	
6.82	-1.455	-0.7605	-0.2125	-0.38971	NAN	
6.83	-1.46	-0.7685	-0.2125	-0.391835	NAN	
6.84	-1.47	-0.777	-0.201	-0.3939025	NAN	
6.85	-1.48	-0.784	-0.2035	-0.395925	NAN	
6.86	-1.485	-0.792	-0.191	-0.3978975	NAN	
6.87	-1.495	-0.7995	-0.1975	-0.39984	NAN	
6.88	-1.5	-0.8075	-0.183	-0.4017425	NAN	
6.89	-1.51	-0.815	-0.1865	-0.40359	NAN	
6.9	-1.52	-0.8225	-0.1765	-0.405405	NAN	
6.91	-1.525	-0.83	-0.1755	-0.407165	NAN	
6.92	-1.535	-0.8375	-0.174	-0.4089125	NAN	
6.93	-1.54	-0.8445	-0.167	-0.4106175	NAN	
6.94	-1.55	-0.852	-0.164	-0.4122725	NAN	
6.95	-1.56	-0.8595	-0.1615	-0.4139	NAN	
6.96	-1.565	-0.8665	-0.155	-0.4154825	NAN	
6.97	-1.575	-0.8735	-0.1605	-0.41706	NAN	
6.98	-1.58	-0.8815	-0.144	-0.4185825	NAN	
6.99	-1.59	-0.888	-0.155	-0.4200775	NAN	
7	-1.6	-0.8955	-0.135	-0.4215275	NAN	
7.01	-1.605	-0.9025	-0.145	-0.4229275	NAN	
7.02	-1.615	-0.9095	-0.133	-0.4243175	NAN	
7.03	-1.62	-0.916	-0.137	-0.4256675	NAN	
7.04	-1.63	-0.923	-0.1285	-0.426995	NAN	
7.05	-1.64	-0.9295	-0.1285	-0.42828	NAN	
7.06	-1.645	-0.936	-0.124	-0.4295425	NAN	
7.07	-1.655	-0.943	-0.1265	-0.430795	NAN	
7.08	-1.66	-0.95	-0.1185	-0.43202	NAN	
7.09	-1.67	-0.956	-0.122	-0.4332225	NAN	
7.1	-1.68	-0.9625	-0.1115	-0.43439	NAN	
7.11	-1.685	-0.969	-0.119	-0.4355425	NAN	
7.12	-1.695	-0.976	-0.108	-0.4366775	NAN	
7.13	-1.7	-0.982	-0.115	-0.4377925	NAN	
7.14	-1.71	-0.9885	-0.1025	-0.43888	NAN	
7.15	-1.72	-0.9945	-0.108	-0.4399325	NAN	
7.16	-1.725	-1.0015	-0.099	-0.4409675	NAN	
7.17	-1.735	-1.0075	-0.104	-0.4419825	NAN	
7.18	-1.74	-1.0135	-0.0975	-0.44299	NAN	
7.19	-1.75	-1.0195	-0.1	-0.4439775	NAN	
7.2	-1.76	-1.0255	-0.0935	-0.444945	NAN	
7.21	-1.765	-1.0275	-0.095	-0.4458875	NAN	
7.22	-1.775	-1.0275	-0.094	-0.4468325	NAN	
7.23	-1.78	-1.0275	-0.093	-0.4477675	NAN	
7.24	-1.79	-1.0275	-0.0875	-0.44867	NAN	
7.25	-1.8	-1.0275	-0.091	-0.4495625	NAN	
7.26	-1.805	-1.0275	-0.0815	-0.450425	NAN	
7.27	-1.815	-1.0275	-0.093	-0.4512975	NAN	
7.28	-1.82	-1.0275	-0.079	-0.4521575	NAN	
7.29	-1.83	-1.0275	-0.089	-0.4529975	NAN	
7.3	-1.84	-1.0275	-0.077	-0.4538275	NAN	
7.31	-1.845	-1.0275	-0.0825	-0.454625	NAN	
7.32	-1.855	-1.0275	-0.0795	-0.455435	NAN	
7.33	-1.86	-1.0275	-0.076	-0.4562125	NAN	
7.34	-1.87	-1.0275	-0.077	-0.4569775	NAN	
7.35	-1.88	-1.0275	-0.009	-0.4574075	NAN	
7.36	-1.885	-1.0275	-0.001	-0.4574575	NAN	
7.37	-1.895	-1.0275	-0.001	-0.4574675	NAN	
7.38	-1.9	-1.0275	-0.003	-0.4574875	NAN	
7.39	-1.91	-1.0275	-0.0065	-0.457535	NAN	
7.4	-1.92	-1.0275	0.011	-0.4575125	NAN	
7.41	-1.925	-1.0275	0.01	-0.4574075	NAN	
7.42	-1.935	-1.0275	0.0095	-0.45731	NAN	
7.43	-1.94	-1.0275	-0.016	-0.4573425	NAN	
7.44	-1.95	-1.0275	-0.0185	-0.457515	NAN	
7.45	-1.96	-1.0275	0.0025	-0.457595	NAN	
7.46	-1.965	-1.0275	0.0025	-0.45757	NAN	
7.47	-1.975	-1.0275	-0.01	-0.4576075	NAN	
7.48	-1.98	-1.0275	-0.0065	-0.45769	NAN	
7.49	-1.99	-1.0275	-0.0195	-0.45782	NAN	
7.5	-2	-1.0275	0.0225	-0.457805	NAN	
7.51	-1.995	-1.0275	-0.0065	-0.457725	NAN	
7.52	-1.985	-1.0275	0.022	-0.4576475	NAN	
7.53	-1.98	-1.0275	-0.0095	-0.457585	NAN	
7.54	-1.97	-1.0275	-0.02	-0.4577325	NAN	
7.55	-1.96	-1.0275	0.0205	-0.45773	NAN	
7.56	-1.955	-1.0275	0.001	-0.4576225	NAN	
7.57	-1.945	-1.0275	0.012	-0.4575575	NAN	
7.58	-1.94	-1.0275	0.006	-0.4574675	NAN	
7.59	-1.93	-1.0275	-0.0015	-0.457445	NAN	
7.6	-1.92	-1.0275	0.006	-0.4574225	NAN	
7.61	-1.915	-1.0275	-0.012	-0.4574525	NAN	
7.62	-1.905	-1.0275	0.006	-0.4574825	NAN	
7.63	-1.9	-1.0275	0.001	-0.4574475	NAN	
7.64	-1.89	-1.0275	0.007	-0.4574075	NAN	
7.65	-1.88	-1.0275	-0.007	-0.4574075	NAN	
7.66	-1.875	-1.0275	-0.0005	-0.457445	NAN	
7.67	-1.865	-1.0275	0.0055	-0.45742	NAN	
7.68	-1.86	-1.0275	0.0025	-0.45738	NAN	
7.69	-1.85	-1.0275	-0.0035	-0.457385	NAN	
7.7	-1.84	-1.0275	0.001	-0.4573975	NAN	
7.71	-1.835	-1.0275	-0.004	-0.4574125	NAN	
7.72	-1.825	-1.0275	0.0035	-0.457415	NAN	
7.73	-1.82	-1.0275	-0.0065	-0.45743	NAN	
7.74	-1.81	-1.0275	-0.004	-0.4574825	NAN	
7.75	-1.8	-1.0275	-0.004	-0.4575225	NAN	
7.76	-1.795	-1.0275	0.004	-0.4575225	NAN	
7.77	-1.785	-1.0275	0.0045	-0.45748	NAN	
7.78	-1.78	-1.0275	0.006	-0.4574275	NAN	
7.79	-1.77	-1.0275	0.0095	-0.45735	NAN	
7.8	-1.76	-1.0275	0.0125	-0.45724	NAN	
7.81	-1.755	-1.0275	0.0095	-0.45713	NAN	
7.82	-1.745	-1.0275	0.0195	-0.456985	NAN	
7.83	-1.74	-1.0275	0.0095	-0.45684	NAN	
7.84	-1.73	-1.0275	0.0185	-0.4567	NAN	
7.85	-1.72	-1.0275	0.0145	-0.456535	NAN	
7.86	-1.715	-1.0275	0.017	-0.4563775	NAN	
7.87	-1.705	-1.0275	0.0185	-0.4562	NAN	
7.88	-1.7	-1.0275	0.02	-0.4560075	NAN	
7.89	-1.69	-1.0275	0.0145	-0.455835	NAN	
7.9	-1.68	-1.0275	0.0235	-0.455645	NAN	
7.91	-1.675	-1.0275	0.0125	-0.455465	NAN	
7.92	-1.665	-1.0275	0.0245	-0.45528	NAN	
7.93	-1.66	-1.0275	0.017	-0.4550725	NAN	
7.94	-1.65	-1.0275	0.023	-0.4548725	NAN	
7.95	-1.64	-1.0275	0.0185	-0.454665	NAN	
7.96	-1.635	-1.0275	0.0255	-0.454445	NAN	
7.97	-1.625	-1.0275	0.018	-0.4542275	NAN	
7.98	-1.62	-1.0235	0.0275	-0.454	NAN	
7.99	-1.61	-1.018	0.017	-0.4537775	NAN	
8	-1.6	-1.0135	0.026	-0.4535625	NAN	
8.01	-1.595	-1.0085	0.02	-0.4533325	NAN	
8.02	-1.585	-1.0045	0.0265	-0.4531	NAN	
8.03	-1.58	-0.9995	0.0205	-0.452865	NAN	
8.04	-1.57	-0.995	0.027	-0.4526275	NAN	
8.05	-1.56	-0.99	0.018	-0.4524025	NAN	
8.06	-1.555	-0.9855	0.03	-0.4521625	NAN	
8.07	-1.545	-0.98	0.0205	-0.45191	NAN	
8.08	-1.54	-0.9755	0.0285	-0.451665	NAN	
8.09	-1.53	-0.9705	0.024	-0.4514025	NAN	
8.1	-1.52	-0.965	0.025	-0.4511575	NAN	
8.11	-1.515	-0.9605	0.0255	-0.450905	NAN	
8.12	-1.505	-0.956	0.0295	-0.45063	NAN	
8.13	-1.5	-0.9505	0.0235	-0.450365	NAN	
8.14	-1.49	-0.9455	0.032	-0.4500875	NAN	
8.15	-1.48	-0.941	0.02	-0.4498275	NAN	
8.16	-1.475	-0.9365	0.0305	-0.449575	NAN	
8.17	-1.465	-0.9315	0.0265	-0.44929	NAN	
8.18	-1.46	-0.927	0.0265	-0.449025	NAN	
8.19	-1.45	-0.922	0.0285	-0.44875	NAN	
8.2	-1.44	-0.917	0.027	-0.4484725	NAN	
8.21	-1.435	-0.9125	0.027	-0.4482025	NAN	
8.22	-1.425	-0.908	0.0335	-0.4479	NAN	
8.23	-1.42	-0.9025	0.0195	-0.447635	NAN	
8.24	-1.41	-0.8975	0.035	-0.4473625	NAN	
8.25	-1.4	-0.893	0.022	-0.4470775	NAN	
8.26	-1.395	-0.888	0.031	-0.4468125	NAN	
8.27	-1.385	-0.8835	0.031	-0.4465025	NAN	
8.28	-1.38	-0.8785	0.032	-0.4461875	NAN	
8.29	-1.37	-0.8735	0.025	-0.4459025	NAN	
8.3	-1.36	-0.869	0.041	-0.4455725	NAN	
8.31	-1.355	-0.864	0.016	-0.4452875	NAN	
8.32	-1.345	-0.8595	0.055	-0.4449325	NAN	
8.33	-1.34	-0.854	-0.002	-0.4446675	NAN	
8.34	-1.33	-0.8495	0.0325	-0.444515	NAN	
8.35	-1.32	-0.845	0.033	-0.4441875	NAN	
8.36	-1.315	-0.84	0.034	-0.4438525	NAN	
8.37	-1.305	-0.835	0.031	-0.4435275	NAN	
8.38	-1.3	-0.8305	0.0355	-0.443195	NAN	
8.39	-1.29	-0.8255	0.0295	-0.44287	NAN	
8.4	-1.28	-0.821	0.039	-0.4425275	NAN	
8.41	-1.275	-0.8165	0.0265	-0.4422	NAN	
8.42	-1.265	-0.8115	0.036	-0.4418875	NAN	
8.43	-1.26	-0.807	0.033	-0.4415425	NAN	
8.44	-1.25	-0.802	0.0365	-0.441195	NAN	
8.45	-1.24	-0.7975	0.034	-0.4408425	NAN	
8.46	-1.235	-0.7935	0.037	-0.4404875	NAN	
8.47	-1.225	-0.7885	0.0345	-0.44013	NAN	
8.48	-1.22	-0.784	0.0405	-0.439755	NAN	
8.49	-1.21	-0.779	0.0325	-0.43939	NAN	
8.5	-1.2	-0.7745	0.039	-0.4390325	NAN	
8.51	-1.195	-0.77	0.0355	-0.43866	NAN	
8.52	-1.185	-0.7655	0.043	-0.4382675	NAN	
8.53	-1.18	-0.7605	0.037	-0.4378675	NAN	
8.54	-1.17	-0.7555	0.051	-0.4374275	NAN	
8.55	-1.16	-0.7515	0.018	-0.4370825	NAN	
8.56	-1.155	-0.747	0.041	-0.4367875	NAN	
8.57	-1.145	-0.742	0.032	-0.4364225	NAN	
8.58	-1.14	-0.737	0.042	-0.4360525	NAN	
8.59	-1.13	-0.733	0.025	-0.4357175	NAN	
8.6	-1.12	-0.7285	0.0415	-0.435385	NAN	
8.61	-1.115	-0.7235	0.042	-0.4349675	NAN	
8.62	-1.105	-0.7195	0.044	-0.4345375	NAN	
8.63	-1.1	-0.7145	0.0395	-0.43412	NAN	
8.64	-1.09	-0.71	0.049	-0.4336775	NAN	
8.65	-1.08	-0.7055	0.0355	-0.433255	NAN	
8.66	-1.075	-0.701	0.05	-0.4328275	NAN	
8.67	-1.065	-0.696	0.0415	-0.43237	NAN	
8.68	-1.06	-0.6915	0.0455	-0.431935	NAN	
8.69	-1.05	-0.687	0.0435	-0.43149	NAN	
8.7	-1.04	-0.6825	0.046	-0.4310425	NAN	
8.71	-1.035	-0.678	0.043	-0.4305975	NAN	
8.72	-1.025	-0.6735	0.053	-0.4301175	NAN	
8.73	-1.02	-0.6685	0.042	-0.4296425	NAN	
8.74	-1.01	-0.6645	0.056	-0.4291525	NAN	
8.75	-1	-0.6595	0.041	-0.4286675	NAN	
8.76	-0.995	-0.655	0.0525	-0.4282	NAN	
8.77	-0.985	-0.65	0.0495	-0.42769	NAN	
8.78	-0.98	-0.6455	0.0475	-0.427205	NAN	
8.79	-0.97	-0.641	0.052	-0.4267075	NAN	
8.8	-0.96	-0.637	0.05	-0.4261975	NAN	
8.81	-0.955	-0.632	0.048	-0.4257075	NAN	
8.82	-0.945	-0.6275	0.0575	-0.42518	NAN	
8.83	-0.94	-0.623	0.0415	-0.424685	NAN	
8.84	-0.93	-0.619	0.0575	-0.42419	NAN	
8.85	-0.92	-0.6145	0.053	-0.4236375	NAN	
8.86	-0.915	-0.6095	0.058	-0.4230825	NAN	
8.87	-0.905	-0.605	0.0615	-0.422485	NAN	
8.88	-0.9	-0.6005	0.0565	-0.421895	NAN	
8.89	-0.89	-0.596	0.0505	-0.42136	NAN	
8.9	-0.88	-0.592	0.0645	-0.420785	NAN	
8.91	-0.875	-0.587	0.051	-0.4202075	NAN	
8.92	-0.865	-0.5825	0.0645	-0.41963	NAN	
8.93	-0.86	-0.578	0.0515	-0.41905	NAN	
8.94	-0.85	-0.5735	0.067	-0.4184575	NAN	
8.95	-0.84	-0.569	0.059	-0.4178275	NAN	
8.96	-0.835	-0.564	0.0655	-0.417205	NAN	
8.97	-0.825	-0.5595	0.0645	-0.416555	NAN	
8.98	-0.82	-0.5555	0.059	-0.4159375	NAN	
8.99	-0.81	-0.5505	0.0635	-0.415325	NAN	
9	-0.8	-0.5465	0.07	-0.4146575	NAN	
9.01	-0.795	-0.542	0.057	-0.4140225	NAN	
9.02	-0.785	-0.5375	0.0715	-0.41338	NAN	
9.03	-0.78	-0.533	0.063	-0.4127075	NAN	
9.04	-0.77	-0.5285	0.07	-0.4120425	NAN	
9.05	-0.76	-0.524	0.068	-0.4113525	NAN	
9.06	-0.755	-0.5195	0.0715	-0.410655	NAN	
9.07	-0.745	-0.515	0.07	-0.4099475	NAN	
9.08	-0.74	-0.511	0.0745	-0.409225	NAN	
9.09	-0.73	-0.506	0.0675	-0.408515	NAN	
9.1	-0.72	-0.502	0.0755	-0.4078	NAN	
9.11	-0.715	-0.4975	0.07	-0.4070725	NAN	
9.12	-0.705	-0.493	0.078	-0.4063325	NAN	
9.13	-0.7	-0.4885	0.0735	-0.405575	NAN	
9.14	-0.69	-0.484	0.0785	-0.404815	NAN	
9.15	-0.68	-0.4795	0.0755	-0.404045	NAN	
9.16	-0.675	-0.475	0.083	-0.4032525	NAN	
9.17	-0.665	-0.471	0.066	-0.4025075	NAN	
9.18	-0.66	-0.4665	0.0825	-0.401765	NAN	
9.19	-0.65	-0.462	0.077	-0.4009675	NAN	
9.2	-0.64	-0.458	0.083	-0.4001675	NAN	
9.21	-0.635	-0.4535	0.0745	-0.39938	NAN	
9.22	-0.625	-0.4495	0.082	-0.3985975	NAN	
9.23	-0.62	-0.4445	0.0805	-0.397785	NAN	
9.24	-0.61	-0.4405	0.095	-0.3969075	NAN	
9.25	-0.6	-0.4365	0.0835	-0.396015	NAN	
9.26	-0.595	-0.432	0.093	-0.3951325	NAN	
9.27	-0.585	-0.4275	0.0845	-0.394245	NAN	
9.28	-0.58	-0.4235	0.094	-0.3933525	NAN	
9.29	-0.57	-0.419	0.086	-0.3924525	NAN	
9.3	-0.56	-0.415	0.095	-0.3915475	NAN	
9.31	-0.555	-0.4105	0.094	-0.3906025	NAN	
9.32	-0.545	-0.406	0.098	-0.3896425	NAN	
9.33	-0.54	-0.402	0.092	-0.3886925	NAN	
9.34	-0.53	-0.3975	0.0995	-0.387735	NAN	
9.35	-0.52	-0.393	0.0925	-0.386775	NAN	
9.36	-0.515	-0.389	0.103	-0.3857975	NAN	
9.37	-0.505	-0.3845	0.0945	-0.38481	NAN	
9.38	-0.5	-0.3805	0.1065	-0.383805	NAN	
9.39	-0.49	-0.376	0.097	-0.3827875	NAN	
9.4	-0.48	-0.3715	0.104	-0.3817825	NAN	
9.41	-0.475	-0.3675	0.102	-0.3807525	NAN	
9.42	-0.465	-0.3635	0.1075	-0.379705	NAN	
9.43	-0.46	-0.359	0.104	-0.3786475	NAN	
9.44	-0.45	-0.355	0.1075	-0.37759	NAN	
9.45	-0.44	-0.3505	0.1035	-0.376535	NAN	
9.46	-0.435	-0.3465	0.1135	-0.37545	NAN	
9.47	-0.425	-0.342	0.107	-0.3743475	NAN	
9.48	-0.42	-0.338	0.116	-0.3732325	NAN	
9.49	-0.41	-0.3335	0.1085	-0.37211	NAN	
9.5	-0.4	-0.3295	0.1165	-0.370985	NAN	
9.51	-0.395	-0.325	0.113	-0.3698375	NAN	
9.52	-0.385	-0.321	0.1195	-0.368675	NAN	
9.53	-0.38	-0.317	0.116	-0.3674975	NAN	
9.54	-0.37	-0.3125	0.1235	-0.3663	NAN	
9.55	-0.36	-0.3085	0.116	-0.3651025	NAN	
9.56	-0.355	-0.304	0.127	-0.3638875	NAN	
9.57	-0.345	-0.3	0.12	-0.3626525	NAN	
9.58	-0.34	-0.296	0.13	-0.3614025	NAN	
9.59	-0.33	-0.2915	0.12	-0.3601525	NAN	
9.6	-0.32	-0.2875	0.1315	-0.358895	NAN	
9.61	-0.315	-0.283	0.122	-0.3576275	NAN	
9.62	-0.305	-0.279	0.1335	-0.35635	NAN	
9.63	-0.3	-0.275	0.127	-0.3550475	NAN	
9.64	-0.29	-0.271	0.1335	-0.353745	NAN	
9.65	-0.28	-0.267	0.128	-0.3524375	NAN	
9.66	-0.275	-0.263	0.1385	-0.351105	NAN	
9.67	-0.265	-0.2585	0.1325	-0.34975	NAN	
9.68	-0.26	-0.254	0.143	-0.3483725	NAN	
9.69	-0.25	-0.25	0.1345	-0.346985	NAN	
9.7	-0.24	-0.246	0.144	-0.3455925	NAN	
9.71	-0.235	-0.242	0.139	-0.3441775	NAN	
9.72	-0.225	-0.2375	0.1465	-0.34275	NAN	
9.73	-0.22	-0.2335	0.144	-0.3412975	NAN	
9.74	-0.21	-0.229	0.147	-0.3398425	NAN	
9.75	-0.2	-0.225	0.1435	-0.33839	NAN	
9.76	-0.195	-0.2215	0.151	-0.3369175	NAN	
9.77	-0.185	-0.217	0.1475	-0.335425	NAN	
9.78	-0.18	-0.213	0.155	-0.3339125	NAN	
9.79	-0.17	-0.209	0.1505	-0.332385	NAN	
9.8	-0.16	-0.2045	0.1575	-0.330845	NAN	
9.81	-0.155	-0.2005	0.1525	-0.329295	NAN	
9.82	-0.145	-0.1965	0.163	-0.3277175	NAN	
9.83	-0.14	-0.192	0.155	-0.3261275	NAN	
9.84	-0.13	-0.1885	0.162	-0.3245425	NAN	
9.85	-0.12	-0.184	0.158	-0.3229425	NAN	
9.86	-0.115	-0.18	0.165	-0.3213275	NAN	
9.87	-0.105	-0.176	0.1605	-0.3197	NAN	
9.88	-0.1	-0.172	0.172	-0.3180375	NAN	
9.89	-0.09	-0.1675	0.162	-0.3163675	NAN	
9.9	-0.08	-0.1635	0.1725	-0.314695	NAN	
9.91	-0.075	-0.1595	0.1665	-0.313	NAN	
9.92	-0.065	-0.1555	0.1785	-0.311275	NAN	
9.93	-0.06	-0.151	0.173	-0.3095175	NAN	
9.94	-0.05	-0.147	0.1805	-0.30775	NAN	
9.95	-0.04	-0.143	0.1705	-0.305995	NAN	
9.96	-0.035	-0.139	0.178	-0.3042525	NAN	
9.97	-0.025	-0.1345	0.178	-0.3024725	NAN	
9.98	-0.02	-0.1305	0.184	-0.3006625	NAN	
9.99	-0.01	-0.1265	0.1805	-0.29884	NAN	
10	0	-0.1225	0.19	-0.2969875	NAN	
10.01	0.005	-0.1185	0.178	-0.2951475	NAN	
10.02	0.015	-0.1145	0.1975	-0.29327	NAN	
10.03	0.02	-0.1105	0.1875	-0.291345	NAN	
10.04	0.03	-0.1065	0.1855	-0.28948	NAN	
10.05	0.04	-0.1025	0.1795	-0.287655	NAN	
10.06	0.045	-0.0985	0.193	-0.2857925	NAN	
10.07	0.055	-0.0945	0.1955	-0.28385	NAN	
10.08	0.06	-0.0905	0.195	-0.2818975	NAN	
10.09	0.07	-0.0865	0.196	-0.2799425	NAN	
10.1	0.08	-0.0825	0.199	-0.2779675	NAN	
10.11	0.085	-0.0785	0.1985	-0.27598	NAN	
10.12	0.095	-0.0745	0.2225	-0.273875	NAN	
10.13	0.1	-0.0705	0.2025	-0.27175	NAN	
10.14	0.11	-0.067	0.2135	-0.26967	NAN	
10.15	0.12	-0.063	0.2105	-0.26755	NAN	
10.16	0.125	-0.0585	0.215	-0.2654225	NAN	
10.17	0.135	-0.0545	0.2065	-0.263315	NAN	
10.18	0.14	-0.051	0.2	-0.2612825	NAN	
10.19	0.15	-0.047	0.2095	-0.259235	NAN	
10.2	0.16	-0.0435	0.219	-0.2570925	NAN	
10.21	0.165	-0.0395	0.246	-0.2547675	NAN	
10.22	0.175	-0.035	0.234	-0.2523675	NAN	
10.23	0.18	-0.032	0.215	-0.2501225	NAN	
10.24	0.19	-0.028	0.237	-0.2478625	NAN	
10.25	0.2	-0.024	0.22	-0.2455775	NAN	
10.26	0.205	-0.0205	0.235	-0.2433025	NAN	
10.27	0.215	-0.0165	0.2255	-0.241	NAN	
10.28	0.22	-0.013	0.2395	-0.238675	NAN	
10.29	0.23	-0.0095	0.2295	-0.23633	NAN	
10.3	0.24	-0.006	0.2415	-0.233975	NAN	
10.31	0.245	-0.002	0.235	-0.2315925	NAN	
10.32	0.255	0.001	0.2525	-0.229155	NAN	
10.33	0.26	0.004	0.2365	-0.22671	NAN	
10.34	0.27	0.008	0.251	-0.2242725	NAN	
10.35	0.28	0.0115	0.247	-0.2217825	NAN	
10.36	0.285	0.0145	0.2565	-0.219265	NAN	
10.37	0.295	0.018	0.254	-0.2167125	NAN	
10.38	0.3	0.0205	0.263	-0.2141275	NAN	
10.39	0.31	0.0225	0.2615	-0.211505	NAN	
10.4	0.32	0.0275	0.27	-0.2088475	NAN	
10.41	0.325	0.0305	0.2645	-0.206175	NAN	
10.42	0.335	0.0335	0.28	-0.2034525	NAN	
10.43	0.34	0.036	0.2695	-0.200705	NAN	
10.44	0.35	0.039	0.285	-0.1979325	NAN	
10.45	0.36	0.042	0.277	-0.1951225	NAN	
10.46	0.365	0.0445	0.29	-0.1922875	NAN	
10.47	0.375	0.047	0.29	-0.1893875	NAN	
10.48	0.38	0.0495	0.296	-0.1864575	NAN	
10.49	0.39	0.052	0.2985	-0.183485	NAN	
10.5	0.4	0.0545	0.304	-0.1804725	NAN	
10.51	0.405	0.057	0.308	-0.1774125	NAN	
10.52	0.415	0.0595	0.3155	-0.174295	NAN	
10.53	0.42	0.062	0.312	-0.1711575	NAN	
10.54	0.43	0.064	0.326	-0.1679675	NAN	
10.55	0.44	0.0665	0.3175	-0.16475	NAN	
10.56	0.445	0.0675	0.3355	-0.161485	NAN	
10.57	0.455	0.0705	0.3305	-0.158155	NAN	
10.58	0.46	0.073	0.344	-0.1547825	NAN	
10.59	0.47	0.075	0.335	-0.1513875	NAN	
10.6	0.48	0.077	0.3525	-0.14795	NAN	
10.61	0.485	0.0795	0.3465	-0.144455	NAN	
10.62	0.495	0.081	0.3665	-0.14089	NAN	
10.63	0.5	0.0835	0.354	-0.1372875	NAN	
10.64	0.51	0.0855	0.3725	-0.133655	NAN	
10.65	0.52	0.0875	0.366	-0.1299625	NAN	
10.66	0.525	0.0895	0.381	-0.1262275	NAN	
10.67	0.535	0.0915	0.3795	-0.122425	NAN	
10.68	0.54	0.0935	0.388	-0.1185875	NAN	
10.69	0.55	0.0955	0.3875	-0.11471	NAN	
10.7	0.56	0.0975	0.3945	-0.1108	NAN	
10.71	0.565	0.0995	0.398	-0.1068375	NAN	
10.72	0.575	0.1015	0.406	-0.1028175	NAN	
10.73	0.58	0.1035	0.407	-0.0987525	NAN	
10.74	0.59	0.1055	0.414	-0.0946475	NAN	
10.75	0.6	0.108	0.415	-0.0905025	NAN	
10.76	0.605	0.11	0.424	-0.0863075	NAN	
10.77	0.615	0.112	0.427	-0.0820525	NAN	
10.78	0.62	0.114	0.433	-0.0777525	NAN	
10.79	0.63	0.1165	0.4335	-0.07342	NAN	
10.8	0.64	0.1185	0.441	-0.0690475	NAN	
10.81	0.645	0.121	0.4395	-0.064645	NAN	
10.82	0.655	0.123	0.453	-0.0601825	NAN	
10.83	0.66	0.125	0.448	-0.0556775	NAN	
10.84	0.67	0.1275	0.4625	-0.051125	NAN	
10.85	0.68	0.1295	0.454	-0.0465425	NAN	
10.86	0.685	0.132	0.472	-0.0419125	NAN	
10.87	0.695	0.1345	0.4675	-0.037215	NAN	
10.88	0.7	0.1365	0.4805	-0.032475	NAN	
10.89	0.71	0.139	0.474	-0.0277025	NAN	
10.9	0.72	0.1415	0.4875	-0.022895	NAN	
10.91	0.725	0.1435	0.4815	-0.01805	NAN	
10.92	0.735	0.1465	0.501	-0.0131375	NAN	
10.93	0.74	0.1485	0.489	-0.0081875	NAN	
10.94	0.75	0.1515	0.5075	-0.003205	NAN	
10.95	0.76	0.1535	0.4955	0.00181	NAN	
10.96	0.765	0.1565	0.514	0.0068575	NAN	
10.97	0.775	0.159	0.508	0.0119675	NAN	
10.98	0.78	0.1615	0.521	0.0171125	NAN	
10.99	0.79	0.164	0.5145	0.02229	NAN	
11	0.8	0.167	0.5275	0.0275	NAN	
11.01	0.805	0.17	0.52	0.0327375	NAN	
11.02	0.815	0.1725	0.539	0.0380325	NAN	
11.03	0.82	0.1755	0.5265	0.04336	NAN	
11.04	0.83	0.1785	0.544	0.0487125	NAN	
11.05	0.84	0.182	0.532	0.0540925	NAN	
11.06	0.845	0.185	0.549	0.0594975	NAN	
11.07	0.855	0.188	0.543	0.0649575	NAN	
11.08	0.86	0.191	0.5545	0.070445	NAN	
11.09	0.87	0.1945	0.5465	0.07595	NAN	
11.1	0.88	0.198	0.5575	0.08147	NAN	
11.11	0.885	0.201	0.551	0.0870125	NAN	
11.12	0.895	0.205	0.5665	0.0926	NAN	
11.13	0.9	0.2085	0.554	0.0982025	NAN	
11.14	0.91	0.212	0.568	0.1038125	NAN	
11.15	0.92	0.216	0.558	0.1094425	NAN	
11.16	0.925	0.2195	0.5715	0.11509	NAN	
11.17	0.935	0.224	0.5655	0.120775	NAN	
11.18	0.94	0.228	0.574	0.1264725	NAN	
11.19	0.95	0.232	0.567	0.1321775	NAN	
11.2	0.96	0.2365	0.5755	0.13789	NAN	
11.21	0.965	0.241	0.566	0.1435975	NAN	
11.22	0.975	0.2455	0.58	0.1493275	NAN	
11.23	0.98	0.25	0.5645	0.15505	NAN	
11.24	0.99	0.255	0.5795	0.16077	NAN	
11.25	1	0.26	0.5625	0.16648	NAN	
11.26	1.005	0.2655	0.5775	0.17218	NAN	
11.27	1.015	0.2705	0.5645	0.17789	NAN	
11.28	1.02	0.2765	0.5745	0.183585	NAN	
11.29	1.03	0.2825	0.5595	0.189255	NAN	
11.3	1.04	0.289	0.567	0.1948875	NAN	
11.31	1.045	0.2955	0.5515	0.20048	NAN	
11.32	1.055	0.3025	0.5645	0.20606	NAN	
11.33	1.06	0.3095	0.5425	0.211595	NAN	
11.34	1.07	0.3175	0.553	0.2170725	NAN	
11.35	1.08	0.3255	0.532	0.2224975	NAN	
11.36	1.085	0.334	0.54	0.2278575	NAN	
11.37	1.095	0.3425	0.523	0.2331725	NAN	
11.38	1.1	0.3515	0.5265	0.23842	NAN	
11.39	1.11	0.3605	0.509	0.2435975	NAN	
11.4	1.12	0.3695	0.511	0.2486975	NAN	
11.41	1.125	0.3785	0.494	0.2537225	NAN	
11.42	1.135	0.3885	0.5	0.2586925	NAN	
11.43	1.14	0.398	0.48	0.2635925	NAN	
11.44	1.15	0.4075	0.483	0.2684075	NAN	
11.45	1.16	0.4175	0.463	0.2731375	NAN	
11.46	1.165	0.427	0.4665	0.277785	NAN	
11.47	1.175	0.4365	0.4525	0.28238	NAN	
11.48	1.18	0.4465	0.45	0.2868925	NAN	
11.49	1.19	0.456	0.435	0.2913175	NAN	
11.5	1.2	0.466	0.4315	0.29565	NAN	
11.51	1.205	0.4755	0.4195	0.299905	NAN	
11.52	1.215	0.4855	0.4205	0.304105	NAN	
11.53	1.22	0.495	0.405	0.3082325	NAN	
11.54	1.23	0.5045	0.4015	0.312265	NAN	
11.55	1.24	0.5145	0.3895	0.31622	NAN	
11.56	1.245	0.524	0.3855	0.320095	NAN	
11.57	1.255	0.5335	0.3785	0.323915	NAN	
11.58	1.26	0.543	0.37	0.3276575	NAN	
11.59	1.27	0.553	0.361	0.3313125	NAN	
11.6	1.28	0.562	0.3555	0.334895	NAN	
11.61	1.285	0.572	0.343	0.3383875	NAN	
11.62	1.295	0.581	0.3445	0.341825	NAN	
11.63	1.3	0.5905	0.3265	0.34518	NAN	
11.64	1.31	0.5995	0.332	0.3484725	NAN	
11.65	1.32	0.609	0.3095	0.35168	NAN	
11.66	1.325	0.6185	0.318	0.3548175	NAN	
11.67	1.335	0.6275	0.3	0.3579075	NAN	
11.68	1.34	0.637	0.3035	0.360925	NAN	
11.69	1.35	0.646	0.285	0.3638675	NAN	
11.7	1.36	0.6555	0.2875	0.36673	NAN	
11.71	1.365	0.6645	0.2735	0.369535	NAN	
11.72	1.375	0.6735	0.2765	0.372285	NAN	
11.73	1.38	0.6825	0.2615	0.374975	NAN	
11.74	1.39	0.6915	0.2615	0.37759	NAN	
11.75	1.4	0.7	0.2475	0.380135	NAN	
11.76	1.405	0.709	0.249	0.3826175	NAN	
11.77	1.415	0.7175	0.238	0.3850525	NAN	
11.78	1.42	0.7265	0.2385	0.387435	NAN	
11.79	1.43	0.735	0.223	0.3897425	NAN	
11.8	1.44	0.7435	0.2265	0.39199	NAN	
11.81	1.445	0.752	0.211	0.3941775	NAN	
11.82	1.455	0.7605	0.219	0.3963275	NAN	
11.83	1.46	0.769	0.2005	0.398425	NAN	
11.84	1.47	0.7775	0.204	0.4004475	NAN	
11.85	1.48	0.7855	0.191	0.4024225	NAN	
11.86	1.485	0.794	0.191	0.4043325	NAN	
11.87	1.495	0.802	0.1885	0.40623	NAN	
11.88	1.5	0.8095	0.1805	0.408075	NAN	
11.89	1.51	0.8175	0.173	0.4098425	NAN	
11.9	1.52	0.8255	0.1735	0.411575	NAN	
11.91	1.525	0.8335	0.1605	0.413245	NAN	
11.92	1.535	0.841	0.1715	0.414905	NAN	
11.93	1.54	0.8485	0.151	0.4165175	NAN	
11.94	1.55	0.856	0.1605	0.418075	NAN	
11.95	1.56	0.864	0.1455	0.419605	NAN	
11.96	1.565	0.871	0.1495	0.42108	NAN	
11.97	1.575	0.8785	0.143	0.4225425	NAN	
11.98	1.58	0.8855	0.141	0.4239625	NAN	
11.99	1.59	0.893	0.1335	0.425335	NAN	
12	1.6	0.9	0.136	0.4266825	NAN	
12.01	1.605	0.907	0.1205	0.427965	NAN	
12.02	1.615	0.9135	0.134	0.4292375	NAN	
12.03	1.62	0.9205	0.1145	0.43048	NAN	
12.04	1.63	0.926	0.1235	0.43167	NAN	
12.05	1.64	0.934	0.1105	0.43284	NAN	
12.06	1.645	0.9405	0.115	0.4339675	NAN	
12.07	1.655	0.947	0.1095	0.43509	NAN	
12.08	1.66	0.9535	0.11	0.4361875	NAN	
12.09	1.67	0.9595	0.1005	0.43724	NAN	
12.1	1.68	0.9645	0.107	0.4382775	NAN	
12.11	1.685	0.972	0.0945	0.439285	NAN	
12.12	1.695	0.978	0.106	0.4402875	NAN	
12.13	1.7	0.9845	0.091	0.4412725	NAN	
12.14	1.71	0.9905	0.0985	0.44222	NAN	
12.15	1.72	0.996	0.0895	0.44316	NAN	
12.16	1.725	1.002	0.092	0.4440675	NAN	
12.17	1.735	1.008	0.088	0.4449675	NAN	
12.18	1.74	1.0135	0.09	0.4458575	NAN	
12.19	1.75	1.0195	0.081	0.4467125	NAN	
12.2	1.76	1.02	0.088	0.4475575	NAN	
12.21	1.765	1.02	0.077	0.4483825	NAN	
12.22	1.775	1.02	0.086	0.4491975	NAN	
12.23	1.78	1.02	0.076	0.4500075	NAN	
12.24	1.79	1.02	0.0785	0.45078	NAN	
12.25	1.8	1.02	0.0735	0.45154	NAN	
12.26	1.805	1.02	0.0775	0.452295	NAN	
12.27	1.815	1.02	0.0715	0.45304	NAN	
12.28	1.82	1.02	0.0795	0.453795	NAN	
12.29	1.83	1.02	0.0655	0.45452	NAN	
12.3	1.84	1.02	0.074	0.4552175	NAN	
12.31	1.845	1.02	0.067	0.4559225	NAN	
12.32	1.855	1.02	0.073	0.4566225	NAN	
12.33	1.86	1.02	0.065	0.4573125	NAN	
12.34	1.87	1.02	0.072	0.4579975	NAN	
12.35	1.88	1.02	0.0605	0.45866	NAN	
12.36	1.885	1.02	0.0725	0.459325	NAN	
12.37	1.895	1.02	0.06	0.4599875	NAN	
12.38	1.9	1.02	0.069	0.4606325	NAN	
12.39	1.91	1.02	0.0605	0.46128	NAN	
12.4	1.92	1.02	0.062	0.4618925	NAN	
12.41	1.925	1.02	0.0015	0.46221	NAN	
12.42	1.935	1.02	-0.0105	0.462165	NAN	
12.43	1.94	1.02	-0.0085	0.46207	NAN	
12.44	1.95	1.02	-0.0085	0.461985	NAN	
12.45	1.96	1.02	-0.0125	0.46188	NAN	
12.46	1.965	1.02	-0.001	0.4618125	NAN	
12.47	1.975	1.02	-0.0095	0.46176	NAN	
12.48	1.98	1.02	-0.0075	0.461675	NAN	
12.49	1.99	1.02	-0.006	0.4616075	NAN	
12.5	2	1.02	-0.008	0.4615375	NAN	
