MIN=0	-10	-1	-1	-2	0	
MAX=12.5	10	1	1	2	50	
SCALE=5	5	0.5	0.5	1	10	
DEC=2	2	3	3	2	2	
DEF="Time" t / s	"Voltage" U_1 / V	"Current" I_1 / A	"Voltage" U_B2 / V	"Magnetic Flux" &F / Vs	"Frequency" f / Hz	
0	0	-0.0005	0.0005	0	NAN	
0.01	0.005	0	0.0065	3.5E-5	NAN	
0.02	0.015	0	0.011	0.0001225	NAN	
0.03	0.02	0.001	0.0165	0.00026	NAN	
0.04	0.03	0.0015	0.023	0.0004575	NAN	
0.05	0.04	0.0025	0.0295	0.00072	NAN	
0.06	0.045	0.0035	0.038	0.0010575	NAN	
0.07	0.055	0.004	0.051	0.0015025	NAN	
0.08	0.06	0.006	0.047	0.0019925	NAN	
0.09	0.07	0.007	0.056	0.0025075	NAN	
0.1	0.08	0.0085	0.056	0.0030675	NAN	
0.11	0.085	0.0105	0.069	0.0036925	NAN	
0.12	0.095	0.0125	0.0725	0.0044	NAN	
0.13	0.1	0.014	0.078	0.0051525	NAN	
0.14	0.11	0.0155	0.0815	0.00595	NAN	
0.15	0.12	0.0175	0.084	0.0067775	NAN	
0.16	0.125	0.02	0.0865	0.00763	NAN	
0.17	0.135	0.022	0.1	0.0085625	NAN	
0.18	0.14	0.0245	0.1	0.0095625	NAN	
0.19	0.15	0.0265	0.107	0.0105975	NAN	
0.2	0.16	0.0285	0.104	0.0116525	NAN	
0.21	0.165	0.0315	0.113	0.0127375	NAN	
0.22	0.175	0.0335	0.118	0.0138925	NAN	
0.23	0.18	0.0365	0.123	0.0150975	NAN	
0.24	0.19	0.039	0.126	0.0163425	NAN	
0.25	0.2	0.041	0.1285	0.017615	NAN	
0.26	0.205	0.044	0.128	0.0188975	NAN	
0.27	0.215	0.0455	0.139	0.0202325	NAN	
0.28	0.22	0.049	0.1405	0.02163	NAN	
0.29	0.23	0.051	0.152	0.0230925	NAN	
0.3	0.24	0.054	0.144	0.0245725	NAN	
0.31	0.245	0.0565	0.1525	0.026055	NAN	
0.32	0.255	0.0595	0.1555	0.027595	NAN	
0.33	0.26	0.062	0.163	0.0291875	NAN	
0.34	0.27	0.0645	0.1665	0.030835	NAN	
0.35	0.28	0.0675	0.1685	0.03251	NAN	
0.36	0.285	0.0695	0.169	0.0341975	NAN	
0.37	0.295	0.072	0.178	0.0359325	NAN	
0.38	0.3	0.075	0.1795	0.03772	NAN	
0.39	0.31	0.0775	0.1905	0.03957	NAN	
0.4	0.32	0.08	0.186	0.0414525	NAN	
0.41	0.325	0.0825	0.191	0.0433375	NAN	
0.42	0.335	0.085	0.195	0.0452675	NAN	
0.43	0.34	0.0875	0.203	0.0472575	NAN	
0.44	0.35	0.09	0.2045	0.049295	NAN	
0.45	0.36	0.093	0.206	0.0513475	NAN	
0.46	0.365	0.0955	0.2075	0.053415	NAN	
0.47	0.375	0.0975	0.2195	0.05555	NAN	
0.48	0.38	0.1005	0.216	0.0577275	NAN	
0.49	0.39	0.1035	0.2275	0.059945	NAN	
0.5	0.4	0.106	0.222	0.0621925	NAN	
0.51	0.405	0.109	0.2285	0.064445	NAN	
0.52	0.415	0.1115	0.2325	0.06675	NAN	
0.53	0.42	0.1145	0.241	0.0691175	NAN	
0.54	0.43	0.117	0.2405	0.071525	NAN	
0.55	0.44	0.1205	0.24	0.0739275	NAN	
0.56	0.445	0.123	0.2425	0.07634	NAN	
0.57	0.455	0.126	0.2565	0.078835	NAN	
0.58	0.46	0.1285	0.2525	0.08138	NAN	
0.59	0.47	0.131	0.26	0.0839425	NAN	
0.6	0.48	0.134	0.254	0.0865125	NAN	
0.61	0.485	0.1365	0.2685	0.089125	NAN	
0.62	0.495	0.139	0.27	0.0918175	NAN	
0.63	0.5	0.1415	0.2765	0.09455	NAN	
0.64	0.51	0.1435	0.2745	0.097305	NAN	
0.65	0.52	0.146	0.28	0.1000775	NAN	
0.66	0.525	0.1485	0.283	0.1028925	NAN	
0.67	0.535	0.1505	0.2955	0.105785	NAN	
0.68	0.54	0.153	0.2925	0.108725	NAN	
0.69	0.55	0.1555	0.2995	0.111685	NAN	
0.7	0.56	0.1575	0.297	0.1146675	NAN	
0.71	0.565	0.16	0.312	0.1177125	NAN	
0.72	0.575	0.1625	0.312	0.1208325	NAN	
0.73	0.58	0.165	0.315	0.1239675	NAN	
0.74	0.59	0.167	0.317	0.1271275	NAN	
0.75	0.6	0.1695	0.3255	0.13034	NAN	
0.76	0.605	0.172	0.3265	0.1336	NAN	
0.77	0.615	0.174	0.336	0.1369125	NAN	
0.78	0.62	0.177	0.33	0.1402425	NAN	
0.79	0.63	0.179	0.342	0.1436025	NAN	
0.8	0.64	0.1815	0.3405	0.147015	NAN	
0.81	0.645	0.1845	0.349	0.1504625	NAN	
0.82	0.655	0.187	0.347	0.1539425	NAN	
0.83	0.66	0.1895	0.353	0.1574425	NAN	
0.84	0.67	0.1925	0.3585	0.161	NAN	
0.85	0.68	0.195	0.3625	0.164605	NAN	
0.86	0.685	0.1975	0.3585	0.16821	NAN	
0.87	0.695	0.2005	0.3705	0.171855	NAN	
0.88	0.7	0.2035	0.37	0.1755575	NAN	
0.89	0.71	0.207	0.3785	0.1793	NAN	
0.9	0.72	0.21	0.369	0.1830375	NAN	
0.91	0.725	0.213	0.382	0.1867925	NAN	
0.92	0.735	0.2165	0.384	0.1906225	NAN	
0.93	0.74	0.22	0.3865	0.194475	NAN	
0.94	0.75	0.2235	0.384	0.1983275	NAN	
0.95	0.76	0.227	0.39	0.2021975	NAN	
0.96	0.765	0.2305	0.39	0.2060975	NAN	
0.97	0.775	0.2345	0.399	0.2100425	NAN	
0.98	0.78	0.2385	0.389	0.2139825	NAN	
0.99	0.79	0.2425	0.397	0.2179125	NAN	
1	0.8	0.247	0.392	0.2218575	NAN	
1.01	0.805	0.2515	0.4025	0.22583	NAN	
1.02	0.815	0.2555	0.397	0.2298275	NAN	
1.03	0.82	0.2605	0.3985	0.233805	NAN	
1.04	0.83	0.2655	0.398	0.2377875	NAN	
1.05	0.84	0.2705	0.4015	0.241785	NAN	
1.06	0.845	0.2755	0.3945	0.245765	NAN	
1.07	0.855	0.281	0.4005	0.24974	NAN	
1.08	0.86	0.2865	0.394	0.2537125	NAN	
1.09	0.87	0.292	0.4025	0.257695	NAN	
1.1	0.88	0.2975	0.3875	0.261645	NAN	
1.11	0.885	0.3035	0.395	0.2655575	NAN	
1.12	0.895	0.309	0.393	0.2694975	NAN	
1.13	0.9	0.315	0.3955	0.27344	NAN	
1.14	0.91	0.321	0.386	0.2773475	NAN	
1.15	0.92	0.327	0.387	0.2812125	NAN	
1.16	0.925	0.3335	0.3855	0.285075	NAN	
1.17	0.935	0.3395	0.391	0.2889575	NAN	
1.18	0.94	0.346	0.377	0.2927975	NAN	
1.19	0.95	0.3525	0.382	0.2965925	NAN	
1.2	0.96	0.359	0.3725	0.300365	NAN	
1.21	0.965	0.3655	0.377	0.3041125	NAN	
1.22	0.975	0.372	0.3675	0.307835	NAN	
1.23	0.98	0.379	0.3675	0.31151	NAN	
1.24	0.99	0.3855	0.3615	0.315155	NAN	
1.25	1	0.3925	0.365	0.3187875	NAN	
1.26	1.005	0.399	0.354	0.3223825	NAN	
1.27	1.015	0.406	0.359	0.3259475	NAN	
1.28	1.02	0.413	0.3475	0.32948	NAN	
1.29	1.03	0.4195	0.3555	0.332995	NAN	
1.3	1.04	0.427	0.341	0.3364775	NAN	
1.31	1.045	0.4335	0.343	0.3398975	NAN	
1.32	1.055	0.441	0.336	0.3432925	NAN	
1.33	1.06	0.4495	0.34	0.3466725	NAN	
1.34	1.07	0.4555	0.33	0.3500225	NAN	
1.35	1.08	0.4625	0.3255	0.3533	NAN	
1.36	1.085	0.4695	0.3175	0.356515	NAN	
1.37	1.095	0.477	0.326	0.3597325	NAN	
1.38	1.1	0.4845	0.3115	0.36292	NAN	
1.39	1.11	0.492	0.312	0.3660375	NAN	
1.4	1.12	0.4995	0.2995	0.369095	NAN	
1.41	1.125	0.5075	0.307	0.3721275	NAN	
1.42	1.135	0.515	0.298	0.3751525	NAN	
1.43	1.14	0.5225	0.2955	0.37812	NAN	
1.44	1.15	0.53	0.2845	0.38102	NAN	
1.45	1.16	0.5375	0.286	0.3838725	NAN	
1.46	1.165	0.5455	0.2775	0.38669	NAN	
1.47	1.175	0.553	0.2825	0.38949	NAN	
1.48	1.18	0.5605	0.2665	0.392235	NAN	
1.49	1.19	0.568	0.2685	0.39491	NAN	
1.5	1.2	0.5755	0.2555	0.39753	NAN	
1.51	1.205	0.5835	0.2635	0.400125	NAN	
1.52	1.215	0.5915	0.252	0.4027025	NAN	
1.53	1.22	0.599	0.2475	0.4052	NAN	
1.54	1.23	0.607	0.2385	0.40763	NAN	
1.55	1.24	0.615	0.242	0.4100325	NAN	
1.56	1.245	0.6225	0.232	0.4124025	NAN	
1.57	1.255	0.6305	0.2325	0.414725	NAN	
1.58	1.26	0.6385	0.2165	0.41697	NAN	
1.59	1.27	0.6465	0.2245	0.419175	NAN	
1.6	1.28	0.654	0.2105	0.42135	NAN	
1.61	1.285	0.662	0.212	0.4234625	NAN	
1.62	1.295	0.6695	0.2	0.4255225	NAN	
1.63	1.3	0.6775	0.2005	0.427525	NAN	
1.64	1.31	0.6855	0.1915	0.429485	NAN	
1.65	1.32	0.693	0.1945	0.431415	NAN	
1.66	1.325	0.701	0.1825	0.4333	NAN	
1.67	1.335	0.7085	0.185	0.4351375	NAN	
1.68	1.34	0.7165	0.1695	0.43691	NAN	
1.69	1.35	0.724	0.1775	0.438645	NAN	
1.7	1.36	0.732	0.166	0.4403625	NAN	
1.71	1.365	0.7395	0.168	0.4420325	NAN	
1.72	1.375	0.747	0.155	0.4436475	NAN	
1.73	1.38	0.7545	0.1565	0.445205	NAN	
1.74	1.39	0.7615	0.151	0.4467425	NAN	
1.75	1.4	0.769	0.152	0.4482575	NAN	
1.76	1.405	0.7765	0.141	0.4497225	NAN	
1.77	1.415	0.784	0.146	0.4511575	NAN	
1.78	1.42	0.791	0.13	0.4525375	NAN	
1.79	1.43	0.7985	0.1365	0.45387	NAN	
1.8	1.44	0.8055	0.1265	0.455185	NAN	
1.81	1.445	0.8125	0.1335	0.456485	NAN	
1.82	1.455	0.8195	0.121	0.4577575	NAN	
1.83	1.46	0.8265	0.1215	0.45897	NAN	
1.84	1.47	0.8335	0.114	0.4601475	NAN	
1.85	1.48	0.84	0.1195	0.461315	NAN	
1.86	1.485	0.847	0.109	0.4624575	NAN	
1.87	1.495	0.8535	0.1145	0.463575	NAN	
1.88	1.5	0.8595	0.0995	0.464645	NAN	
1.89	1.51	0.8665	0.1075	0.46568	NAN	
1.9	1.52	0.873	0.0965	0.4667	NAN	
1.91	1.525	0.8795	0.1055	0.46771	NAN	
1.92	1.535	0.8855	0.097	0.4687225	NAN	
1.93	1.54	0.892	0.0965	0.46969	NAN	
1.94	1.55	0.898	0.0875	0.47061	NAN	
1.95	1.56	0.9045	0.0925	0.47151	NAN	
1.96	1.565	0.9105	0.0875	0.47241	NAN	
1.97	1.575	0.9165	0.096	0.4733275	NAN	
1.98	1.58	0.9225	0.0815	0.474215	NAN	
1.99	1.59	0.9285	0.0875	0.47506	NAN	
2	1.6	0.9345	0.074	0.4758675	NAN	
2.01	1.605	0.9405	0.083	0.4766525	NAN	
2.02	1.615	0.946	0.0785	0.47746	NAN	
2.03	1.62	0.952	0.082	0.4782625	NAN	
2.04	1.63	0.9575	0.0705	0.479025	NAN	
2.05	1.64	0.963	0.073	0.4797425	NAN	
2.06	1.645	0.969	0.067	0.4804425	NAN	
2.07	1.655	0.9745	0.0775	0.481165	NAN	
2.08	1.66	0.9795	0.068	0.4818925	NAN	
2.09	1.67	0.985	0.0765	0.482615	NAN	
2.1	1.68	0.9905	0.063	0.4833125	NAN	
2.11	1.685	0.996	0.0675	0.483965	NAN	
2.12	1.695	1.0015	0.062	0.4846125	NAN	
2.13	1.7	1.007	0.0695	0.48527	NAN	
2.14	1.71	1.012	0.063	0.4859325	NAN	
2.15	1.72	1.0175	0.067	0.4865825	NAN	
2.16	1.725	1.02	0.0585	0.48721	NAN	
2.17	1.735	1.02	0.066	0.4878325	NAN	
2.18	1.74	1.02	0.054	0.4884325	NAN	
2.19	1.75	1.02	0.065	0.4890275	NAN	
2.2	1.76	1.02	0.0565	0.489635	NAN	
2.21	1.765	1.02	0.064	0.4902375	NAN	
2.22	1.775	1.02	0.055	0.4908325	NAN	
2.23	1.78	1.02	0.058	0.4913975	NAN	
2.24	1.79	1.02	0.0535	0.491955	NAN	
2.25	1.8	1.02	0.0575	0.49251	NAN	
2.26	1.805	1.02	0.054	0.4930675	NAN	
2.27	1.815	1.02	0.061	0.4936425	NAN	
2.28	1.82	1.02	0.048	0.4941875	NAN	
2.29	1.83	1.02	0.0545	0.4947	NAN	
2.3	1.84	1.02	0.0475	0.49521	NAN	
2.31	1.845	1.02	0.058	0.4957375	NAN	
2.32	1.855	1.02	0.0525	0.49629	NAN	
2.33	1.86	1.02	0.0555	0.49683	NAN	
2.34	1.87	1.02	0.049	0.4973525	NAN	
2.35	1.88	1.02	0.0485	0.49784	NAN	
2.36	1.885	1.02	0.0465	0.498315	NAN	
2.37	1.895	1.02	0.0565	0.49883	NAN	
2.38	1.9	1.02	0.0015	0.49912	NAN	
2.39	1.91	1.02	-0.0085	0.499085	NAN	
2.4	1.92	1.02	-0.01	0.4989925	NAN	
2.41	1.925	1.02	-0.0075	0.498905	NAN	
2.42	1.935	1.02	-0.007	0.4988325	NAN	
2.43	1.94	1.02	-0.008	0.4987575	NAN	
2.44	1.95	1.02	-0.0075	0.49868	NAN	
2.45	1.96	1.02	-0.0135	0.498575	NAN	
2.46	1.965	1.02	-0.0085	0.498465	NAN	
2.47	1.975	1.02	-0.0075	0.498385	NAN	
2.48	1.98	1.02	-0.0045	0.498325	NAN	
2.49	1.99	1.02	-0.0125	0.49824	NAN	
2.5	2	1.02	-0.01	0.4981275	NAN	
2.51	1.995	1.02	-0.013	0.4980125	NAN	
2.52	1.985	1.02	-0.004	0.4979275	NAN	
2.53	1.98	1.02	-0.009	0.4978625	NAN	
2.54	1.97	1.02	-0.005	0.4977925	NAN	
2.55	1.96	1.02	-0.012	0.4977075	NAN	
2.56	1.955	1.02	-0.0085	0.497605	NAN	
2.57	1.945	1.02	-0.0145	0.49749	NAN	
2.58	1.94	1.02	-0.0035	0.4974	NAN	
2.59	1.93	1.02	-0.006	0.4973525	NAN	
2.6	1.92	1.02	-0.01	0.4972725	NAN	
2.61	1.915	1.02	-0.0195	0.497125	NAN	
2.62	1.905	1.02	-0.005	0.4970025	NAN	
2.63	1.9	1.02	-0.0095	0.49693	NAN	
2.64	1.89	1.02	-0.0015	0.496875	NAN	
2.65	1.88	1.02	-0.011	0.4968125	NAN	
2.66	1.875	1.02	-0.0115	0.4967	NAN	
2.67	1.865	1.02	-0.012	0.4965825	NAN	
2.68	1.86	1.02	0.001	0.4965275	NAN	
2.69	1.85	1.02	0.0015	0.49654	NAN	
2.7	1.84	1.02	-0.004	0.4965275	NAN	
2.71	1.835	1.02	-0.003	0.4964925	NAN	
2.72	1.825	1.02	-0.0065	0.496445	NAN	
2.73	1.82	1.02	-0.0035	0.496395	NAN	
2.74	1.81	1.02	-0.007	0.4963425	NAN	
2.75	1.8	1.02	-0.0105	0.496255	NAN	
2.76	1.795	1.02	-0.014	0.4961325	NAN	
2.77	1.785	1.02	-0.013	0.4959975	NAN	
2.78	1.78	1.02	-0.0105	0.49588	NAN	
2.79	1.77	1.02	-0.013	0.4957625	NAN	
2.8	1.76	1.02	-0.0135	0.49563	NAN	
2.81	1.755	1.02	-0.0165	0.49548	NAN	
2.82	1.745	1.02	-0.0165	0.495315	NAN	
2.83	1.74	1.02	-0.0115	0.495175	NAN	
2.84	1.73	1.02	-0.0135	0.49505	NAN	
2.85	1.72	1.02	-0.018	0.4948925	NAN	
2.86	1.715	1.02	-0.018	0.4947125	NAN	
2.87	1.705	1.02	-0.0165	0.49454	NAN	
2.88	1.7	1.02	-0.0125	0.494395	NAN	
2.89	1.69	1.02	-0.0195	0.494235	NAN	
2.9	1.68	1.02	-0.016	0.4940575	NAN	
2.91	1.675	1.02	-0.019	0.4938825	NAN	
2.92	1.665	1.02	-0.0165	0.493705	NAN	
2.93	1.66	1.02	-0.015	0.4935475	NAN	
2.94	1.65	1.02	-0.0175	0.493385	NAN	
2.95	1.64	1.02	-0.0205	0.493195	NAN	
2.96	1.635	1.02	-0.018	0.4930025	NAN	
2.97	1.625	1.02	-0.0195	0.492815	NAN	
2.98	1.62	1.018	-0.0135	0.49265	NAN	
2.99	1.61	1.013	-0.0225	0.49247	NAN	
3	1.6	1.008	-0.018	0.4922675	NAN	
3.01	1.595	1.0035	-0.02	0.4920775	NAN	
3.02	1.585	0.9995	-0.016	0.4918975	NAN	
3.03	1.58	0.9945	-0.0195	0.49172	NAN	
3.04	1.57	0.9905	-0.0195	0.491525	NAN	
3.05	1.56	0.9855	-0.021	0.4913225	NAN	
3.06	1.555	0.981	-0.0175	0.49113	NAN	
3.07	1.545	0.976	-0.0195	0.490945	NAN	
3.08	1.54	0.9715	-0.0165	0.490765	NAN	
3.09	1.53	0.9665	-0.0265	0.49055	NAN	
3.1	1.52	0.962	-0.0195	0.49032	NAN	
3.11	1.515	0.957	-0.022	0.4901125	NAN	
3.12	1.505	0.952	-0.018	0.4899125	NAN	
3.13	1.5	0.947	-0.025	0.4896975	NAN	
3.14	1.49	0.9425	-0.023	0.4894575	NAN	
3.15	1.48	0.938	-0.0245	0.48922	NAN	
3.16	1.475	0.933	-0.0185	0.489005	NAN	
3.17	1.465	0.928	-0.025	0.4887875	NAN	
3.18	1.46	0.9235	-0.02	0.4885625	NAN	
3.19	1.45	0.9185	-0.029	0.4883175	NAN	
3.2	1.44	0.914	-0.0195	0.488075	NAN	
3.21	1.435	0.909	-0.0235	0.48786	NAN	
3.22	1.425	0.9045	-0.02	0.4876425	NAN	
3.23	1.42	0.8995	-0.0295	0.487395	NAN	
3.24	1.41	0.895	-0.0245	0.487125	NAN	
3.25	1.4	0.8895	-0.025	0.4868775	NAN	
3.26	1.395	0.885	-0.019	0.4866575	NAN	
3.27	1.385	0.88	-0.0285	0.48642	NAN	
3.28	1.38	0.8755	-0.0225	0.486165	NAN	
3.29	1.37	0.8705	-0.0315	0.485895	NAN	
3.3	1.36	0.866	-0.021	0.4856325	NAN	
3.31	1.355	0.861	-0.0255	0.4854	NAN	
3.32	1.345	0.8565	-0.023	0.4851575	NAN	
3.33	1.34	0.8515	-0.0305	0.48489	NAN	
3.34	1.33	0.8465	-0.027	0.4846025	NAN	
3.35	1.32	0.842	-0.0265	0.484335	NAN	
3.36	1.315	0.837	-0.0205	0.4841	NAN	
3.37	1.305	0.832	-0.0325	0.483835	NAN	
3.38	1.3	0.8275	-0.026	0.4835425	NAN	
3.39	1.29	0.8225	-0.0325	0.48325	NAN	
3.4	1.28	0.818	-0.0215	0.48298	NAN	
3.41	1.275	0.813	-0.0285	0.48273	NAN	
3.42	1.265	0.8085	-0.028	0.4824475	NAN	
3.43	1.26	0.804	-0.0325	0.482145	NAN	
3.44	1.25	0.7995	-0.0285	0.48184	NAN	
3.45	1.24	0.7945	-0.0285	0.481555	NAN	
3.46	1.235	0.79	-0.024	0.4812925	NAN	
3.47	1.225	0.784	-0.035	0.4809975	NAN	
3.48	1.22	0.7805	-0.029	0.4806775	NAN	
3.49	1.21	0.7755	-0.0345	0.48036	NAN	
3.5	1.2	0.7715	-0.0235	0.48007	NAN	
3.51	1.195	0.7665	-0.033	0.4797875	NAN	
3.52	1.185	0.762	-0.031	0.4794675	NAN	
3.53	1.18	0.757	-0.036	0.4791325	NAN	
3.54	1.17	0.7525	-0.0285	0.47881	NAN	
3.55	1.16	0.7475	-0.0305	0.478515	NAN	
3.56	1.155	0.7435	-0.028	0.4782225	NAN	
3.57	1.145	0.738	-0.0385	0.47789	NAN	
3.58	1.14	0.734	-0.032	0.4775375	NAN	
3.59	1.13	0.729	-0.0365	0.477195	NAN	
3.6	1.12	0.7245	-0.026	0.4768825	NAN	
3.61	1.115	0.7195	-0.0355	0.476575	NAN	
3.62	1.105	0.715	-0.0365	0.476215	NAN	
3.63	1.1	0.7105	-0.039	0.4758375	NAN	
3.64	1.09	0.7055	-0.032	0.4754825	NAN	
3.65	1.08	0.701	-0.0355	0.475145	NAN	
3.66	1.075	0.6965	-0.0335	0.4748	NAN	
3.67	1.065	0.6915	-0.0425	0.47442	NAN	
3.68	1.06	0.687	-0.033	0.4740425	NAN	
3.69	1.05	0.6825	-0.0395	0.47368	NAN	
3.7	1.04	0.678	-0.031	0.4733275	NAN	
3.71	1.035	0.6735	-0.0415	0.472965	NAN	
3.72	1.025	0.6685	-0.041	0.4725525	NAN	
3.73	1.02	0.6635	-0.042	0.4721375	NAN	
3.74	1.01	0.6595	-0.035	0.4717525	NAN	
3.75	1	0.6545	-0.0395	0.47138	NAN	
3.76	0.995	0.65	-0.04	0.4709825	NAN	
3.77	0.985	0.645	-0.047	0.4705475	NAN	
3.78	0.98	0.6405	-0.036	0.4701325	NAN	
3.79	0.97	0.636	-0.043	0.4697375	NAN	
3.8	0.96	0.6315	-0.037	0.4693375	NAN	
3.81	0.955	0.6265	-0.045	0.4689275	NAN	
3.82	0.945	0.622	-0.044	0.4684825	NAN	
3.83	0.94	0.6175	-0.045	0.4680375	NAN	
3.84	0.93	0.6125	-0.038	0.4676225	NAN	
3.85	0.92	0.6085	-0.0445	0.46721	NAN	
3.86	0.915	0.6035	-0.046	0.4667575	NAN	
3.87	0.905	0.599	-0.0515	0.46627	NAN	
3.88	0.9	0.594	-0.041	0.4658075	NAN	
3.89	0.89	0.5895	-0.049	0.4653575	NAN	
3.9	0.88	0.585	-0.044	0.4648925	NAN	
3.91	0.875	0.58	-0.0525	0.46441	NAN	
3.92	0.865	0.5755	-0.049	0.4639025	NAN	
3.93	0.86	0.5705	-0.0505	0.463405	NAN	
3.94	0.85	0.5665	-0.046	0.4629225	NAN	
3.95	0.84	0.5615	-0.051	0.4624375	NAN	
3.96	0.835	0.5565	-0.0535	0.461915	NAN	
3.97	0.825	0.552	-0.058	0.4613575	NAN	
3.98	0.82	0.5475	-0.047	0.4608325	NAN	
3.99	0.81	0.5425	-0.055	0.4603225	NAN	
4	0.8	0.538	-0.05	0.4597975	NAN	
4.01	0.795	0.5335	-0.059	0.4592525	NAN	
4.02	0.785	0.529	-0.055	0.4586825	NAN	
4.03	0.78	0.524	-0.0565	0.458125	NAN	
4.04	0.77	0.5195	-0.053	0.4575775	NAN	
4.05	0.76	0.515	-0.0575	0.457025	NAN	
4.06	0.755	0.51	-0.0595	0.45644	NAN	
4.07	0.745	0.5055	-0.0645	0.45582	NAN	
4.08	0.74	0.501	-0.0545	0.455225	NAN	
4.09	0.73	0.496	-0.06	0.4546525	NAN	
4.1	0.72	0.4915	-0.0585	0.45406	NAN	
4.11	0.715	0.487	-0.067	0.4534325	NAN	
4.12	0.705	0.4825	-0.063	0.4527825	NAN	
4.13	0.7	0.478	-0.0645	0.452145	NAN	
4.14	0.69	0.473	-0.061	0.4515175	NAN	
4.15	0.68	0.4685	-0.065	0.4508875	NAN	
4.16	0.675	0.464	-0.066	0.4502325	NAN	
4.17	0.665	0.4595	-0.0725	0.44954	NAN	
4.18	0.66	0.455	-0.062	0.4488675	NAN	
4.19	0.65	0.4505	-0.0675	0.44822	NAN	
4.2	0.64	0.446	-0.0685	0.44754	NAN	
4.21	0.635	0.4415	-0.073	0.4468325	NAN	
4.22	0.625	0.437	-0.0695	0.44612	NAN	
4.23	0.62	0.4325	-0.07	0.4454225	NAN	
4.24	0.61	0.4285	-0.0705	0.44472	NAN	
4.25	0.6	0.424	-0.0745	0.443995	NAN	
4.26	0.595	0.419	-0.072	0.4432625	NAN	
4.27	0.585	0.415	-0.0785	0.44251	NAN	
4.28	0.58	0.4105	-0.0695	0.44177	NAN	
4.29	0.57	0.406	-0.078	0.4410325	NAN	
4.3	0.56	0.4015	-0.0755	0.440265	NAN	
4.31	0.555	0.3975	-0.082	0.4394775	NAN	
4.32	0.545	0.393	-0.078	0.4386775	NAN	
4.33	0.54	0.3885	-0.077	0.4379025	NAN	
4.34	0.53	0.3845	-0.081	0.4371125	NAN	
4.35	0.52	0.38	-0.084	0.4362875	NAN	
4.36	0.515	0.3755	-0.082	0.4354575	NAN	
4.37	0.505	0.3715	-0.0865	0.434615	NAN	
4.38	0.5	0.367	-0.081	0.4337775	NAN	
4.39	0.49	0.363	-0.089	0.4329275	NAN	
4.4	0.48	0.3585	-0.085	0.4320575	NAN	
4.41	0.475	0.3545	-0.093	0.4311675	NAN	
4.42	0.465	0.3505	-0.0885	0.43026	NAN	
4.43	0.46	0.346	-0.0895	0.42937	NAN	
4.44	0.45	0.3415	-0.0905	0.42847	NAN	
4.45	0.44	0.3375	-0.097	0.4275325	NAN	
4.46	0.435	0.333	-0.0935	0.42658	NAN	
4.47	0.425	0.329	-0.097	0.4256275	NAN	
4.48	0.42	0.325	-0.092	0.4246825	NAN	
4.49	0.41	0.3205	-0.102	0.4237125	NAN	
4.5	0.4	0.3165	-0.0965	0.42272	NAN	
4.51	0.395	0.3125	-0.104	0.4217175	NAN	
4.52	0.385	0.308	-0.101	0.4206925	NAN	
4.53	0.38	0.304	-0.103	0.4196725	NAN	
4.54	0.37	0.3	-0.1025	0.418645	NAN	
4.55	0.36	0.2955	-0.11	0.4175825	NAN	
4.56	0.355	0.2915	-0.1075	0.416495	NAN	
4.57	0.345	0.2875	-0.112	0.4153975	NAN	
4.58	0.34	0.2835	-0.1045	0.414315	NAN	
4.59	0.33	0.279	-0.1165	0.41321	NAN	
4.6	0.32	0.2755	-0.112	0.4120675	NAN	
4.61	0.315	0.271	-0.116	0.4109275	NAN	
4.62	0.305	0.267	-0.114	0.4097775	NAN	
4.63	0.3	0.263	-0.116	0.4086275	NAN	
4.64	0.29	0.259	-0.1175	0.40746	NAN	
4.65	0.28	0.2545	-0.1225	0.40626	NAN	
4.66	0.275	0.251	-0.122	0.4050375	NAN	
4.67	0.265	0.247	-0.127	0.4037925	NAN	
4.68	0.26	0.243	-0.1195	0.40256	NAN	
4.69	0.25	0.2385	-0.132	0.4013025	NAN	
4.7	0.24	0.235	-0.127	0.4000075	NAN	
4.71	0.235	0.231	-0.134	0.3987025	NAN	
4.72	0.225	0.227	-0.131	0.3973775	NAN	
4.73	0.22	0.223	-0.1345	0.39605	NAN	
4.74	0.21	0.219	-0.136	0.3946975	NAN	
4.75	0.2	0.215	-0.141	0.3933125	NAN	
4.76	0.195	0.211	-0.139	0.3919125	NAN	
4.77	0.185	0.207	-0.1445	0.390495	NAN	
4.78	0.18	0.203	-0.138	0.3890825	NAN	
4.79	0.17	0.199	-0.15	0.3876425	NAN	
4.8	0.16	0.195	-0.146	0.3861625	NAN	
4.81	0.155	0.191	-0.151	0.3846775	NAN	
4.82	0.145	0.1875	-0.148	0.3831825	NAN	
4.83	0.14	0.1835	-0.1535	0.381675	NAN	
4.84	0.13	0.1795	-0.156	0.3801275	NAN	
4.85	0.12	0.176	-0.1595	0.37855	NAN	
4.86	0.115	0.172	-0.1555	0.376975	NAN	
4.87	0.105	0.168	-0.1625	0.375385	NAN	
4.88	0.1	0.164	-0.159	0.3737775	NAN	
4.89	0.09	0.16	-0.1695	0.372135	NAN	
4.9	0.08	0.1565	-0.1635	0.37047	NAN	
4.91	0.075	0.1525	-0.169	0.3688075	NAN	
4.92	0.065	0.1485	-0.167	0.3671275	NAN	
4.93	0.06	0.145	-0.174	0.3654225	NAN	
4.94	0.05	0.141	-0.1765	0.36367	NAN	
4.95	0.04	0.1375	-0.1775	0.3619	NAN	
4.96	0.035	0.1335	-0.174	0.3601425	NAN	
4.97	0.025	0.1295	-0.183	0.3583575	NAN	
4.98	0.02	0.126	-0.181	0.3565375	NAN	
4.99	0.01	0.122	-0.1905	0.35468	NAN	
5	0	0.1185	-0.183	0.3528125	NAN	
5.01	-0.005	0.1145	-0.189	0.3509525	NAN	
5.02	-0.015	0.111	-0.1875	0.34907	NAN	
5.03	-0.02	0.107	-0.193	0.3471675	NAN	
5.04	-0.03	0.1035	-0.1955	0.345225	NAN	
5.05	-0.04	0.0995	-0.1975	0.34326	NAN	
5.06	-0.045	0.0965	-0.1945	0.3413	NAN	
5.07	-0.055	0.0925	-0.203	0.3393125	NAN	
5.08	-0.06	0.089	-0.202	0.3372875	NAN	
5.09	-0.07	0.085	-0.2105	0.335225	NAN	
5.1	-0.08	0.0815	-0.203	0.3331575	NAN	
5.11	-0.085	0.0775	-0.2085	0.3311	NAN	
5.12	-0.095	0.074	-0.2115	0.329	NAN	
5.13	-0.1	0.0705	-0.2175	0.326855	NAN	
5.14	-0.11	0.067	-0.218	0.3246775	NAN	
5.15	-0.12	0.0635	-0.2175	0.3225	NAN	
5.16	-0.125	0.06	-0.217	0.3203275	NAN	
5.17	-0.135	0.056	-0.2265	0.31811	NAN	
5.18	-0.14	0.0525	-0.225	0.3158525	NAN	
5.19	-0.15	0.049	-0.234	0.3135575	NAN	
5.2	-0.16	0.0455	-0.226	0.3112575	NAN	
5.21	-0.165	0.042	-0.2325	0.308965	NAN	
5.22	-0.175	0.0385	-0.236	0.3066225	NAN	
5.23	-0.18	0.035	-0.242	0.3042325	NAN	
5.24	-0.19	0.0315	-0.24	0.3018225	NAN	
5.25	-0.2	0.0285	-0.2405	0.29942	NAN	
5.26	-0.205	0.0245	-0.242	0.2970075	NAN	
5.27	-0.215	0.021	-0.251	0.2945425	NAN	
5.28	-0.22	0.0175	-0.2495	0.29204	NAN	
5.29	-0.23	0.014	-0.2575	0.289505	NAN	
5.3	-0.24	0.0105	-0.2515	0.28696	NAN	
5.31	-0.245	0.0085	-0.2565	0.28442	NAN	
5.32	-0.255	0.004	-0.261	0.2818325	NAN	
5.33	-0.26	0.0005	-0.2675	0.27919	NAN	
5.34	-0.27	-0.003	-0.2655	0.276525	NAN	
5.35	-0.28	-0.0065	-0.265	0.2738725	NAN	
5.36	-0.285	-0.01	-0.2705	0.271195	NAN	
5.37	-0.295	-0.013	-0.2795	0.268445	NAN	
5.38	-0.3	-0.017	-0.2765	0.265665	NAN	
5.39	-0.31	-0.0195	-0.2815	0.262875	NAN	
5.4	-0.32	-0.0235	-0.2775	0.26008	NAN	
5.41	-0.325	-0.0265	-0.286	0.2572625	NAN	
5.42	-0.335	-0.0295	-0.2905	0.25438	NAN	
5.43	-0.34	-0.0325	-0.2915	0.25147	NAN	
5.44	-0.35	-0.036	-0.2905	0.24856	NAN	
5.45	-0.36	-0.0385	-0.294	0.2456375	NAN	
5.46	-0.365	-0.042	-0.2995	0.24267	NAN	
5.47	-0.375	-0.045	-0.309	0.2396275	NAN	
5.48	-0.38	-0.048	-0.3035	0.236565	NAN	
5.49	-0.39	-0.0505	-0.3085	0.233505	NAN	
5.5	-0.4	-0.0535	-0.3115	0.230405	NAN	
5.51	-0.405	-0.0565	-0.321	0.2272425	NAN	
5.52	-0.415	-0.059	-0.3225	0.224025	NAN	
5.53	-0.42	-0.0615	-0.323	0.2207975	NAN	
5.54	-0.43	-0.0645	-0.329	0.2175375	NAN	
5.55	-0.44	-0.067	-0.333	0.2142275	NAN	
5.56	-0.445	-0.0695	-0.3375	0.210875	NAN	
5.57	-0.455	-0.0715	-0.344	0.2074675	NAN	
5.58	-0.46	-0.074	-0.342	0.2040375	NAN	
5.59	-0.47	-0.0765	-0.352	0.2005675	NAN	
5.6	-0.48	-0.0785	-0.354	0.1970375	NAN	
5.61	-0.485	-0.081	-0.3625	0.193455	NAN	
5.62	-0.495	-0.0825	-0.363	0.1898275	NAN	
5.63	-0.5	-0.085	-0.367	0.1861775	NAN	
5.64	-0.51	-0.0875	-0.3745	0.18247	NAN	
5.65	-0.52	-0.089	-0.38	0.1786975	NAN	
5.66	-0.525	-0.091	-0.381	0.1748925	NAN	
5.67	-0.535	-0.093	-0.388	0.1710475	NAN	
5.68	-0.54	-0.095	-0.3915	0.16715	NAN	
5.69	-0.55	-0.0965	-0.403	0.1631775	NAN	
5.7	-0.56	-0.098	-0.4	0.1591625	NAN	
5.71	-0.565	-0.1	-0.4065	0.15513	NAN	
5.72	-0.575	-0.102	-0.415	0.1510225	NAN	
5.73	-0.58	-0.104	-0.421	0.1468425	NAN	
5.74	-0.59	-0.1055	-0.4235	0.14262	NAN	
5.75	-0.6	-0.107	-0.427	0.1383675	NAN	
5.76	-0.605	-0.109	-0.431	0.1340775	NAN	
5.77	-0.615	-0.1115	-0.4425	0.12971	NAN	
5.78	-0.62	-0.1125	-0.444	0.1252775	NAN	
5.79	-0.63	-0.1145	-0.452	0.1207975	NAN	
5.8	-0.64	-0.1165	-0.448	0.1162975	NAN	
5.81	-0.645	-0.1185	-0.4585	0.111765	NAN	
5.82	-0.655	-0.12	-0.467	0.1071375	NAN	
5.83	-0.66	-0.1225	-0.4685	0.10246	NAN	
5.84	-0.67	-0.124	-0.47	0.0977675	NAN	
5.85	-0.68	-0.126	-0.4755	0.09304	NAN	
5.86	-0.685	-0.1275	-0.4845	0.08824	NAN	
5.87	-0.695	-0.13	-0.4925	0.083355	NAN	
5.88	-0.7	-0.131	-0.488	0.0784525	NAN	
5.89	-0.71	-0.133	-0.497	0.0735275	NAN	
5.9	-0.72	-0.1355	-0.5005	0.06854	NAN	
5.91	-0.725	-0.1375	-0.51	0.0634875	NAN	
5.92	-0.735	-0.139	-0.511	0.0583825	NAN	
5.93	-0.74	-0.1415	-0.514	0.0532575	NAN	
5.94	-0.75	-0.1435	-0.5215	0.04808	NAN	
5.95	-0.76	-0.1455	-0.525	0.0428475	NAN	
5.96	-0.765	-0.1475	-0.527	0.0375875	NAN	
5.97	-0.775	-0.1495	-0.5355	0.032275	NAN	
5.98	-0.78	-0.1515	-0.5375	0.02691	NAN	
5.99	-0.79	-0.154	-0.5465	0.02149	NAN	
6	-0.8	-0.1565	-0.5425	0.016045	NAN	
6.01	-0.805	-0.159	-0.5505	0.01058	NAN	
6.02	-0.815	-0.1615	-0.5575	0.00504	NAN	
6.03	-0.82	-0.1635	-0.5615	-0.000555	NAN	
6.04	-0.83	-0.1665	-0.5625	-0.006175	NAN	
6.05	-0.84	-0.1685	-0.565	-0.0118125	NAN	
6.06	-0.845	-0.171	-0.57	-0.0174875	NAN	
6.07	-0.855	-0.174	-0.5795	-0.023235	NAN	
6.08	-0.86	-0.1765	-0.575	-0.0290075	NAN	
6.09	-0.87	-0.1795	-0.5815	-0.03479	NAN	
6.1	-0.88	-0.182	-0.583	-0.0406125	NAN	
6.11	-0.885	-0.185	-0.593	-0.0464925	NAN	
6.12	-0.895	-0.188	-0.5905	-0.05241	NAN	
6.13	-0.9	-0.191	-0.5935	-0.05833	NAN	
6.14	-0.91	-0.194	-0.599	-0.0642925	NAN	
6.15	-0.92	-0.1975	-0.6015	-0.070295	NAN	
6.16	-0.925	-0.2005	-0.6	-0.0763025	NAN	
6.17	-0.935	-0.204	-0.6075	-0.08234	NAN	
6.18	-0.94	-0.207	-0.6085	-0.08842	NAN	
6.19	-0.95	-0.2105	-0.615	-0.0945375	NAN	
6.2	-0.96	-0.2145	-0.606	-0.1006425	NAN	
6.21	-0.965	-0.218	-0.6125	-0.106735	NAN	
6.22	-0.975	-0.222	-0.6185	-0.11289	NAN	
6.23	-0.98	-0.226	-0.6165	-0.119065	NAN	
6.24	-0.99	-0.2305	-0.6135	-0.125215	NAN	
6.25	-1	-0.234	-0.6165	-0.131365	NAN	
6.26	-1.005	-0.2385	-0.621	-0.1375525	NAN	
6.27	-1.015	-0.243	-0.622	-0.1437675	NAN	
6.28	-1.02	-0.2475	-0.614	-0.1499475	NAN	
6.29	-1.03	-0.2525	-0.622	-0.1561275	NAN	
6.3	-1.04	-0.2575	-0.619	-0.1623325	NAN	
6.31	-1.045	-0.2625	-0.62	-0.1685275	NAN	
6.32	-1.055	-0.2685	-0.6145	-0.1747	NAN	
6.33	-1.06	-0.274	-0.617	-0.1808575	NAN	
6.34	-1.07	-0.2795	-0.615	-0.1870175	NAN	
6.35	-1.08	-0.286	-0.6095	-0.19314	NAN	
6.36	-1.085	-0.2925	-0.6045	-0.19921	NAN	
6.37	-1.095	-0.2995	-0.609	-0.2052775	NAN	
6.38	-1.1	-0.3065	-0.5995	-0.21132	NAN	
6.39	-1.11	-0.314	-0.596	-0.2172975	NAN	
6.4	-1.12	-0.3215	-0.5865	-0.22321	NAN	
6.41	-1.125	-0.329	-0.5895	-0.22909	NAN	
6.42	-1.135	-0.337	-0.582	-0.2349475	NAN	
6.43	-1.14	-0.3455	-0.5745	-0.24073	NAN	
6.44	-1.15	-0.354	-0.569	-0.2464475	NAN	
6.45	-1.16	-0.362	-0.5645	-0.252115	NAN	
6.46	-1.165	-0.371	-0.5565	-0.25772	NAN	
6.47	-1.175	-0.3795	-0.5535	-0.26327	NAN	
6.48	-1.18	-0.3885	-0.5405	-0.26874	NAN	
6.49	-1.19	-0.3975	-0.5415	-0.27415	NAN	
6.5	-1.2	-0.4065	-0.527	-0.2794925	NAN	
6.51	-1.205	-0.416	-0.524	-0.2847475	NAN	
6.52	-1.215	-0.4255	-0.5155	-0.289945	NAN	
6.53	-1.22	-0.435	-0.5105	-0.295075	NAN	
6.54	-1.23	-0.4445	-0.502	-0.3001375	NAN	
6.55	-1.24	-0.454	-0.4915	-0.305105	NAN	
6.56	-1.245	-0.464	-0.481	-0.3099675	NAN	
6.57	-1.255	-0.474	-0.481	-0.3147775	NAN	
6.58	-1.26	-0.484	-0.4695	-0.31953	NAN	
6.59	-1.27	-0.494	-0.4615	-0.324185	NAN	
6.6	-1.28	-0.504	-0.445	-0.3287175	NAN	
6.61	-1.285	-0.514	-0.4435	-0.33316	NAN	
6.62	-1.295	-0.5245	-0.436	-0.3375575	NAN	
6.63	-1.3	-0.535	-0.424	-0.3418575	NAN	
6.64	-1.31	-0.5455	-0.411	-0.3460325	NAN	
6.65	-1.32	-0.556	-0.405	-0.3501125	NAN	
6.66	-1.325	-0.567	-0.398	-0.3541275	NAN	
6.67	-1.335	-0.577	-0.3925	-0.35808	NAN	
6.68	-1.34	-0.588	-0.3735	-0.36191	NAN	
6.69	-1.35	-0.5985	-0.371	-0.3656325	NAN	
6.7	-1.36	-0.609	-0.3575	-0.369275	NAN	
6.71	-1.365	-0.62	-0.355	-0.3728375	NAN	
6.72	-1.375	-0.631	-0.342	-0.3763225	NAN	
6.73	-1.38	-0.6415	-0.332	-0.3796925	NAN	
6.74	-1.39	-0.6525	-0.3225	-0.382965	NAN	
6.75	-1.4	-0.6625	-0.316	-0.3861575	NAN	
6.76	-1.405	-0.6735	-0.306	-0.3892675	NAN	
6.77	-1.415	-0.684	-0.2985	-0.39229	NAN	
6.78	-1.42	-0.6945	-0.283	-0.3951975	NAN	
6.79	-1.43	-0.705	-0.283	-0.3980275	NAN	
6.8	-1.44	-0.715	-0.271	-0.4007975	NAN	
6.81	-1.445	-0.7255	-0.2625	-0.403465	NAN	
6.82	-1.455	-0.736	-0.249	-0.4060225	NAN	
6.83	-1.46	-0.7465	-0.2455	-0.408495	NAN	
6.84	-1.47	-0.7565	-0.2365	-0.410905	NAN	
6.85	-1.48	-0.767	-0.229	-0.4132325	NAN	
6.86	-1.485	-0.7775	-0.216	-0.4154575	NAN	
6.87	-1.495	-0.787	-0.2125	-0.4176	NAN	
6.88	-1.5	-0.797	-0.2	-0.4196625	NAN	
6.89	-1.51	-0.807	-0.201	-0.4216675	NAN	
6.9	-1.52	-0.8165	-0.188	-0.4236125	NAN	
6.91	-1.525	-0.826	-0.183	-0.4254675	NAN	
6.92	-1.535	-0.8355	-0.1725	-0.427245	NAN	
6.93	-1.54	-0.8445	-0.1685	-0.42895	NAN	
6.94	-1.55	-0.8535	-0.164	-0.4306125	NAN	
6.95	-1.56	-0.8625	-0.1575	-0.43222	NAN	
6.96	-1.565	-0.872	-0.1465	-0.43374	NAN	
6.97	-1.575	-0.88	-0.147	-0.4352075	NAN	
6.98	-1.58	-0.889	-0.137	-0.4366275	NAN	
6.99	-1.59	-0.897	-0.14	-0.4380125	NAN	
7	-1.6	-0.9055	-0.126	-0.4393425	NAN	
7.01	-1.605	-0.9135	-0.124	-0.4405925	NAN	
7.02	-1.615	-0.923	-0.1165	-0.441795	NAN	
7.03	-1.62	-0.929	-0.1165	-0.44296	NAN	
7.04	-1.63	-0.9365	-0.112	-0.4441025	NAN	
7.05	-1.64	-0.9445	-0.109	-0.4452075	NAN	
7.06	-1.645	-0.9515	-0.0995	-0.44625	NAN	
7.07	-1.655	-0.959	-0.1015	-0.447255	NAN	
7.08	-1.66	-0.966	-0.095	-0.4482375	NAN	
7.09	-1.67	-0.9725	-0.1	-0.4492125	NAN	
7.1	-1.68	-0.979	-0.089	-0.4501575	NAN	
7.11	-1.685	-0.986	-0.0905	-0.451055	NAN	
7.12	-1.695	-0.993	-0.0845	-0.45193	NAN	
7.13	-1.7	-0.9995	-0.086	-0.4527825	NAN	
7.14	-1.71	-1.006	-0.083	-0.4536275	NAN	
7.15	-1.72	-1.012	-0.0835	-0.45446	NAN	
7.16	-1.725	-1.019	-0.075	-0.4552525	NAN	
7.17	-1.735	-1.025	-0.0785	-0.45602	NAN	
7.18	-1.74	-1.0275	-0.0725	-0.456775	NAN	
7.19	-1.75	-1.0275	-0.0795	-0.457535	NAN	
7.2	-1.76	-1.0275	-0.069	-0.4582775	NAN	
7.21	-1.765	-1.0275	-0.071	-0.4589775	NAN	
7.22	-1.775	-1.0275	-0.0675	-0.45967	NAN	
7.23	-1.78	-1.0275	-0.071	-0.4603625	NAN	
7.24	-1.79	-1.0275	-0.0685	-0.46106	NAN	
7.25	-1.8	-1.0275	-0.067	-0.4617375	NAN	
7.26	-1.805	-1.0275	-0.0615	-0.46238	NAN	
7.27	-1.815	-1.0275	-0.066	-0.4630175	NAN	
7.28	-1.82	-1.0275	-0.06	-0.4636475	NAN	
7.29	-1.83	-1.0275	-0.067	-0.4642825	NAN	
7.3	-1.84	-1.0275	-0.0575	-0.464905	NAN	
7.31	-1.845	-1.0275	-0.059	-0.4654875	NAN	
7.32	-1.855	-1.0275	-0.054	-0.4660525	NAN	
7.33	-1.86	-1.0275	-0.006	-0.4663525	NAN	
7.34	-1.87	-1.0275	-0.012	-0.4664425	NAN	
7.35	-1.88	-1.0275	-0.003	-0.4665175	NAN	
7.36	-1.885	-1.0275	-0.007	-0.4665675	NAN	
7.37	-1.895	-1.0275	-0.0125	-0.466665	NAN	
7.38	-1.9	-1.0275	-0.014	-0.4667975	NAN	
7.39	-1.91	-1.0275	-0.005	-0.4668925	NAN	
7.4	-1.92	-1.0275	-0.019	-0.4670125	NAN	
7.41	-1.925	-1.0275	0.003	-0.4670925	NAN	
7.42	-1.935	-1.0275	-0.002	-0.4670875	NAN	
7.43	-1.94	-1.0275	0	-0.4670975	NAN	
7.44	-1.95	-1.0275	-0.023	-0.4672125	NAN	
7.45	-1.96	-1.0275	0.0025	-0.467315	NAN	
7.46	-1.965	-1.0275	0.0035	-0.467285	NAN	
7.47	-1.975	-1.0275	0.004	-0.4672475	NAN	
7.48	-1.98	-1.0275	0.011	-0.4671725	NAN	
7.49	-1.99	-1.0275	-0.021	-0.4672225	NAN	
7.5	-2	-1.0275	0.0025	-0.467315	NAN	
7.51	-1.995	-1.0275	-0.009	-0.4673475	NAN	
7.52	-1.985	-1.0275	0.026	-0.4672625	NAN	
7.53	-1.98	-1.0275	-0.0105	-0.467185	NAN	
7.54	-1.97	-1.0275	-0.0085	-0.46728	NAN	
7.55	-1.96	-1.0275	-0.0065	-0.467355	NAN	
7.56	-1.955	-1.0275	0.007	-0.4673525	NAN	
7.57	-1.945	-1.0275	0.0055	-0.46729	NAN	
7.58	-1.94	-1.0275	-0.003	-0.4672775	NAN	
7.59	-1.93	-1.0275	0.002	-0.4672825	NAN	
7.6	-1.92	-1.0275	-0.009	-0.4673175	NAN	
7.61	-1.915	-1.0275	-0.0045	-0.467385	NAN	
7.62	-1.905	-1.0275	-0.0005	-0.46741	NAN	
7.63	-1.9	-1.0275	-0.0005	-0.467415	NAN	
7.64	-1.89	-1.0275	0.005	-0.4673925	NAN	
7.65	-1.88	-1.0275	0.0035	-0.46735	NAN	
7.66	-1.875	-1.0275	-0.007	-0.4673675	NAN	
7.67	-1.865	-1.0275	-0.0035	-0.46742	NAN	
7.68	-1.86	-1.0275	0.005	-0.4674125	NAN	
7.69	-1.85	-1.0275	0.0005	-0.467385	NAN	
7.7	-1.84	-1.0275	0.0055	-0.467355	NAN	
7.71	-1.835	-1.0275	0	-0.4673275	NAN	
7.72	-1.825	-1.0275	-0.0005	-0.46733	NAN	
7.73	-1.82	-1.0275	-0.0025	-0.467345	NAN	
7.74	-1.81	-1.0275	0.001	-0.4673525	NAN	
7.75	-1.8	-1.0275	0.003	-0.4673325	NAN	
7.76	-1.795	-1.0275	-0.001	-0.4673225	NAN	
7.77	-1.785	-1.0275	-0.001	-0.4673325	NAN	
7.78	-1.78	-1.0275	0.0065	-0.467305	NAN	
7.79	-1.77	-1.0275	0.0055	-0.467245	NAN	
7.8	-1.76	-1.0275	0.0125	-0.467155	NAN	
7.81	-1.755	-1.0275	0.011	-0.4670375	NAN	
7.82	-1.745	-1.0275	0.016	-0.4669025	NAN	
7.83	-1.74	-1.0275	0.0065	-0.46679	NAN	
7.84	-1.73	-1.0275	0.0145	-0.466685	NAN	
7.85	-1.72	-1.0275	0.01	-0.4665625	NAN	
7.86	-1.715	-1.0275	0.018	-0.4664225	NAN	
7.87	-1.705	-1.0275	0.0165	-0.46625	NAN	
7.88	-1.7	-1.0275	0.0195	-0.46607	NAN	
7.89	-1.69	-1.0275	0.013	-0.4659075	NAN	
7.9	-1.68	-1.0275	0.0145	-0.46577	NAN	
7.91	-1.675	-1.0275	0.012	-0.4656375	NAN	
7.92	-1.665	-1.0275	0.022	-0.4654675	NAN	
7.93	-1.66	-1.0275	0.015	-0.4652825	NAN	
7.94	-1.65	-1.0275	0.0245	-0.465085	NAN	
7.95	-1.64	-1.0275	0.014	-0.4648925	NAN	
7.96	-1.635	-1.0275	0.0195	-0.464725	NAN	
7.97	-1.625	-1.0275	0.014	-0.4645575	NAN	
7.98	-1.62	-1.023	0.0195	-0.46439	NAN	
7.99	-1.61	-1.018	0.018	-0.4642025	NAN	
8	-1.6	-1.0135	0.023	-0.4639975	NAN	
8.01	-1.595	-1.0085	0.017	-0.4637975	NAN	
8.02	-1.585	-1.004	0.023	-0.4635975	NAN	
8.03	-1.58	-0.999	0.0135	-0.463415	NAN	
8.04	-1.57	-0.994	0.021	-0.4632425	NAN	
8.05	-1.56	-0.9895	0.016	-0.4630575	NAN	
8.06	-1.555	-0.9845	0.0265	-0.462845	NAN	
8.07	-1.545	-0.9795	0.022	-0.4626025	NAN	
8.08	-1.54	-0.9745	0.023	-0.4623775	NAN	
8.09	-1.53	-0.97	0.0175	-0.462175	NAN	
8.1	-1.52	-0.9655	0.0215	-0.46198	NAN	
8.11	-1.515	-0.96	0.0175	-0.461785	NAN	
8.12	-1.505	-0.955	0.0265	-0.461565	NAN	
8.13	-1.5	-0.95	0.02	-0.4613325	NAN	
8.14	-1.49	-0.9455	0.028	-0.4610925	NAN	
8.15	-1.48	-0.9405	0.015	-0.4608775	NAN	
8.16	-1.475	-0.9355	0.023	-0.4606875	NAN	
8.17	-1.465	-0.9305	0.0205	-0.46047	NAN	
8.18	-1.46	-0.925	0.025	-0.4602425	NAN	
8.19	-1.45	-0.921	0.022	-0.4600075	NAN	
8.2	-1.44	-0.9155	0.0275	-0.45976	NAN	
8.21	-1.435	-0.911	0.0205	-0.45952	NAN	
8.22	-1.425	-0.906	0.026	-0.4592875	NAN	
8.23	-1.42	-0.9015	0.018	-0.4590675	NAN	
8.24	-1.41	-0.897	0.0285	-0.458835	NAN	
8.25	-1.4	-0.8915	0.022	-0.4585825	NAN	
8.26	-1.395	-0.8865	0.0305	-0.45832	NAN	
8.27	-1.385	-0.8815	0.0245	-0.458045	NAN	
8.28	-1.38	-0.877	0.027	-0.4577875	NAN	
8.29	-1.37	-0.872	0.0195	-0.457555	NAN	
8.3	-1.36	-0.867	0.026	-0.4573275	NAN	
8.31	-1.355	-0.8625	0.0245	-0.457075	NAN	
8.32	-1.345	-0.8575	0.033	-0.4567875	NAN	
8.33	-1.34	-0.853	0.023	-0.4565075	NAN	
8.34	-1.33	-0.848	0.03	-0.4562425	NAN	
8.35	-1.32	-0.843	0.0195	-0.455995	NAN	
8.36	-1.315	-0.8385	0.0285	-0.455755	NAN	
8.37	-1.305	-0.833	0.0275	-0.455475	NAN	
8.38	-1.3	-0.8285	0.034	-0.4551675	NAN	
8.39	-1.29	-0.8235	0.026	-0.4548675	NAN	
8.4	-1.28	-0.8185	0.028	-0.4545975	NAN	
8.41	-1.275	-0.814	0.0215	-0.45435	NAN	
8.42	-1.265	-0.8095	0.0325	-0.45408	NAN	
8.43	-1.26	-0.805	0.024	-0.4537975	NAN	
8.44	-1.25	-0.8005	0.0365	-0.453495	NAN	
8.45	-1.24	-0.7955	0.0255	-0.453185	NAN	
8.46	-1.235	-0.791	0.031	-0.4529025	NAN	
8.47	-1.225	-0.786	0.024	-0.4526275	NAN	
8.48	-1.22	-0.7815	0.03	-0.4523575	NAN	
8.49	-1.21	-0.7765	0.029	-0.4520625	NAN	
8.5	-1.2	-0.772	0.034	-0.4517475	NAN	
8.51	-1.195	-0.767	0.0285	-0.451435	NAN	
8.52	-1.185	-0.7625	0.035	-0.4511175	NAN	
8.53	-1.18	-0.7575	0.0245	-0.45082	NAN	
8.54	-1.17	-0.7535	0.033	-0.4505325	NAN	
8.55	-1.16	-0.7485	0.027	-0.4502325	NAN	
8.56	-1.155	-0.7435	0.0385	-0.449905	NAN	
8.57	-1.145	-0.739	0.0315	-0.449555	NAN	
8.58	-1.14	-0.7345	0.035	-0.4492225	NAN	
8.59	-1.13	-0.7295	0.0275	-0.44891	NAN	
8.6	-1.12	-0.725	0.0325	-0.44861	NAN	
8.61	-1.115	-0.7205	0.029	-0.4483025	NAN	
8.62	-1.105	-0.7155	0.041	-0.4479525	NAN	
8.63	-1.1	-0.7105	0.0335	-0.44758	NAN	
8.64	-1.09	-0.7065	0.038	-0.4472225	NAN	
8.65	-1.08	-0.7015	0.0285	-0.44689	NAN	
8.66	-1.075	-0.697	0.037	-0.4465625	NAN	
8.67	-1.065	-0.6925	0.0335	-0.44621	NAN	
8.68	-1.06	-0.6875	0.039	-0.4458475	NAN	
8.69	-1.05	-0.6825	0.037	-0.4454675	NAN	
8.7	-1.04	-0.6785	0.041	-0.4450775	NAN	
8.71	-1.035	-0.6735	0.0325	-0.44471	NAN	
8.72	-1.025	-0.669	0.04	-0.4443475	NAN	
8.73	-1.02	-0.664	0.033	-0.4439825	NAN	
8.74	-1.01	-0.6595	0.044	-0.4435975	NAN	
8.75	-1	-0.655	0.036	-0.4431975	NAN	
8.76	-0.995	-0.65	0.045	-0.4427925	NAN	
8.77	-0.985	-0.6455	0.039	-0.4423725	NAN	
8.78	-0.98	-0.641	0.0395	-0.44198	NAN	
8.79	-0.97	-0.636	0.0365	-0.4416	NAN	
8.8	-0.96	-0.6315	0.0435	-0.4412	NAN	
8.81	-0.955	-0.627	0.041	-0.4407775	NAN	
8.82	-0.945	-0.6225	0.048	-0.4403325	NAN	
8.83	-0.94	-0.618	0.039	-0.4398975	NAN	
8.84	-0.93	-0.6135	0.045	-0.4394775	NAN	
8.85	-0.92	-0.609	0.036	-0.4390725	NAN	
8.86	-0.915	-0.604	0.0455	-0.438665	NAN	
8.87	-0.905	-0.5995	0.0465	-0.438205	NAN	
8.88	-0.9	-0.595	0.0485	-0.43773	NAN	
8.89	-0.89	-0.5905	0.0445	-0.437265	NAN	
8.9	-0.88	-0.5855	0.046	-0.4368125	NAN	
8.91	-0.875	-0.581	0.0425	-0.43637	NAN	
8.92	-0.865	-0.5765	0.0495	-0.43591	NAN	
8.93	-0.86	-0.5715	0.0465	-0.43543	NAN	
8.94	-0.85	-0.567	0.055	-0.4349225	NAN	
8.95	-0.84	-0.5625	0.046	-0.4344175	NAN	
8.96	-0.835	-0.558	0.0495	-0.43394	NAN	
8.97	-0.825	-0.5535	0.0475	-0.433455	NAN	
8.98	-0.82	-0.5485	0.052	-0.4329575	NAN	
8.99	-0.81	-0.544	0.051	-0.4324425	NAN	
9	-0.8	-0.5395	0.054	-0.4319175	NAN	
9.01	-0.795	-0.535	0.052	-0.4313875	NAN	
9.02	-0.785	-0.5305	0.054	-0.4308575	NAN	
9.03	-0.78	-0.5255	0.049	-0.4303425	NAN	
9.04	-0.77	-0.521	0.0555	-0.42982	NAN	
9.05	-0.76	-0.5165	0.0545	-0.42927	NAN	
9.06	-0.755	-0.512	0.0575	-0.42871	NAN	
9.07	-0.745	-0.5075	0.058	-0.4281325	NAN	
9.08	-0.74	-0.5025	0.0555	-0.427565	NAN	
9.09	-0.73	-0.4985	0.057	-0.4270025	NAN	
9.1	-0.72	-0.494	0.055	-0.4264425	NAN	
9.11	-0.715	-0.4895	0.061	-0.4258625	NAN	
9.12	-0.705	-0.485	0.0645	-0.425235	NAN	
9.13	-0.7	-0.4805	0.06	-0.4246125	NAN	
9.14	-0.69	-0.476	0.06	-0.4240125	NAN	
9.15	-0.68	-0.4715	0.059	-0.4234175	NAN	
9.16	-0.675	-0.467	0.0635	-0.422805	NAN	
9.17	-0.665	-0.4625	0.067	-0.4221525	NAN	
9.18	-0.66	-0.458	0.0655	-0.42149	NAN	
9.19	-0.65	-0.4535	0.068	-0.4208225	NAN	
9.2	-0.64	-0.449	0.0625	-0.42017	NAN	
9.21	-0.635	-0.4445	0.063	-0.4195425	NAN	
9.22	-0.625	-0.4405	0.068	-0.4188875	NAN	
9.23	-0.62	-0.436	0.069	-0.4182025	NAN	
9.24	-0.61	-0.4315	0.072	-0.4174975	NAN	
9.25	-0.6	-0.427	0.068	-0.4167975	NAN	
9.26	-0.595	-0.423	0.068	-0.4161175	NAN	
9.27	-0.585	-0.4185	0.072	-0.4154175	NAN	
9.28	-0.58	-0.414	0.0685	-0.414715	NAN	
9.29	-0.57	-0.41	0.077	-0.4139875	NAN	
9.3	-0.56	-0.4055	0.075	-0.4132275	NAN	
9.31	-0.555	-0.401	0.0785	-0.41246	NAN	
9.32	-0.545	-0.397	0.076	-0.4116875	NAN	
9.33	-0.54	-0.392	0.076	-0.4109275	NAN	
9.34	-0.53	-0.3875	0.078	-0.4101575	NAN	
9.35	-0.52	-0.3835	0.0805	-0.409365	NAN	
9.36	-0.515	-0.379	0.082	-0.4085525	NAN	
9.37	-0.505	-0.375	0.0855	-0.407715	NAN	
9.38	-0.5	-0.371	0.0785	-0.406895	NAN	
9.39	-0.49	-0.3665	0.083	-0.4060875	NAN	
9.4	-0.48	-0.362	0.081	-0.4052675	NAN	
9.41	-0.475	-0.3575	0.0915	-0.404405	NAN	
9.42	-0.465	-0.3535	0.089	-0.4035025	NAN	
9.43	-0.46	-0.349	0.089	-0.4026125	NAN	
9.44	-0.45	-0.345	0.086	-0.4017375	NAN	
9.45	-0.44	-0.3405	0.0905	-0.400855	NAN	
9.46	-0.435	-0.3365	0.09	-0.3999525	NAN	
9.47	-0.425	-0.3325	0.1	-0.3990025	NAN	
9.48	-0.42	-0.328	0.093	-0.3980375	NAN	
9.49	-0.41	-0.3235	0.0975	-0.397085	NAN	
9.5	-0.4	-0.32	0.0895	-0.39615	NAN	
9.51	-0.395	-0.3155	0.101	-0.3951975	NAN	
9.52	-0.385	-0.311	0.101	-0.3941875	NAN	
9.53	-0.38	-0.307	0.104	-0.3931625	NAN	
9.54	-0.37	-0.303	0.102	-0.3921325	NAN	
9.55	-0.36	-0.299	0.103	-0.3911075	NAN	
9.56	-0.355	-0.2945	0.101	-0.3900875	NAN	
9.57	-0.345	-0.2905	0.111	-0.3890275	NAN	
9.58	-0.34	-0.2865	0.107	-0.3879375	NAN	
9.59	-0.33	-0.2825	0.1155	-0.386825	NAN	
9.6	-0.32	-0.2785	0.104	-0.3857275	NAN	
9.61	-0.315	-0.274	0.1115	-0.38465	NAN	
9.62	-0.305	-0.27	0.111	-0.3835375	NAN	
9.63	-0.3	-0.266	0.1185	-0.38239	NAN	
9.64	-0.29	-0.262	0.1155	-0.38122	NAN	
9.65	-0.28	-0.258	0.119	-0.3800475	NAN	
9.66	-0.275	-0.2535	0.114	-0.3788825	NAN	
9.67	-0.265	-0.25	0.1235	-0.377695	NAN	
9.68	-0.26	-0.246	0.1195	-0.37648	NAN	
9.69	-0.25	-0.242	0.1315	-0.375225	NAN	
9.7	-0.24	-0.238	0.1215	-0.37396	NAN	
9.71	-0.235	-0.234	0.128	-0.3727125	NAN	
9.72	-0.225	-0.23	0.127	-0.3714375	NAN	
9.73	-0.22	-0.226	0.135	-0.3701275	NAN	
9.74	-0.21	-0.222	0.1325	-0.36879	NAN	
9.75	-0.2	-0.218	0.1375	-0.36744	NAN	
9.76	-0.195	-0.214	0.134	-0.3660825	NAN	
9.77	-0.185	-0.21	0.1425	-0.3647	NAN	
9.78	-0.18	-0.206	0.134	-0.3633175	NAN	
9.79	-0.17	-0.202	0.1475	-0.36191	NAN	
9.8	-0.16	-0.1985	0.1425	-0.36046	NAN	
9.81	-0.155	-0.1945	0.149	-0.3590025	NAN	
9.82	-0.145	-0.1905	0.144	-0.3575375	NAN	
9.83	-0.14	-0.187	0.149	-0.3560725	NAN	
9.84	-0.13	-0.1825	0.149	-0.3545825	NAN	
9.85	-0.12	-0.179	0.155	-0.3530625	NAN	
9.86	-0.115	-0.1755	0.155	-0.3515125	NAN	
9.87	-0.105	-0.171	0.161	-0.3499325	NAN	
9.88	-0.1	-0.1675	0.1515	-0.34837	NAN	
9.89	-0.09	-0.164	0.1625	-0.3468	NAN	
9.9	-0.08	-0.1595	0.1595	-0.34519	NAN	
9.91	-0.075	-0.157	0.17	-0.3435425	NAN	
9.92	-0.065	-0.152	0.1655	-0.341865	NAN	
9.93	-0.06	-0.1485	0.168	-0.3401975	NAN	
9.94	-0.05	-0.1445	0.167	-0.3385225	NAN	
9.95	-0.04	-0.1415	0.173	-0.3368225	NAN	
9.96	-0.035	-0.137	0.174	-0.3350875	NAN	
9.97	-0.025	-0.133	0.183	-0.3333025	NAN	
9.98	-0.02	-0.1295	0.1735	-0.33152	NAN	
9.99	-0.01	-0.1255	0.181	-0.3297475	NAN	
10	0	-0.122	0.1785	-0.32795	NAN	
10.01	0.005	-0.1185	0.189	-0.3261125	NAN	
10.02	0.015	-0.1145	0.184	-0.3242475	NAN	
10.03	0.02	-0.111	0.187	-0.3223925	NAN	
10.04	0.03	-0.107	0.187	-0.3205225	NAN	
10.05	0.04	-0.103	0.1935	-0.31862	NAN	
10.06	0.045	-0.1	0.1935	-0.316685	NAN	
10.07	0.055	-0.0955	0.202	-0.3147075	NAN	
10.08	0.06	-0.0925	0.194	-0.3127275	NAN	
10.09	0.07	-0.089	0.2025	-0.310745	NAN	
10.1	0.08	-0.085	0.1985	-0.30874	NAN	
10.11	0.085	-0.0815	0.212	-0.3066875	NAN	
10.12	0.095	-0.078	0.2085	-0.304585	NAN	
10.13	0.1	-0.074	0.2085	-0.3025	NAN	
10.14	0.11	-0.071	0.2095	-0.30041	NAN	
10.15	0.12	-0.068	0.218	-0.2982725	NAN	
10.16	0.125	-0.0635	0.2165	-0.2961	NAN	
10.17	0.135	-0.0605	0.223	-0.2939025	NAN	
10.18	0.14	-0.0565	0.2165	-0.291705	NAN	
10.19	0.15	-0.0525	0.2275	-0.289485	NAN	
10.2	0.16	-0.0495	0.223	-0.2872325	NAN	
10.21	0.165	-0.046	0.2345	-0.284945	NAN	
10.22	0.175	-0.0425	0.2315	-0.282615	NAN	
10.23	0.18	-0.0385	0.233	-0.2802925	NAN	
10.24	0.19	-0.035	0.2355	-0.27795	NAN	
10.25	0.2	-0.0315	0.2425	-0.27556	NAN	
10.26	0.205	-0.0285	0.242	-0.2731375	NAN	
10.27	0.215	-0.025	0.245	-0.2707025	NAN	
10.28	0.22	-0.0215	0.2425	-0.268265	NAN	
10.29	0.23	-0.0175	0.255	-0.2657775	NAN	
10.3	0.24	-0.0145	0.25	-0.2632525	NAN	
10.31	0.245	-0.0115	0.256	-0.2607225	NAN	
10.32	0.255	-0.008	0.255	-0.2581675	NAN	
10.33	0.26	-0.004	0.2615	-0.255585	NAN	
10.34	0.27	-0.001	0.2625	-0.252965	NAN	
10.35	0.28	0.003	0.2675	-0.250315	NAN	
10.36	0.285	0.006	0.268	-0.2476375	NAN	
10.37	0.295	0.0095	0.274	-0.2449275	NAN	
10.38	0.3	0.0125	0.2705	-0.242205	NAN	
10.39	0.31	0.016	0.283	-0.2394375	NAN	
10.4	0.32	0.0195	0.2795	-0.236625	NAN	
10.41	0.325	0.022	0.2815	-0.23382	NAN	
10.42	0.335	0.026	0.282	-0.2310025	NAN	
10.43	0.34	0.0285	0.2885	-0.22815	NAN	
10.44	0.35	0.032	0.293	-0.2252425	NAN	
10.45	0.36	0.0355	0.294	-0.2223075	NAN	
10.46	0.365	0.0385	0.293	-0.2193725	NAN	
10.47	0.375	0.042	0.3035	-0.21639	NAN	
10.48	0.38	0.0445	0.302	-0.2133625	NAN	
10.49	0.39	0.0475	0.3105	-0.2103	NAN	
10.5	0.4	0.0505	0.306	-0.2072175	NAN	
10.51	0.405	0.053	0.313	-0.2041225	NAN	
10.52	0.415	0.056	0.3175	-0.20097	NAN	
10.53	0.42	0.0585	0.3245	-0.19776	NAN	
10.54	0.43	0.061	0.3255	-0.19451	NAN	
10.55	0.44	0.064	0.3265	-0.19125	NAN	
10.56	0.445	0.066	0.3295	-0.18797	NAN	
10.57	0.455	0.0685	0.342	-0.1846125	NAN	
10.58	0.46	0.0715	0.3415	-0.181195	NAN	
10.59	0.47	0.0735	0.3465	-0.177755	NAN	
10.6	0.48	0.0755	0.345	-0.1742975	NAN	
10.61	0.485	0.078	0.3575	-0.170785	NAN	
10.62	0.495	0.08	0.362	-0.1671875	NAN	
10.63	0.5	0.082	0.3635	-0.16356	NAN	
10.64	0.51	0.084	0.367	-0.1599075	NAN	
10.65	0.52	0.086	0.373	-0.1562075	NAN	
10.66	0.525	0.088	0.378	-0.1524525	NAN	
10.67	0.535	0.09	0.3865	-0.14863	NAN	
10.68	0.54	0.092	0.3835	-0.14478	NAN	
10.69	0.55	0.094	0.394	-0.1408925	NAN	
10.7	0.56	0.0955	0.396	-0.1369425	NAN	
10.71	0.565	0.0975	0.405	-0.1329375	NAN	
10.72	0.575	0.0995	0.4075	-0.128875	NAN	
10.73	0.58	0.101	0.4115	-0.12478	NAN	
10.74	0.59	0.103	0.42	-0.1206225	NAN	
10.75	0.6	0.1045	0.4255	-0.116395	NAN	
10.76	0.605	0.1065	0.423	-0.1121525	NAN	
10.77	0.615	0.1085	0.4355	-0.10786	NAN	
10.78	0.62	0.11	0.4385	-0.10349	NAN	
10.79	0.63	0.112	0.4475	-0.09906	NAN	
10.8	0.64	0.1135	0.4425	-0.09461	NAN	
10.81	0.645	0.1155	0.4535	-0.09013	NAN	
10.82	0.655	0.117	0.4625	-0.08555	NAN	
10.83	0.66	0.119	0.463	-0.0809225	NAN	
10.84	0.67	0.121	0.465	-0.0762825	NAN	
10.85	0.68	0.1225	0.4735	-0.07159	NAN	
10.86	0.685	0.1245	0.4805	-0.06682	NAN	
10.87	0.695	0.1265	0.4855	-0.06199	NAN	
10.88	0.7	0.1285	0.484	-0.0571425	NAN	
10.89	0.71	0.13	0.4995	-0.052225	NAN	
10.9	0.72	0.132	0.497	-0.0472425	NAN	
10.91	0.725	0.134	0.504	-0.0422375	NAN	
10.92	0.735	0.136	0.509	-0.0371725	NAN	
10.93	0.74	0.138	0.5185	-0.032035	NAN	
10.94	0.75	0.14	0.5175	-0.026855	NAN	
10.95	0.76	0.142	0.5215	-0.02166	NAN	
10.96	0.765	0.144	0.5265	-0.01642	NAN	
10.97	0.775	0.1465	0.539	-0.0110925	NAN	
10.98	0.78	0.1485	0.533	-0.0057325	NAN	
10.99	0.79	0.1505	0.5425	-0.000355	NAN	
11	0.8	0.153	0.544	0.0050775	NAN	
11.01	0.805	0.155	0.5555	0.010575	NAN	
11.02	0.815	0.1575	0.554	0.0161225	NAN	
11.03	0.82	0.16	0.56	0.0216925	NAN	
11.04	0.83	0.162	0.5645	0.027315	NAN	
11.05	0.84	0.1645	0.569	0.0329825	NAN	
11.06	0.845	0.167	0.569	0.0386725	NAN	
11.07	0.855	0.1695	0.581	0.0444225	NAN	
11.08	0.86	0.172	0.579	0.0502225	NAN	
11.09	0.87	0.175	0.587	0.0560525	NAN	
11.1	0.88	0.1775	0.581	0.0618925	NAN	
11.11	0.885	0.1805	0.5945	0.06777	NAN	
11.12	0.895	0.1835	0.596	0.0737225	NAN	
11.13	0.9	0.186	0.599	0.0796975	NAN	
11.14	0.91	0.189	0.6005	0.085695	NAN	
11.15	0.92	0.192	0.607	0.0917325	NAN	
11.16	0.925	0.1955	0.606	0.0977975	NAN	
11.17	0.935	0.198	0.613	0.1038925	NAN	
11.18	0.94	0.2015	0.612	0.1100175	NAN	
11.19	0.95	0.205	0.6205	0.11618	NAN	
11.2	0.96	0.2085	0.6135	0.12235	NAN	
11.21	0.965	0.212	0.621	0.1285225	NAN	
11.22	0.975	0.216	0.6225	0.13474	NAN	
11.23	0.98	0.2195	0.6245	0.140975	NAN	
11.24	0.99	0.2235	0.6215	0.147205	NAN	
11.25	1	0.2275	0.6275	0.15345	NAN	
11.26	1.005	0.232	0.625	0.1597125	NAN	
11.27	1.015	0.236	0.6305	0.16599	NAN	
11.28	1.02	0.2405	0.6265	0.172275	NAN	
11.29	1.03	0.245	0.6335	0.178575	NAN	
11.3	1.04	0.25	0.622	0.1848525	NAN	
11.31	1.045	0.255	0.629	0.1911075	NAN	
11.32	1.055	0.2605	0.6285	0.197395	NAN	
11.33	1.06	0.2655	0.6275	0.203675	NAN	
11.34	1.07	0.2715	0.622	0.2099225	NAN	
11.35	1.08	0.2775	0.624	0.2161525	NAN	
11.36	1.085	0.284	0.618	0.2223625	NAN	
11.37	1.095	0.2905	0.6175	0.22854	NAN	
11.38	1.1	0.2975	0.608	0.2346675	NAN	
11.39	1.11	0.3045	0.614	0.2407775	NAN	
11.4	1.12	0.312	0.598	0.2468375	NAN	
11.41	1.125	0.3195	0.6	0.2528275	NAN	
11.42	1.135	0.3275	0.5955	0.258805	NAN	
11.43	1.14	0.3355	0.5905	0.264735	NAN	
11.44	1.15	0.3435	0.579	0.2705825	NAN	
11.45	1.16	0.352	0.577	0.2763625	NAN	
11.46	1.165	0.3605	0.5715	0.282105	NAN	
11.47	1.175	0.3695	0.5685	0.287805	NAN	
11.48	1.18	0.378	0.5525	0.29341	NAN	
11.49	1.19	0.387	0.556	0.2989525	NAN	
11.5	1.2	0.3965	0.541	0.3044375	NAN	
11.51	1.205	0.4055	0.5395	0.30984	NAN	
11.52	1.215	0.4145	0.529	0.3151825	NAN	
11.53	1.22	0.424	0.5255	0.320455	NAN	
11.54	1.23	0.4335	0.5155	0.32566	NAN	
11.55	1.24	0.4435	0.507	0.3307725	NAN	
11.56	1.245	0.453	0.4955	0.335785	NAN	
11.57	1.255	0.463	0.497	0.3407475	NAN	
11.58	1.26	0.473	0.48	0.3456325	NAN	
11.59	1.27	0.483	0.476	0.3504125	NAN	
11.6	1.28	0.4935	0.4605	0.355095	NAN	
11.61	1.285	0.504	0.4605	0.3597	NAN	
11.62	1.295	0.514	0.4455	0.36423	NAN	
11.63	1.3	0.5245	0.437	0.3686425	NAN	
11.64	1.31	0.5355	0.4265	0.37296	NAN	
11.65	1.32	0.546	0.4215	0.3772	NAN	
11.66	1.325	0.557	0.4065	0.38134	NAN	
11.67	1.335	0.568	0.4015	0.38538	NAN	
11.68	1.34	0.579	0.385	0.3893125	NAN	
11.69	1.35	0.59	0.386	0.3931675	NAN	
11.7	1.36	0.601	0.365	0.3969225	NAN	
11.71	1.365	0.6125	0.358	0.4005375	NAN	
11.72	1.375	0.624	0.348	0.4040675	NAN	
11.73	1.38	0.6355	0.3435	0.407525	NAN	
11.74	1.39	0.6465	0.327	0.4108775	NAN	
11.75	1.4	0.658	0.3165	0.414095	NAN	
11.76	1.405	0.6695	0.3035	0.417195	NAN	
11.77	1.415	0.681	0.3035	0.42023	NAN	
11.78	1.42	0.6925	0.284	0.4231675	NAN	
11.79	1.43	0.7035	0.28	0.4259875	NAN	
11.8	1.44	0.715	0.2595	0.428685	NAN	
11.81	1.445	0.726	0.258	0.4312725	NAN	
11.82	1.455	0.737	0.247	0.4337975	NAN	
11.83	1.46	0.748	0.242	0.4362425	NAN	
11.84	1.47	0.759	0.225	0.4385775	NAN	
11.85	1.48	0.7695	0.216	0.4407825	NAN	
11.86	1.485	0.7805	0.207	0.4428975	NAN	
11.87	1.495	0.7905	0.209	0.4449775	NAN	
11.88	1.5	0.801	0.19	0.4469725	NAN	
11.89	1.51	0.811	0.187	0.4488575	NAN	
11.9	1.52	0.821	0.171	0.4506475	NAN	
11.91	1.525	0.831	0.173	0.4523675	NAN	
11.92	1.535	0.8405	0.1625	0.454045	NAN	
11.93	1.54	0.85	0.1595	0.455655	NAN	
11.94	1.55	0.859	0.1465	0.457185	NAN	
11.95	1.56	0.868	0.141	0.4586225	NAN	
11.96	1.565	0.877	0.1325	0.45999	NAN	
11.97	1.575	0.8855	0.1385	0.461345	NAN	
11.98	1.58	0.8935	0.125	0.4626625	NAN	
11.99	1.59	0.902	0.1245	0.46391	NAN	
12	1.6	0.91	0.109	0.4650775	NAN	
12.01	1.605	0.9175	0.1115	0.46618	NAN	
12.02	1.615	0.9255	0.1045	0.46726	NAN	
12.03	1.62	0.9325	0.1065	0.468315	NAN	
12.04	1.63	0.94	0.0985	0.46934	NAN	
12.05	1.64	0.947	0.096	0.4703125	NAN	
12.06	1.645	0.954	0.0845	0.471215	NAN	
12.07	1.655	0.9605	0.0915	0.472095	NAN	
12.08	1.66	0.967	0.0835	0.47297	NAN	
12.09	1.67	0.974	0.09	0.4738375	NAN	
12.1	1.68	0.98	0.0755	0.474665	NAN	
12.11	1.685	0.9865	0.0795	0.47544	NAN	
12.12	1.695	0.9925	0.074	0.4762075	NAN	
12.13	1.7	0.999	0.075	0.4769525	NAN	
12.14	1.71	1.0045	0.0715	0.477685	NAN	
12.15	1.72	1.011	0.0745	0.478415	NAN	
12.16	1.725	1.0165	0.0665	0.47912	NAN	
12.17	1.735	1.02	0.0685	0.479795	NAN	
12.18	1.74	1.02	0.059	0.4804325	NAN	
12.19	1.75	1.02	0.0675	0.481065	NAN	
12.2	1.76	1.02	0.059	0.4816975	NAN	
12.21	1.765	1.02	0.0665	0.482325	NAN	
12.22	1.775	1.02	0.06	0.4829575	NAN	
12.23	1.78	1.02	0.061	0.4835625	NAN	
12.24	1.79	1.02	0.0525	0.48413	NAN	
12.25	1.8	1.02	0.0575	0.48468	NAN	
12.26	1.805	1.02	0.0565	0.48525	NAN	
12.27	1.815	1.02	0.063	0.4858475	NAN	
12.28	1.82	1.02	0.0515	0.48642	NAN	
12.29	1.83	1.02	0.0565	0.48696	NAN	
12.3	1.84	1.02	0.0465	0.487475	NAN	
12.31	1.845	1.02	0.0545	0.48798	NAN	
12.32	1.855	1.02	0.0525	0.488515	NAN	
12.33	1.86	1.02	0.057	0.4890625	NAN	
12.34	1.87	1.02	0.049	0.4895925	NAN	
12.35	1.88	1.02	0.049	0.4900825	NAN	
12.36	1.885	1.02	0.045	0.4905525	NAN	
12.37	1.895	1.02	0.054	0.4910475	NAN	
12.38	1.9	1.02	0.046	0.4915475	NAN	
12.39	1.91	1.02	0.019	0.4918725	NAN	
12.4	1.92	1.02	0.048	0.4922075	NAN	
12.41	1.925	1.02	-0.005	0.4924225	NAN	
12.42	1.935	1.02	0.0225	0.49251	NAN	
12.43	1.94	1.02	-0.0005	0.49262	NAN	
12.44	1.95	1.02	0.028	0.4927575	NAN	
12.45	1.96	1.02	-0.0035	0.49288	NAN	
12.46	1.965	1.02	0.0255	0.49299	NAN	
12.47	1.975	1.02	-0.0065	0.493085	NAN	
12.48	1.98	1.02	0.0235	0.49317	NAN	
12.49	1.99	1.02	-0.001	0.4932825	NAN	
12.5	2	1.02	0.0265	0.49341	NAN	
