MIN=0	-10	-1	-1	-2	0	
MAX=12.5	10	1	1	2	50	
SCALE=5	5	0.5	0.5	1	10	
DEC=2	2	3	3	2	2	
DEF="Time" t / s	"Voltage" U_1 / V	"Current" I_1 / A	"Voltage" U_B2 / V	"Magnetic Flux" &F / Vs	"Frequency" f / Hz	
0	0	-0.0005	-0.0035	0	NAN	
0.01	0.005	-0.001	0.0065	1.5E-5	NAN	
0.02	0.015	0	0.0135	0.000115	NAN	
0.03	0.02	0.0005	0.022	0.0002925	NAN	
0.04	0.03	0.0015	0.024	0.0005225	NAN	
0.05	0.04	0.002	0.0335	0.00081	NAN	
0.06	0.045	0.003	0.035	0.0011525	NAN	
0.07	0.055	0.0045	0.0465	0.00156	NAN	
0.08	0.06	0.0055	0.044	0.0020125	NAN	
0.09	0.07	0.007	0.0575	0.00252	NAN	
0.1	0.08	0.0085	0.0555	0.003085	NAN	
0.11	0.085	0.01	0.068	0.0037025	NAN	
0.12	0.095	0.0115	0.072	0.0044025	NAN	
0.13	0.1	0.0135	0.081	0.0051675	NAN	
0.14	0.11	0.0155	0.0835	0.00599	NAN	
0.15	0.12	0.0175	0.0885	0.00685	NAN	
0.16	0.125	0.0195	0.0895	0.00774	NAN	
0.17	0.135	0.0215	0.1	0.0086875	NAN	
0.18	0.14	0.0235	0.0965	0.00967	NAN	
0.19	0.15	0.026	0.1045	0.010675	NAN	
0.2	0.16	0.0285	0.101	0.0117025	NAN	
0.21	0.165	0.0305	0.114	0.0127775	NAN	
0.22	0.175	0.033	0.117	0.0139325	NAN	
0.23	0.18	0.036	0.123	0.0151325	NAN	
0.24	0.19	0.038	0.1245	0.01637	NAN	
0.25	0.2	0.04	0.1325	0.017655	NAN	
0.26	0.205	0.043	0.1345	0.01899	NAN	
0.27	0.215	0.0455	0.1455	0.02039	NAN	
0.28	0.22	0.0475	0.1395	0.021815	NAN	
0.29	0.23	0.0495	0.151	0.0232675	NAN	
0.3	0.24	0.053	0.1475	0.02476	NAN	
0.31	0.245	0.0555	0.155	0.0262725	NAN	
0.32	0.255	0.0585	0.1555	0.027825	NAN	
0.33	0.26	0.0605	0.162	0.0294125	NAN	
0.34	0.27	0.063	0.1635	0.03104	NAN	
0.35	0.28	0.064	0.169	0.0327025	NAN	
0.36	0.285	0.068	0.1705	0.0344	NAN	
0.37	0.295	0.071	0.183	0.0361675	NAN	
0.38	0.3	0.0735	0.18	0.0379825	NAN	
0.39	0.31	0.076	0.1915	0.03984	NAN	
0.4	0.32	0.078	0.188	0.0417375	NAN	
0.41	0.325	0.082	0.2	0.0436775	NAN	
0.42	0.335	0.083	0.2005	0.04568	NAN	
0.43	0.34	0.0855	0.206	0.0477125	NAN	
0.44	0.35	0.088	0.207	0.0497775	NAN	
0.45	0.36	0.0905	0.2135	0.05188	NAN	
0.46	0.365	0.093	0.214	0.0540175	NAN	
0.47	0.375	0.0955	0.224	0.0562075	NAN	
0.48	0.38	0.098	0.2185	0.05842	NAN	
0.49	0.39	0.1005	0.2305	0.060665	NAN	
0.5	0.4	0.103	0.226	0.0629475	NAN	
0.51	0.405	0.1055	0.2355	0.065255	NAN	
0.52	0.415	0.108	0.2345	0.067605	NAN	
0.53	0.42	0.111	0.241	0.0699825	NAN	
0.54	0.43	0.1135	0.2415	0.072395	NAN	
0.55	0.44	0.1165	0.2455	0.07483	NAN	
0.56	0.445	0.1195	0.2465	0.07729	NAN	
0.57	0.455	0.122	0.2575	0.07981	NAN	
0.58	0.46	0.125	0.254	0.0823675	NAN	
0.59	0.47	0.1275	0.266	0.0849675	NAN	
0.6	0.48	0.13	0.261	0.0876025	NAN	
0.61	0.485	0.132	0.274	0.0902775	NAN	
0.62	0.495	0.135	0.2765	0.09303	NAN	
0.63	0.5	0.137	0.284	0.0958325	NAN	
0.64	0.51	0.139	0.283	0.0986675	NAN	
0.65	0.52	0.1415	0.29	0.1015325	NAN	
0.66	0.525	0.1435	0.2935	0.10445	NAN	
0.67	0.535	0.146	0.305	0.1074425	NAN	
0.68	0.54	0.1485	0.3	0.1104675	NAN	
0.69	0.55	0.1505	0.3115	0.113525	NAN	
0.7	0.56	0.1525	0.308	0.1166225	NAN	
0.71	0.565	0.1545	0.32	0.1197625	NAN	
0.72	0.575	0.1565	0.32	0.1229625	NAN	
0.73	0.58	0.159	0.3255	0.12619	NAN	
0.74	0.59	0.1615	0.3275	0.129455	NAN	
0.75	0.6	0.1635	0.334	0.1327625	NAN	
0.76	0.605	0.166	0.335	0.1361075	NAN	
0.77	0.615	0.168	0.3445	0.139505	NAN	
0.78	0.62	0.1705	0.3405	0.14293	NAN	
0.79	0.63	0.1725	0.3525	0.146395	NAN	
0.8	0.64	0.175	0.3485	0.1499	NAN	
0.81	0.645	0.1775	0.356	0.1534225	NAN	
0.82	0.655	0.18	0.3575	0.15699	NAN	
0.83	0.66	0.1825	0.3645	0.1606	NAN	
0.84	0.67	0.185	0.3645	0.164245	NAN	
0.85	0.68	0.1875	0.371	0.1679225	NAN	
0.86	0.685	0.19	0.371	0.1716325	NAN	
0.87	0.695	0.1925	0.383	0.1754025	NAN	
0.88	0.7	0.1955	0.3785	0.17921	NAN	
0.89	0.71	0.1985	0.387	0.1830375	NAN	
0.9	0.72	0.201	0.383	0.1868875	NAN	
0.91	0.725	0.204	0.3955	0.19078	NAN	
0.92	0.735	0.207	0.3955	0.194735	NAN	
0.93	0.74	0.21	0.3985	0.198705	NAN	
0.94	0.75	0.2135	0.3995	0.202695	NAN	
0.95	0.76	0.2165	0.4065	0.206725	NAN	
0.96	0.765	0.2205	0.404	0.2107775	NAN	
0.97	0.775	0.2235	0.4125	0.21486	NAN	
0.98	0.78	0.2275	0.4075	0.21896	NAN	
0.99	0.79	0.231	0.418	0.2230875	NAN	
1	0.8	0.235	0.41	0.2272275	NAN	
1.01	0.805	0.2385	0.419	0.2313725	NAN	
1.02	0.815	0.2425	0.417	0.2355525	NAN	
1.03	0.82	0.247	0.4225	0.23975	NAN	
1.04	0.83	0.251	0.419	0.2439575	NAN	
1.05	0.84	0.2555	0.4215	0.24816	NAN	
1.06	0.845	0.26	0.42	0.2523675	NAN	
1.07	0.855	0.2645	0.429	0.2566125	NAN	
1.08	0.86	0.2695	0.4195	0.260855	NAN	
1.09	0.87	0.2745	0.427	0.2650875	NAN	
1.1	0.88	0.2795	0.418	0.2693125	NAN	
1.11	0.885	0.2845	0.427	0.2735375	NAN	
1.12	0.895	0.2895	0.4235	0.27779	NAN	
1.13	0.9	0.295	0.424	0.2820275	NAN	
1.14	0.91	0.3	0.42	0.2862475	NAN	
1.15	0.92	0.3055	0.4235	0.290465	NAN	
1.16	0.925	0.3115	0.4175	0.29467	NAN	
1.17	0.935	0.3175	0.4235	0.298875	NAN	
1.18	0.94	0.323	0.414	0.3030625	NAN	
1.19	0.95	0.329	0.421	0.3072375	NAN	
1.2	0.96	0.3355	0.41	0.3113925	NAN	
1.21	0.965	0.3415	0.413	0.3155075	NAN	
1.22	0.975	0.3475	0.4075	0.31961	NAN	
1.23	0.98	0.354	0.41	0.3236975	NAN	
1.24	0.99	0.3605	0.402	0.3277575	NAN	
1.25	1	0.367	0.4035	0.331785	NAN	
1.26	1.005	0.3735	0.3965	0.335785	NAN	
1.27	1.015	0.3805	0.4025	0.33978	NAN	
1.28	1.02	0.387	0.389	0.3437375	NAN	
1.29	1.03	0.394	0.3945	0.347655	NAN	
1.3	1.04	0.401	0.383	0.3515425	NAN	
1.31	1.045	0.408	0.388	0.3553975	NAN	
1.32	1.055	0.4155	0.379	0.3592325	NAN	
1.33	1.06	0.423	0.3785	0.36302	NAN	
1.34	1.07	0.4305	0.3695	0.36676	NAN	
1.35	1.08	0.4385	0.3705	0.37046	NAN	
1.36	1.085	0.446	0.359	0.3741075	NAN	
1.37	1.095	0.454	0.362	0.3777125	NAN	
1.38	1.1	0.4615	0.3495	0.38127	NAN	
1.39	1.11	0.4695	0.353	0.3847825	NAN	
1.4	1.12	0.4775	0.3365	0.38823	NAN	
1.41	1.125	0.486	0.341	0.3916175	NAN	
1.42	1.135	0.494	0.331	0.3949775	NAN	
1.43	1.14	0.5025	0.3295	0.39828	NAN	
1.44	1.15	0.511	0.317	0.4015125	NAN	
1.45	1.16	0.519	0.315	0.4046725	NAN	
1.46	1.165	0.5275	0.305	0.4077725	NAN	
1.47	1.175	0.536	0.3065	0.41083	NAN	
1.48	1.18	0.545	0.29	0.4138125	NAN	
1.49	1.19	0.5535	0.292	0.4167225	NAN	
1.5	1.2	0.5625	0.2755	0.41956	NAN	
1.51	1.205	0.5705	0.277	0.4223225	NAN	
1.52	1.215	0.5805	0.2645	0.42503	NAN	
1.53	1.22	0.5895	0.2615	0.42766	NAN	
1.54	1.23	0.598	0.251	0.4302225	NAN	
1.55	1.24	0.6085	0.248	0.4327175	NAN	
1.56	1.245	0.6165	0.235	0.4351325	NAN	
1.57	1.255	0.626	0.238	0.4374975	NAN	
1.58	1.26	0.6345	0.2235	0.439805	NAN	
1.59	1.27	0.6425	0.224	0.4420425	NAN	
1.6	1.28	0.653	0.209	0.4442075	NAN	
1.61	1.285	0.6625	0.211	0.4463075	NAN	
1.62	1.295	0.6705	0.2015	0.44837	NAN	
1.63	1.3	0.6795	0.1975	0.450365	NAN	
1.64	1.31	0.6885	0.1875	0.45229	NAN	
1.65	1.32	0.6975	0.1865	0.45416	NAN	
1.66	1.325	0.706	0.175	0.4559675	NAN	
1.67	1.335	0.715	0.1755	0.45772	NAN	
1.68	1.34	0.7235	0.16	0.4593975	NAN	
1.69	1.35	0.7315	0.164	0.4610175	NAN	
1.7	1.36	0.74	0.148	0.4625775	NAN	
1.71	1.365	0.7485	0.1485	0.46406	NAN	
1.72	1.375	0.7565	0.1385	0.465495	NAN	
1.73	1.38	0.765	0.1395	0.466885	NAN	
1.74	1.39	0.7725	0.1305	0.468235	NAN	
1.75	1.4	0.7805	0.1295	0.469535	NAN	
1.76	1.405	0.788	0.122	0.4707925	NAN	
1.77	1.415	0.7955	0.1285	0.472045	NAN	
1.78	1.42	0.803	0.116	0.4732675	NAN	
1.79	1.43	0.8105	0.12	0.4744475	NAN	
1.8	1.44	0.8175	0.1075	0.475585	NAN	
1.81	1.445	0.825	0.113	0.4766875	NAN	
1.82	1.455	0.832	0.1035	0.47777	NAN	
1.83	1.46	0.839	0.102	0.4787975	NAN	
1.84	1.47	0.8455	0.093	0.4797725	NAN	
1.85	1.48	0.8525	0.0945	0.48071	NAN	
1.86	1.485	0.859	0.0875	0.48162	NAN	
1.87	1.495	0.8655	0.092	0.4825175	NAN	
1.88	1.5	0.872	0.0825	0.48339	NAN	
1.89	1.51	0.878	0.0905	0.484255	NAN	
1.9	1.52	0.8845	0.0795	0.485105	NAN	
1.91	1.525	0.8905	0.0865	0.485935	NAN	
1.92	1.535	0.897	0.0805	0.48677	NAN	
1.93	1.54	0.903	0.083	0.4875875	NAN	
1.94	1.55	0.909	0.076	0.4883825	NAN	
1.95	1.56	0.915	0.0755	0.48914	NAN	
1.96	1.565	0.9205	0.069	0.4898625	NAN	
1.97	1.575	0.9265	0.0745	0.49058	NAN	
1.98	1.58	0.9325	0.064	0.4912725	NAN	
1.99	1.59	0.938	0.071	0.4919475	NAN	
2	1.6	0.9435	0.063	0.4926175	NAN	
2.01	1.605	0.9495	0.0705	0.493285	NAN	
2.02	1.615	0.955	0.0645	0.49396	NAN	
2.03	1.62	0.9605	0.0675	0.49462	NAN	
2.04	1.63	0.966	0.063	0.4952725	NAN	
2.05	1.64	0.971	0.065	0.4959125	NAN	
2.06	1.645	0.9765	0.058	0.4965275	NAN	
2.07	1.655	0.982	0.0615	0.497125	NAN	
2.08	1.66	0.987	0.0515	0.49769	NAN	
2.09	1.67	0.9925	0.0595	0.498245	NAN	
2.1	1.68	0.9975	0.0505	0.498795	NAN	
2.11	1.685	1.0025	0.059	0.4993425	NAN	
2.12	1.695	1.008	0.0545	0.49991	NAN	
2.13	1.7	1.013	0.0605	0.500485	NAN	
2.14	1.71	1.0185	0.055	0.5010625	NAN	
2.15	1.72	1.02	0.058	0.5016275	NAN	
2.16	1.725	1.02	0.0515	0.502175	NAN	
2.17	1.735	1.02	0.0585	0.502725	NAN	
2.18	1.74	1.02	0.0475	0.503255	NAN	
2.19	1.75	1.02	0.0535	0.50376	NAN	
2.2	1.76	1.02	0.0435	0.504245	NAN	
2.21	1.765	1.02	0.052	0.5047225	NAN	
2.22	1.775	1.02	0.047	0.5052175	NAN	
2.23	1.78	1.02	0.0515	0.50571	NAN	
2.24	1.79	1.02	0.0485	0.50621	NAN	
2.25	1.8	1.02	0.0535	0.50672	NAN	
2.26	1.805	1.02	0.047	0.5072225	NAN	
2.27	1.815	1.02	0.0545	0.50773	NAN	
2.28	1.82	1.02	0.044	0.5082225	NAN	
2.29	1.83	1.02	0.0505	0.508695	NAN	
2.3	1.84	1.02	0.039	0.5091425	NAN	
2.31	1.845	1.02	0.047	0.5095725	NAN	
2.32	1.855	1.02	0.0425	0.51002	NAN	
2.33	1.86	1.02	0.048	0.5104725	NAN	
2.34	1.87	1.02	0.043	0.5109275	NAN	
2.35	1.88	1.02	0.0485	0.511385	NAN	
2.36	1.885	1.02	0.014	0.5116975	NAN	
2.37	1.895	1.02	-0.0015	0.51176	NAN	
2.38	1.9	1.02	-0.0075	0.511715	NAN	
2.39	1.91	1.02	-0.003	0.5116625	NAN	
2.4	1.92	1.02	-0.003	0.5116325	NAN	
2.41	1.925	1.02	-0.0055	0.51159	NAN	
2.42	1.935	1.02	-0.0105	0.51151	NAN	
2.43	1.94	1.02	-0.006	0.5114275	NAN	
2.44	1.95	1.02	-0.0105	0.511345	NAN	
2.45	1.96	1.02	-0.0055	0.511265	NAN	
2.46	1.965	1.02	-0.0025	0.511225	NAN	
2.47	1.975	1.02	-0.0035	0.511195	NAN	
2.48	1.98	1.02	-0.0015	0.51117	NAN	
2.49	1.99	1.02	-0.001	0.5111575	NAN	
2.5	2	1.02	-0.007	0.5111175	NAN	
2.51	1.995	1.02	-0.0035	0.511065	NAN	
2.52	1.985	1.02	-0.0015	0.51104	NAN	
2.53	1.98	1.02	-0.0065	0.511	NAN	
2.54	1.97	1.02	-0.0055	0.51094	NAN	
2.55	1.96	1.02	-0.003	0.5108975	NAN	
2.56	1.955	1.02	-0.007	0.5108475	NAN	
2.57	1.945	1.02	-0.006	0.5107825	NAN	
2.58	1.94	1.02	-0.007	0.5107175	NAN	
2.59	1.93	1.02	-0.008	0.5106425	NAN	
2.6	1.92	1.02	-0.0075	0.510565	NAN	
2.61	1.915	1.02	-0.01	0.5104775	NAN	
2.62	1.905	1.02	-0.008	0.5103875	NAN	
2.63	1.9	1.02	-0.0045	0.510325	NAN	
2.64	1.89	1.02	-0.0055	0.510275	NAN	
2.65	1.88	1.02	-0.001	0.5102425	NAN	
2.66	1.875	1.02	-0.0035	0.51022	NAN	
2.67	1.865	1.02	0.0025	0.510215	NAN	
2.68	1.86	1.02	-0.0055	0.5102	NAN	
2.69	1.85	1.02	-0.0025	0.51016	NAN	
2.7	1.84	1.02	-0.0095	0.5101	NAN	
2.71	1.835	1.02	0.0005	0.510055	NAN	
2.72	1.825	1.02	-0.0105	0.510005	NAN	
2.73	1.82	1.02	-0.0055	0.509925	NAN	
2.74	1.81	1.02	-0.0155	0.50982	NAN	
2.75	1.8	1.02	-0.0065	0.50971	NAN	
2.76	1.795	1.02	-0.0135	0.50961	NAN	
2.77	1.785	1.02	-0.0115	0.509485	NAN	
2.78	1.78	1.02	-0.0155	0.50935	NAN	
2.79	1.77	1.02	-0.0095	0.509225	NAN	
2.8	1.76	1.02	-0.013	0.5091125	NAN	
2.81	1.755	1.02	-0.009	0.5090025	NAN	
2.82	1.745	1.02	-0.016	0.5088775	NAN	
2.83	1.74	1.02	-0.007	0.5087625	NAN	
2.84	1.73	1.02	-0.0155	0.50865	NAN	
2.85	1.72	1.02	-0.009	0.5085275	NAN	
2.86	1.715	1.02	-0.0165	0.5084	NAN	
2.87	1.705	1.02	-0.0105	0.508265	NAN	
2.88	1.7	1.02	-0.0175	0.508125	NAN	
2.89	1.69	1.02	-0.014	0.5079675	NAN	
2.9	1.68	1.02	-0.0185	0.507805	NAN	
2.91	1.675	1.02	-0.0145	0.50764	NAN	
2.92	1.665	1.02	-0.023	0.5074525	NAN	
2.93	1.66	1.02	-0.016	0.5072575	NAN	
2.94	1.65	1.02	-0.023	0.5070625	NAN	
2.95	1.64	1.02	-0.0135	0.50688	NAN	
2.96	1.635	1.02	-0.0205	0.50671	NAN	
2.97	1.625	1.02	-0.0165	0.506525	NAN	
2.98	1.62	1.017	-0.02	0.5063425	NAN	
2.99	1.61	1.0125	-0.0135	0.506175	NAN	
3	1.6	1.008	-0.0165	0.506025	NAN	
3.01	1.595	1.003	-0.0115	0.505885	NAN	
3.02	1.585	0.9985	-0.019	0.5057325	NAN	
3.03	1.58	0.994	-0.011	0.5055825	NAN	
3.04	1.57	0.9895	-0.019	0.5054325	NAN	
3.05	1.56	0.9845	-0.0125	0.505275	NAN	
3.06	1.555	0.98	-0.022	0.5051025	NAN	
3.07	1.545	0.975	-0.017	0.5049075	NAN	
3.08	1.54	0.9705	-0.022	0.5047125	NAN	
3.09	1.53	0.9655	-0.0195	0.504505	NAN	
3.1	1.52	0.961	-0.0235	0.50429	NAN	
3.11	1.515	0.956	-0.019	0.5040775	NAN	
3.12	1.505	0.9515	-0.027	0.5038475	NAN	
3.13	1.5	0.946	-0.019	0.5036175	NAN	
3.14	1.49	0.9415	-0.027	0.5033875	NAN	
3.15	1.48	0.9365	-0.0175	0.503165	NAN	
3.16	1.475	0.932	-0.0245	0.502955	NAN	
3.17	1.465	0.927	-0.02	0.5027325	NAN	
3.18	1.46	0.9225	-0.0235	0.502515	NAN	
3.19	1.45	0.9175	-0.016	0.5023175	NAN	
3.2	1.44	0.9125	-0.0215	0.50213	NAN	
3.21	1.435	0.908	-0.017	0.5019375	NAN	
3.22	1.425	0.903	-0.025	0.5017275	NAN	
3.23	1.42	0.898	-0.0155	0.501525	NAN	
3.24	1.41	0.8935	-0.0235	0.50133	NAN	
3.25	1.4	0.8885	-0.017	0.5011275	NAN	
3.26	1.395	0.8835	-0.0255	0.500915	NAN	
3.27	1.385	0.879	-0.0205	0.500685	NAN	
3.28	1.38	0.874	-0.0265	0.50045	NAN	
3.29	1.37	0.8695	-0.0225	0.500205	NAN	
3.3	1.36	0.8645	-0.0275	0.499955	NAN	
3.31	1.355	0.8595	-0.023	0.4997025	NAN	
3.32	1.345	0.8545	-0.031	0.4994325	NAN	
3.33	1.34	0.85	-0.0225	0.499165	NAN	
3.34	1.33	0.8455	-0.03	0.4989025	NAN	
3.35	1.32	0.8405	-0.02	0.4986525	NAN	
3.36	1.315	0.8355	-0.027	0.4984175	NAN	
3.37	1.305	0.8305	-0.023	0.4981675	NAN	
3.38	1.3	0.826	-0.0265	0.49792	NAN	
3.39	1.29	0.821	-0.0195	0.49769	NAN	
3.4	1.28	0.816	-0.025	0.4974675	NAN	
3.41	1.275	0.8115	-0.02	0.4972425	NAN	
3.42	1.265	0.807	-0.028	0.4970025	NAN	
3.43	1.26	0.802	-0.0195	0.496765	NAN	
3.44	1.25	0.7975	-0.0295	0.49652	NAN	
3.45	1.24	0.793	-0.023	0.4962575	NAN	
3.46	1.235	0.788	-0.031	0.4959875	NAN	
3.47	1.225	0.7835	-0.0265	0.4957	NAN	
3.48	1.22	0.779	-0.032	0.4954075	NAN	
3.49	1.21	0.774	-0.028	0.4951075	NAN	
3.5	1.2	0.7695	-0.0315	0.49481	NAN	
3.51	1.195	0.764	-0.025	0.4945275	NAN	
3.52	1.185	0.76	-0.0345	0.49423	NAN	
3.53	1.18	0.755	-0.024	0.4939375	NAN	
3.54	1.17	0.7505	-0.0305	0.493665	NAN	
3.55	1.16	0.7455	-0.021	0.4934075	NAN	
3.56	1.155	0.7405	-0.03	0.4931525	NAN	
3.57	1.145	0.736	-0.025	0.4928775	NAN	
3.58	1.14	0.7315	-0.0295	0.492605	NAN	
3.59	1.13	0.7265	-0.0245	0.492335	NAN	
3.6	1.12	0.722	-0.0325	0.49205	NAN	
3.61	1.115	0.717	-0.027	0.4917525	NAN	
3.62	1.105	0.7125	-0.0365	0.491435	NAN	
3.63	1.1	0.7075	-0.028	0.4911125	NAN	
3.64	1.09	0.7035	-0.038	0.4907825	NAN	
3.65	1.08	0.6985	-0.03	0.4904425	NAN	
3.66	1.075	0.694	-0.038	0.4901025	NAN	
3.67	1.065	0.689	-0.031	0.4897575	NAN	
3.68	1.06	0.6845	-0.0375	0.489415	NAN	
3.69	1.05	0.6795	-0.0315	0.48907	NAN	
3.7	1.04	0.6755	-0.035	0.4887375	NAN	
3.71	1.035	0.6705	-0.029	0.4884175	NAN	
3.72	1.025	0.666	-0.038	0.4880825	NAN	
3.73	1.02	0.661	-0.028	0.4877525	NAN	
3.74	1.01	0.656	-0.0355	0.487435	NAN	
3.75	1	0.6515	-0.0265	0.487125	NAN	
3.76	0.995	0.647	-0.038	0.4868025	NAN	
3.77	0.985	0.642	-0.033	0.4864475	NAN	
3.78	0.98	0.6375	-0.038	0.4860925	NAN	
3.79	0.97	0.6325	-0.0335	0.485735	NAN	
3.8	0.96	0.628	-0.041	0.4853625	NAN	
3.81	0.955	0.623	-0.0345	0.484985	NAN	
3.82	0.945	0.619	-0.0445	0.48459	NAN	
3.83	0.94	0.614	-0.0335	0.4842	NAN	
3.84	0.93	0.6095	-0.045	0.4838075	NAN	
3.85	0.92	0.604	-0.036	0.4834025	NAN	
3.86	0.915	0.6	-0.0435	0.483005	NAN	
3.87	0.905	0.595	-0.038	0.4825975	NAN	
3.88	0.9	0.5905	-0.0435	0.48219	NAN	
3.89	0.89	0.5855	-0.038	0.4817825	NAN	
3.9	0.88	0.581	-0.041	0.4813875	NAN	
3.91	0.875	0.576	-0.035	0.4810075	NAN	
3.92	0.865	0.5715	-0.046	0.4806025	NAN	
3.93	0.86	0.566	-0.0365	0.48019	NAN	
3.94	0.85	0.562	-0.046	0.4797775	NAN	
3.95	0.84	0.5565	-0.037	0.4793625	NAN	
3.96	0.835	0.5525	-0.0485	0.478935	NAN	
3.97	0.825	0.5465	-0.0435	0.478475	NAN	
3.98	0.82	0.543	-0.049	0.4780125	NAN	
3.99	0.81	0.539	-0.044	0.4775475	NAN	
4	0.8	0.5335	-0.0515	0.47707	NAN	
4.01	0.795	0.5285	-0.046	0.4765825	NAN	
4.02	0.785	0.524	-0.056	0.4760725	NAN	
4.03	0.78	0.519	-0.0455	0.475565	NAN	
4.04	0.77	0.5145	-0.0565	0.475055	NAN	
4.05	0.76	0.5095	-0.0445	0.47455	NAN	
4.06	0.755	0.505	-0.052	0.4740675	NAN	
4.07	0.745	0.5	-0.047	0.4735725	NAN	
4.08	0.74	0.496	-0.053	0.4730725	NAN	
4.09	0.73	0.491	-0.046	0.4725775	NAN	
4.1	0.72	0.486	-0.051	0.4720925	NAN	
4.11	0.715	0.4815	-0.046	0.4716075	NAN	
4.12	0.705	0.477	-0.058	0.4710875	NAN	
4.13	0.7	0.472	-0.049	0.4705525	NAN	
4.14	0.69	0.4675	-0.059	0.4700125	NAN	
4.15	0.68	0.4625	-0.051	0.4694625	NAN	
4.16	0.675	0.4585	-0.0615	0.4689	NAN	
4.17	0.665	0.4535	-0.0575	0.468305	NAN	
4.18	0.66	0.449	-0.0635	0.4677	NAN	
4.19	0.65	0.4445	-0.0575	0.467095	NAN	
4.2	0.64	0.4395	-0.0635	0.46649	NAN	
4.21	0.635	0.435	-0.0555	0.465895	NAN	
4.22	0.625	0.4305	-0.0645	0.465295	NAN	
4.23	0.62	0.426	-0.0535	0.464705	NAN	
4.24	0.61	0.4215	-0.065	0.4641125	NAN	
4.25	0.6	0.417	-0.0525	0.463525	NAN	
4.26	0.595	0.4125	-0.0625	0.46295	NAN	
4.27	0.585	0.408	-0.059	0.4623425	NAN	
4.28	0.58	0.4035	-0.067	0.4617125	NAN	
4.29	0.57	0.399	-0.061	0.4610725	NAN	
4.3	0.56	0.395	-0.0675	0.46043	NAN	
4.31	0.555	0.3905	-0.065	0.4597675	NAN	
4.32	0.545	0.386	-0.0755	0.459065	NAN	
4.33	0.54	0.3815	-0.066	0.4583575	NAN	
4.34	0.53	0.377	-0.075	0.4576525	NAN	
4.35	0.52	0.3725	-0.066	0.4569475	NAN	
4.36	0.515	0.368	-0.0765	0.456235	NAN	
4.37	0.505	0.3635	-0.071	0.4554975	NAN	
4.38	0.5	0.3595	-0.0745	0.45477	NAN	
4.39	0.49	0.355	-0.0705	0.454045	NAN	
4.4	0.48	0.3505	-0.076	0.4533125	NAN	
4.41	0.475	0.3465	-0.07	0.4525825	NAN	
4.42	0.465	0.342	-0.079	0.4518375	NAN	
4.43	0.46	0.3375	-0.0705	0.45109	NAN	
4.44	0.45	0.333	-0.081	0.4503325	NAN	
4.45	0.44	0.329	-0.0715	0.44957	NAN	
4.46	0.435	0.3245	-0.082	0.4488025	NAN	
4.47	0.425	0.3205	-0.0805	0.44799	NAN	
4.48	0.42	0.316	-0.087	0.4471525	NAN	
4.49	0.41	0.312	-0.0815	0.44631	NAN	
4.5	0.4	0.3075	-0.0885	0.44546	NAN	
4.51	0.395	0.3035	-0.086	0.4445875	NAN	
4.52	0.385	0.299	-0.096	0.4436775	NAN	
4.53	0.38	0.295	-0.086	0.4427675	NAN	
4.54	0.37	0.291	-0.096	0.4418575	NAN	
4.55	0.36	0.2865	-0.0865	0.440945	NAN	
4.56	0.355	0.2825	-0.0965	0.44003	NAN	
4.57	0.345	0.278	-0.09	0.4390975	NAN	
4.58	0.34	0.274	-0.0965	0.438165	NAN	
4.59	0.33	0.2695	-0.0915	0.437225	NAN	
4.6	0.32	0.266	-0.098	0.4362775	NAN	
4.61	0.315	0.2615	-0.0925	0.435325	NAN	
4.62	0.305	0.2575	-0.105	0.4343375	NAN	
4.63	0.3	0.2535	-0.097	0.4333275	NAN	
4.64	0.29	0.2495	-0.109	0.4322975	NAN	
4.65	0.28	0.245	-0.101	0.4312475	NAN	
4.66	0.275	0.2415	-0.1115	0.430185	NAN	
4.67	0.265	0.237	-0.11	0.4290775	NAN	
4.68	0.26	0.233	-0.1165	0.427945	NAN	
4.69	0.25	0.229	-0.1105	0.42681	NAN	
4.7	0.24	0.225	-0.116	0.4256775	NAN	
4.71	0.235	0.221	-0.1125	0.424535	NAN	
4.72	0.225	0.217	-0.1225	0.42336	NAN	
4.73	0.22	0.213	-0.112	0.4221875	NAN	
4.74	0.21	0.209	-0.1225	0.421015	NAN	
4.75	0.2	0.205	-0.1155	0.419825	NAN	
4.76	0.195	0.201	-0.1255	0.41862	NAN	
4.77	0.185	0.197	-0.1215	0.417385	NAN	
4.78	0.18	0.193	-0.129	0.4161325	NAN	
4.79	0.17	0.1895	-0.1275	0.41485	NAN	
4.8	0.16	0.1855	-0.134	0.4135425	NAN	
4.81	0.155	0.1815	-0.131	0.4122175	NAN	
4.82	0.145	0.1775	-0.142	0.4108525	NAN	
4.83	0.14	0.1735	-0.1355	0.409465	NAN	
4.84	0.13	0.17	-0.1475	0.40805	NAN	
4.85	0.12	0.166	-0.138	0.4066225	NAN	
4.86	0.115	0.1625	-0.149	0.4051875	NAN	
4.87	0.105	0.1585	-0.148	0.4037025	NAN	
4.88	0.1	0.155	-0.1525	0.4022	NAN	
4.89	0.09	0.151	-0.147	0.4007025	NAN	
4.9	0.08	0.147	-0.154	0.3991975	NAN	
4.91	0.075	0.143	-0.151	0.3976725	NAN	
4.92	0.065	0.14	-0.161	0.3961125	NAN	
4.93	0.06	0.136	-0.151	0.3945525	NAN	
4.94	0.05	0.1325	-0.163	0.3929825	NAN	
4.95	0.04	0.1285	-0.1555	0.39139	NAN	
4.96	0.035	0.125	-0.1665	0.38978	NAN	
4.97	0.025	0.121	-0.1635	0.38813	NAN	
4.98	0.02	0.1175	-0.1705	0.38646	NAN	
4.99	0.01	0.1135	-0.17	0.3847575	NAN	
5	0	0.11	-0.1765	0.383025	NAN	
5.01	-0.005	0.1065	-0.1725	0.38128	NAN	
5.02	-0.015	0.103	-0.1855	0.37949	NAN	
5.03	-0.02	0.0995	-0.178	0.3776725	NAN	
5.04	-0.03	0.096	-0.19	0.3758325	NAN	
5.05	-0.04	0.0925	-0.181	0.3739775	NAN	
5.06	-0.045	0.089	-0.193	0.3721075	NAN	
5.07	-0.055	0.0855	-0.19	0.3701925	NAN	
5.08	-0.06	0.082	-0.195	0.3682675	NAN	
5.09	-0.07	0.0785	-0.19	0.3663425	NAN	
5.1	-0.08	0.075	-0.198	0.3644025	NAN	
5.11	-0.085	0.0715	-0.195	0.3624375	NAN	
5.12	-0.095	0.0685	-0.206	0.3604325	NAN	
5.13	-0.1	0.0645	-0.198	0.3584125	NAN	
5.14	-0.11	0.0615	-0.212	0.3563625	NAN	
5.15	-0.12	0.058	-0.204	0.3542825	NAN	
5.16	-0.125	0.0545	-0.216	0.3521825	NAN	
5.17	-0.135	0.051	-0.2145	0.35003	NAN	
5.18	-0.14	0.048	-0.224	0.3478375	NAN	
5.19	-0.15	0.0445	-0.2205	0.345615	NAN	
5.2	-0.16	0.0415	-0.229	0.3433675	NAN	
5.21	-0.165	0.038	-0.226	0.3410925	NAN	
5.22	-0.175	0.035	-0.2395	0.338765	NAN	
5.23	-0.18	0.0315	-0.23	0.3364175	NAN	
5.24	-0.19	0.0285	-0.2415	0.33406	NAN	
5.25	-0.2	0.025	-0.232	0.3316925	NAN	
5.26	-0.205	0.022	-0.2455	0.329305	NAN	
5.27	-0.215	0.0185	-0.242	0.3268675	NAN	
5.28	-0.22	0.0155	-0.2485	0.324415	NAN	
5.29	-0.23	0.0125	-0.245	0.3219475	NAN	
5.3	-0.24	0.009	-0.255	0.3194475	NAN	
5.31	-0.245	0.0055	-0.2515	0.316915	NAN	
5.32	-0.255	0.003	-0.264	0.3143375	NAN	
5.33	-0.26	-0.0005	-0.2565	0.311735	NAN	
5.34	-0.27	-0.0035	-0.272	0.3090925	NAN	
5.35	-0.28	-0.007	-0.2635	0.306415	NAN	
5.36	-0.285	-0.01	-0.2775	0.30371	NAN	
5.37	-0.295	-0.0125	-0.2745	0.30095	NAN	
5.38	-0.3	-0.016	-0.2855	0.29815	NAN	
5.39	-0.31	-0.019	-0.283	0.2953075	NAN	
5.4	-0.32	-0.0215	-0.29	0.2924425	NAN	
5.41	-0.325	-0.0245	-0.2865	0.28956	NAN	
5.42	-0.335	-0.0275	-0.3015	0.28662	NAN	
5.43	-0.34	-0.03	-0.292	0.2836525	NAN	
5.44	-0.35	-0.0335	-0.3055	0.280665	NAN	
5.45	-0.36	-0.036	-0.2975	0.27765	NAN	
5.46	-0.365	-0.04	-0.3115	0.274605	NAN	
5.47	-0.375	-0.042	-0.3085	0.271505	NAN	
5.48	-0.38	-0.0445	-0.3155	0.268385	NAN	
5.49	-0.39	-0.0475	-0.3125	0.265245	NAN	
5.5	-0.4	-0.0505	-0.321	0.2620775	NAN	
5.51	-0.405	-0.0525	-0.319	0.2588775	NAN	
5.52	-0.415	-0.055	-0.3315	0.255625	NAN	
5.53	-0.42	-0.058	-0.324	0.2523475	NAN	
5.54	-0.43	-0.0605	-0.339	0.2490325	NAN	
5.55	-0.44	-0.063	-0.3315	0.24568	NAN	
5.56	-0.445	-0.066	-0.345	0.2422975	NAN	
5.57	-0.455	-0.068	-0.3435	0.238855	NAN	
5.58	-0.46	-0.07	-0.355	0.2353625	NAN	
5.59	-0.47	-0.073	-0.353	0.2318225	NAN	
5.6	-0.48	-0.075	-0.362	0.2282475	NAN	
5.61	-0.485	-0.0775	-0.361	0.2246325	NAN	
5.62	-0.495	-0.0785	-0.3775	0.22094	NAN	
5.63	-0.5	-0.0815	-0.371	0.2171975	NAN	
5.64	-0.51	-0.083	-0.385	0.2134175	NAN	
5.65	-0.52	-0.0855	-0.3785	0.2096	NAN	
5.66	-0.525	-0.0875	-0.396	0.2057275	NAN	
5.67	-0.535	-0.0895	-0.3935	0.20178	NAN	
5.68	-0.54	-0.0915	-0.4035	0.197795	NAN	
5.69	-0.55	-0.094	-0.402	0.1937675	NAN	
5.7	-0.56	-0.096	-0.4135	0.18969	NAN	
5.71	-0.565	-0.0975	-0.4125	0.18556	NAN	
5.72	-0.575	-0.099	-0.4255	0.18137	NAN	
5.73	-0.58	-0.101	-0.4195	0.177145	NAN	
5.74	-0.59	-0.1025	-0.4365	0.172865	NAN	
5.75	-0.6	-0.1045	-0.4295	0.168535	NAN	
5.76	-0.605	-0.106	-0.443	0.1641725	NAN	
5.77	-0.615	-0.108	-0.442	0.1597475	NAN	
5.78	-0.62	-0.1105	-0.454	0.1552675	NAN	
5.79	-0.63	-0.111	-0.451	0.1507425	NAN	
5.8	-0.64	-0.1115	-0.461	0.1461825	NAN	
5.81	-0.645	-0.1145	-0.459	0.1415825	NAN	
5.82	-0.655	-0.1165	-0.4745	0.136915	NAN	
5.83	-0.66	-0.118	-0.4685	0.1322	NAN	
5.84	-0.67	-0.12	-0.483	0.1274425	NAN	
5.85	-0.68	-0.121	-0.477	0.1226425	NAN	
5.86	-0.685	-0.1225	-0.4945	0.117785	NAN	
5.87	-0.695	-0.1245	-0.4925	0.11285	NAN	
5.88	-0.7	-0.127	-0.503	0.1078725	NAN	
5.89	-0.71	-0.128	-0.503	0.1028425	NAN	
5.9	-0.72	-0.1285	-0.515	0.0977525	NAN	
5.91	-0.725	-0.1315	-0.514	0.0926075	NAN	
5.92	-0.735	-0.132	-0.5285	0.087395	NAN	
5.93	-0.74	-0.1345	-0.5225	0.08214	NAN	
5.94	-0.75	-0.136	-0.538	0.0768375	NAN	
5.95	-0.76	-0.1385	-0.5325	0.071485	NAN	
5.96	-0.765	-0.14	-0.5465	0.06609	NAN	
5.97	-0.775	-0.1425	-0.545	0.0606325	NAN	
5.98	-0.78	-0.1445	-0.5575	0.05512	NAN	
5.99	-0.79	-0.146	-0.554	0.0495625	NAN	
6	-0.8	-0.148	-0.564	0.0439725	NAN	
6.01	-0.805	-0.1495	-0.5625	0.03834	NAN	
6.02	-0.815	-0.152	-0.58	0.0326275	NAN	
6.03	-0.82	-0.154	-0.572	0.0268675	NAN	
6.04	-0.83	-0.156	-0.5855	0.02108	NAN	
6.05	-0.84	-0.158	-0.58	0.0152525	NAN	
6.06	-0.845	-0.1605	-0.595	0.0093775	NAN	
6.07	-0.855	-0.1625	-0.593	0.0034375	NAN	
6.08	-0.86	-0.1645	-0.602	-0.0025375	NAN	
6.09	-0.87	-0.1675	-0.6	-0.0085475	NAN	
6.1	-0.88	-0.1695	-0.6105	-0.0146	NAN	
6.11	-0.885	-0.172	-0.6075	-0.02069	NAN	
6.12	-0.895	-0.1745	-0.621	-0.0268325	NAN	
6.13	-0.9	-0.177	-0.6145	-0.03301	NAN	
6.14	-0.91	-0.1795	-0.629	-0.0392275	NAN	
6.15	-0.92	-0.182	-0.6215	-0.04548	NAN	
6.16	-0.925	-0.185	-0.6335	-0.051755	NAN	
6.17	-0.935	-0.1885	-0.6325	-0.058085	NAN	
6.18	-0.94	-0.191	-0.6415	-0.064455	NAN	
6.19	-0.95	-0.1935	-0.6375	-0.07085	NAN	
6.2	-0.96	-0.197	-0.645	-0.0772625	NAN	
6.21	-0.965	-0.2	-0.6415	-0.083695	NAN	
6.22	-0.975	-0.2035	-0.6535	-0.09017	NAN	
6.23	-0.98	-0.207	-0.644	-0.0966575	NAN	
6.24	-0.99	-0.21	-0.6555	-0.103155	NAN	
6.25	-1	-0.2135	-0.649	-0.1096775	NAN	
6.26	-1.005	-0.217	-0.6585	-0.116215	NAN	
6.27	-1.015	-0.221	-0.655	-0.1227825	NAN	
6.28	-1.02	-0.225	-0.66	-0.1293575	NAN	
6.29	-1.03	-0.229	-0.6575	-0.135945	NAN	
6.3	-1.04	-0.233	-0.663	-0.1425475	NAN	
6.31	-1.045	-0.237	-0.657	-0.1491475	NAN	
6.32	-1.055	-0.242	-0.667	-0.1557675	NAN	
6.33	-1.06	-0.246	-0.658	-0.1623925	NAN	
6.34	-1.07	-0.251	-0.667	-0.1690175	NAN	
6.35	-1.08	-0.256	-0.655	-0.1756275	NAN	
6.36	-1.085	-0.261	-0.664	-0.1822225	NAN	
6.37	-1.095	-0.2665	-0.6585	-0.188835	NAN	
6.38	-1.1	-0.272	-0.662	-0.1954375	NAN	
6.39	-1.11	-0.278	-0.653	-0.2020125	NAN	
6.4	-1.12	-0.2835	-0.6555	-0.208555	NAN	
6.41	-1.125	-0.29	-0.6485	-0.215075	NAN	
6.42	-1.135	-0.296	-0.655	-0.2215925	NAN	
6.43	-1.14	-0.3025	-0.641	-0.2280725	NAN	
6.44	-1.15	-0.3095	-0.6465	-0.23451	NAN	
6.45	-1.16	-0.3165	-0.6335	-0.24091	NAN	
6.46	-1.165	-0.3235	-0.6385	-0.24727	NAN	
6.47	-1.175	-0.3315	-0.628	-0.2536025	NAN	
6.48	-1.18	-0.3385	-0.628	-0.2598825	NAN	
6.49	-1.19	-0.347	-0.618	-0.2661125	NAN	
6.5	-1.2	-0.355	-0.6175	-0.27229	NAN	
6.51	-1.205	-0.363	-0.605	-0.2784025	NAN	
6.52	-1.215	-0.3715	-0.608	-0.2844675	NAN	
6.53	-1.22	-0.38	-0.5935	-0.290475	NAN	
6.54	-1.23	-0.389	-0.596	-0.2964225	NAN	
6.55	-1.24	-0.3985	-0.5765	-0.302285	NAN	
6.56	-1.245	-0.4075	-0.5785	-0.30806	NAN	
6.57	-1.255	-0.4175	-0.566	-0.3137825	NAN	
6.58	-1.26	-0.4275	-0.5615	-0.31942	NAN	
6.59	-1.27	-0.4375	-0.5475	-0.324965	NAN	
6.6	-1.28	-0.4475	-0.5435	-0.33042	NAN	
6.61	-1.285	-0.458	-0.528	-0.3357775	NAN	
6.62	-1.295	-0.469	-0.527	-0.3410525	NAN	
6.63	-1.3	-0.4795	-0.5075	-0.346225	NAN	
6.64	-1.31	-0.491	-0.507	-0.3512975	NAN	
6.65	-1.32	-0.5025	-0.4865	-0.356265	NAN	
6.66	-1.325	-0.514	-0.4845	-0.36112	NAN	
6.67	-1.335	-0.526	-0.4685	-0.365885	NAN	
6.68	-1.34	-0.5375	-0.4625	-0.37054	NAN	
6.69	-1.35	-0.5495	-0.4465	-0.375085	NAN	
6.7	-1.36	-0.562	-0.439	-0.3795125	NAN	
6.71	-1.365	-0.574	-0.4205	-0.38381	NAN	
6.72	-1.375	-0.5865	-0.42	-0.3880125	NAN	
6.73	-1.38	-0.599	-0.3975	-0.3921	NAN	
6.74	-1.39	-0.6115	-0.3935	-0.396055	NAN	
6.75	-1.4	-0.624	-0.37	-0.3998725	NAN	
6.76	-1.405	-0.637	-0.3675	-0.40356	NAN	
6.77	-1.415	-0.6495	-0.3485	-0.40714	NAN	
6.78	-1.42	-0.6625	-0.339	-0.4105775	NAN	
6.79	-1.43	-0.6755	-0.32	-0.4138725	NAN	
6.8	-1.44	-0.6885	-0.313	-0.4170375	NAN	
6.81	-1.445	-0.7015	-0.2935	-0.42007	NAN	
6.82	-1.455	-0.714	-0.2895	-0.422985	NAN	
6.83	-1.46	-0.727	-0.266	-0.4257625	NAN	
6.84	-1.47	-0.7395	-0.264	-0.4284125	NAN	
6.85	-1.48	-0.752	-0.24	-0.4309325	NAN	
6.86	-1.485	-0.7645	-0.238	-0.4333225	NAN	
6.87	-1.495	-0.777	-0.221	-0.4356175	NAN	
6.88	-1.5	-0.789	-0.217	-0.4378075	NAN	
6.89	-1.51	-0.8005	-0.2005	-0.439895	NAN	
6.9	-1.52	-0.8125	-0.1935	-0.441865	NAN	
6.91	-1.525	-0.8235	-0.181	-0.4437375	NAN	
6.92	-1.535	-0.8345	-0.1825	-0.445555	NAN	
6.93	-1.54	-0.8455	-0.1645	-0.44729	NAN	
6.94	-1.55	-0.855	-0.165	-0.4489375	NAN	
6.95	-1.56	-0.8655	-0.146	-0.4504925	NAN	
6.96	-1.565	-0.8755	-0.15	-0.4519725	NAN	
6.97	-1.575	-0.8855	-0.136	-0.4534025	NAN	
6.98	-1.58	-0.8945	-0.132	-0.4547425	NAN	
6.99	-1.59	-0.904	-0.12	-0.4560025	NAN	
7	-1.6	-0.913	-0.1195	-0.4572	NAN	
7.01	-1.605	-0.921	-0.105	-0.4583225	NAN	
7.02	-1.615	-0.9295	-0.108	-0.4593875	NAN	
7.03	-1.62	-0.9375	-0.094	-0.4603975	NAN	
7.04	-1.63	-0.9455	-0.1005	-0.46137	NAN	
7.05	-1.64	-0.953	-0.086	-0.4623025	NAN	
7.06	-1.645	-0.9605	-0.0925	-0.463195	NAN	
7.07	-1.655	-0.9675	-0.0855	-0.464085	NAN	
7.08	-1.66	-0.9745	-0.0875	-0.46495	NAN	
7.09	-1.67	-0.982	-0.081	-0.4657925	NAN	
7.1	-1.68	-0.9885	-0.082	-0.4666075	NAN	
7.11	-1.685	-0.9955	-0.0745	-0.46739	NAN	
7.12	-1.695	-1.0015	-0.082	-0.4681725	NAN	
7.13	-1.7	-1.0085	-0.069	-0.4689275	NAN	
7.14	-1.71	-1.0145	-0.075	-0.4696475	NAN	
7.15	-1.72	-1.021	-0.064	-0.4703425	NAN	
7.16	-1.725	-1.027	-0.0705	-0.471015	NAN	
7.17	-1.735	-1.0275	-0.0615	-0.471675	NAN	
7.18	-1.74	-1.0275	-0.064	-0.4723025	NAN	
7.19	-1.75	-1.0275	-0.057	-0.4729075	NAN	
7.2	-1.76	-1.0275	-0.0605	-0.473495	NAN	
7.21	-1.765	-1.0275	-0.054	-0.4740675	NAN	
7.22	-1.775	-1.0275	-0.061	-0.4746425	NAN	
7.23	-1.78	-1.0275	-0.0535	-0.475215	NAN	
7.24	-1.79	-1.0275	-0.0625	-0.475795	NAN	
7.25	-1.8	-1.0275	-0.052	-0.4763675	NAN	
7.26	-1.805	-1.0275	-0.06	-0.4769275	NAN	
7.27	-1.815	-1.0275	-0.0555	-0.477505	NAN	
7.28	-1.82	-1.0275	-0.0585	-0.478075	NAN	
7.29	-1.83	-1.0275	-0.052	-0.4786275	NAN	
7.3	-1.84	-1.0275	-0.054	-0.4791575	NAN	
7.31	-1.845	-1.0275	-0.048	-0.4796675	NAN	
7.32	-1.855	-1.0275	0.001	-0.4799025	NAN	
7.33	-1.86	-1.0275	0.0015	-0.47989	NAN	
7.34	-1.87	-1.0275	0.0065	-0.47985	NAN	
7.35	-1.88	-1.0275	-0.0015	-0.479825	NAN	
7.36	-1.885	-1.0275	0.01	-0.4797825	NAN	
7.37	-1.895	-1.0275	-0.001	-0.4797375	NAN	
7.38	-1.9	-1.0275	0.0045	-0.47972	NAN	
7.39	-1.91	-1.0275	-0.013	-0.4797625	NAN	
7.4	-1.92	-1.0275	0.005	-0.4798025	NAN	
7.41	-1.925	-1.0275	-0.005	-0.4798025	NAN	
7.42	-1.935	-1.0275	-0.0075	-0.479865	NAN	
7.43	-1.94	-1.0275	0.005	-0.4798775	NAN	
7.44	-1.95	-1.0275	0.0085	-0.47981	NAN	
7.45	-1.96	-1.0275	-0.0065	-0.4798	NAN	
7.46	-1.965	-1.0275	0.0175	-0.479745	NAN	
7.47	-1.975	-1.0275	-0.001	-0.4796625	NAN	
7.48	-1.98	-1.0275	0.005	-0.4796425	NAN	
7.49	-1.99	-1.0275	-0.0025	-0.47963	NAN	
7.5	-2	-1.0275	0.0145	-0.47957	NAN	
7.51	-1.995	-1.0275	0.0135	-0.47943	NAN	
7.52	-1.985	-1.0275	0.003	-0.4793475	NAN	
7.53	-1.98	-1.0275	-0.0105	-0.479385	NAN	
7.54	-1.97	-1.0275	0.006	-0.4794075	NAN	
7.55	-1.96	-1.0275	-0.0085	-0.47942	NAN	
7.56	-1.955	-1.0275	0.0015	-0.479455	NAN	
7.57	-1.945	-1.0275	-0.008	-0.4794875	NAN	
7.58	-1.94	-1.0275	0.0095	-0.47948	NAN	
7.59	-1.93	-1.0275	0.0045	-0.47941	NAN	
7.6	-1.92	-1.0275	0.0005	-0.479385	NAN	
7.61	-1.915	-1.0275	0.0065	-0.47935	NAN	
7.62	-1.905	-1.0275	-0.0035	-0.479335	NAN	
7.63	-1.9	-1.0275	0.005	-0.4793275	NAN	
7.64	-1.89	-1.0275	-0.0005	-0.479305	NAN	
7.65	-1.88	-1.0275	0.0035	-0.47929	NAN	
7.66	-1.875	-1.0275	-0.0065	-0.479305	NAN	
7.67	-1.865	-1.0275	-0.0085	-0.47938	NAN	
7.68	-1.86	-1.0275	-0.002	-0.4794325	NAN	
7.69	-1.85	-1.0275	-0.0015	-0.47945	NAN	
7.7	-1.84	-1.0275	0.0025	-0.479445	NAN	
7.71	-1.835	-1.0275	0.004	-0.4794125	NAN	
7.72	-1.825	-1.0275	-0.0005	-0.479395	NAN	
7.73	-1.82	-1.0275	0.003	-0.4793825	NAN	
7.74	-1.81	-1.0275	0.001	-0.4793625	NAN	
7.75	-1.8	-1.0275	0.0035	-0.47934	NAN	
7.76	-1.795	-1.0275	-0.0045	-0.479345	NAN	
7.77	-1.785	-1.0275	0.007	-0.4793325	NAN	
7.78	-1.78	-1.0275	-0.0005	-0.4793	NAN	
7.79	-1.77	-1.0275	0.0085	-0.47926	NAN	
7.8	-1.76	-1.0275	0.0025	-0.479205	NAN	
7.81	-1.755	-1.0275	0.012	-0.4791325	NAN	
7.82	-1.745	-1.0275	0.0095	-0.479025	NAN	
7.83	-1.74	-1.0275	0.0145	-0.478905	NAN	
7.84	-1.73	-1.0275	0.013	-0.4787675	NAN	
7.85	-1.72	-1.0275	0.0175	-0.478615	NAN	
7.86	-1.715	-1.0275	0.012	-0.4784675	NAN	
7.87	-1.705	-1.0275	0.017	-0.4783225	NAN	
7.88	-1.7	-1.0275	0.0085	-0.478195	NAN	
7.89	-1.69	-1.0275	0.016	-0.4780725	NAN	
7.9	-1.68	-1.0275	0.01	-0.4779425	NAN	
7.91	-1.675	-1.0275	0.0175	-0.477805	NAN	
7.92	-1.665	-1.0275	0.016	-0.4776375	NAN	
7.93	-1.66	-1.0275	0.022	-0.4774475	NAN	
7.94	-1.65	-1.0275	0.017	-0.4772525	NAN	
7.95	-1.64	-1.0275	0.019	-0.4770725	NAN	
7.96	-1.635	-1.0275	0.013	-0.4769125	NAN	
7.97	-1.625	-1.0275	0.02	-0.4767475	NAN	
7.98	-1.62	-1.0225	0.0115	-0.47659	NAN	
7.99	-1.61	-1.0175	0.0185	-0.47644	NAN	
8	-1.6	-1.013	0.012	-0.4762875	NAN	
8.01	-1.595	-1.008	0.0215	-0.47612	NAN	
8.02	-1.585	-1.0035	0.018	-0.4759225	NAN	
8.03	-1.58	-0.9995	0.022	-0.4757225	NAN	
8.04	-1.57	-0.9935	0.017	-0.4755275	NAN	
8.05	-1.56	-0.989	0.0205	-0.47534	NAN	
8.06	-1.555	-0.984	0.0135	-0.47517	NAN	
8.07	-1.545	-0.9795	0.019	-0.4750075	NAN	
8.08	-1.54	-0.974	0.0125	-0.47485	NAN	
8.09	-1.53	-0.969	0.022	-0.4746775	NAN	
8.1	-1.52	-0.964	0.016	-0.4744875	NAN	
8.11	-1.515	-0.9595	0.0235	-0.47429	NAN	
8.12	-1.505	-0.954	0.0205	-0.47407	NAN	
8.13	-1.5	-0.95	0.024	-0.4738475	NAN	
8.14	-1.49	-0.9445	0.018	-0.4736375	NAN	
8.15	-1.48	-0.9395	0.0195	-0.47345	NAN	
8.16	-1.475	-0.9345	0.014	-0.4732825	NAN	
8.17	-1.465	-0.93	0.023	-0.4730975	NAN	
8.18	-1.46	-0.925	0.0145	-0.47291	NAN	
8.19	-1.45	-0.92	0.0245	-0.472715	NAN	
8.2	-1.44	-0.915	0.018	-0.4725025	NAN	
8.21	-1.435	-0.9105	0.0275	-0.472275	NAN	
8.22	-1.425	-0.905	0.022	-0.4720275	NAN	
8.23	-1.42	-0.9005	0.024	-0.4717975	NAN	
8.24	-1.41	-0.8955	0.018	-0.4715875	NAN	
8.25	-1.4	-0.891	0.0215	-0.47139	NAN	
8.26	-1.395	-0.8855	0.0165	-0.4712	NAN	
8.27	-1.385	-0.881	0.0235	-0.471	NAN	
8.28	-1.38	-0.876	0.0175	-0.470795	NAN	
8.29	-1.37	-0.871	0.0285	-0.470565	NAN	
8.3	-1.36	-0.866	0.0215	-0.470315	NAN	
8.31	-1.355	-0.8615	0.0285	-0.470065	NAN	
8.32	-1.345	-0.856	0.023	-0.4698075	NAN	
8.33	-1.34	-0.8515	0.0255	-0.469565	NAN	
8.34	-1.33	-0.8465	0.019	-0.4693425	NAN	
8.35	-1.32	-0.8415	0.0225	-0.469135	NAN	
8.36	-1.315	-0.837	0.019	-0.4689275	NAN	
8.37	-1.305	-0.832	0.0285	-0.46869	NAN	
8.38	-1.3	-0.827	0.0205	-0.468445	NAN	
8.39	-1.29	-0.822	0.0295	-0.468195	NAN	
8.4	-1.28	-0.8175	0.023	-0.4679325	NAN	
8.41	-1.275	-0.813	0.0305	-0.467665	NAN	
8.42	-1.265	-0.808	0.0235	-0.467395	NAN	
8.43	-1.26	-0.8035	0.026	-0.4671475	NAN	
8.44	-1.25	-0.799	0.02	-0.4669175	NAN	
8.45	-1.24	-0.794	0.0255	-0.46669	NAN	
8.46	-1.235	-0.7895	0.02	-0.4664625	NAN	
8.47	-1.225	-0.785	0.029	-0.4662175	NAN	
8.48	-1.22	-0.78	0.022	-0.4659625	NAN	
8.49	-1.21	-0.7755	0.0325	-0.46569	NAN	
8.5	-1.2	-0.77	0.024	-0.4654075	NAN	
8.51	-1.195	-0.766	0.0325	-0.465125	NAN	
8.52	-1.185	-0.761	0.027	-0.4648275	NAN	
8.53	-1.18	-0.7565	0.031	-0.4645375	NAN	
8.54	-1.17	-0.751	0.023	-0.4642675	NAN	
8.55	-1.16	-0.7465	0.0265	-0.46402	NAN	
8.56	-1.155	-0.742	0.0225	-0.463775	NAN	
8.57	-1.145	-0.738	0.033	-0.4634975	NAN	
8.58	-1.14	-0.7325	0.0235	-0.463215	NAN	
8.59	-1.13	-0.728	0.034	-0.4629275	NAN	
8.6	-1.12	-0.723	0.027	-0.4626225	NAN	
8.61	-1.115	-0.7185	0.036	-0.4623075	NAN	
8.62	-1.105	-0.7135	0.0285	-0.461985	NAN	
8.63	-1.1	-0.709	0.0325	-0.46168	NAN	
8.64	-1.09	-0.704	0.0265	-0.461385	NAN	
8.65	-1.08	-0.7005	0.0305	-0.4611	NAN	
8.66	-1.075	-0.6945	0.024	-0.4608275	NAN	
8.67	-1.065	-0.69	0.035	-0.4605325	NAN	
8.68	-1.06	-0.6855	0.0275	-0.46022	NAN	
8.69	-1.05	-0.6805	0.038	-0.4598925	NAN	
8.7	-1.04	-0.676	0.029	-0.4595575	NAN	
8.71	-1.035	-0.6715	0.0375	-0.459225	NAN	
8.72	-1.025	-0.6665	0.032	-0.4588775	NAN	
8.73	-1.02	-0.662	0.0355	-0.45854	NAN	
8.74	-1.01	-0.657	0.029	-0.4582175	NAN	
8.75	-1	-0.6525	0.0325	-0.45791	NAN	
8.76	-0.995	-0.6475	0.0285	-0.457605	NAN	
8.77	-0.985	-0.643	0.0395	-0.457265	NAN	
8.78	-0.98	-0.638	0.031	-0.4569125	NAN	
8.79	-0.97	-0.6335	0.0405	-0.456555	NAN	
8.8	-0.96	-0.629	0.0335	-0.456185	NAN	
8.81	-0.955	-0.624	0.0415	-0.45581	NAN	
8.82	-0.945	-0.6195	0.034	-0.4554325	NAN	
8.83	-0.94	-0.615	0.0385	-0.45507	NAN	
8.84	-0.93	-0.6105	0.033	-0.4547125	NAN	
8.85	-0.92	-0.606	0.037	-0.4543625	NAN	
8.86	-0.915	-0.601	0.032	-0.4540175	NAN	
8.87	-0.905	-0.5965	0.043	-0.4536425	NAN	
8.88	-0.9	-0.5915	0.036	-0.4532475	NAN	
8.89	-0.89	-0.587	0.0465	-0.452835	NAN	
8.9	-0.88	-0.582	0.037	-0.4524175	NAN	
8.91	-0.875	-0.5775	0.0455	-0.452005	NAN	
8.92	-0.865	-0.573	0.0395	-0.45158	NAN	
8.93	-0.86	-0.5685	0.044	-0.4511625	NAN	
8.94	-0.85	-0.5635	0.036	-0.4507625	NAN	
8.95	-0.84	-0.5585	0.0415	-0.450375	NAN	
8.96	-0.835	-0.554	0.0375	-0.44998	NAN	
8.97	-0.825	-0.5495	0.048	-0.4495525	NAN	
8.98	-0.82	-0.5445	0.039	-0.4491175	NAN	
8.99	-0.81	-0.5405	0.0505	-0.44867	NAN	
9	-0.8	-0.5355	0.0425	-0.448205	NAN	
9.01	-0.795	-0.531	0.051	-0.4477375	NAN	
9.02	-0.785	-0.526	0.0445	-0.44726	NAN	
9.03	-0.78	-0.5215	0.048	-0.4467975	NAN	
9.04	-0.77	-0.517	0.0425	-0.446345	NAN	
9.05	-0.76	-0.5125	0.0465	-0.4459	NAN	
9.06	-0.755	-0.5075	0.041	-0.4454625	NAN	
9.07	-0.745	-0.503	0.053	-0.4449925	NAN	
9.08	-0.74	-0.4985	0.045	-0.4445025	NAN	
9.09	-0.73	-0.4935	0.056	-0.4439975	NAN	
9.1	-0.72	-0.489	0.047	-0.4434825	NAN	
9.11	-0.715	-0.4845	0.0565	-0.442965	NAN	
9.12	-0.705	-0.48	0.052	-0.4424225	NAN	
9.13	-0.7	-0.4755	0.0535	-0.441895	NAN	
9.14	-0.69	-0.471	0.0475	-0.44139	NAN	
9.15	-0.68	-0.466	0.0525	-0.44089	NAN	
9.16	-0.675	-0.4615	0.049	-0.4403825	NAN	
9.17	-0.665	-0.457	0.0585	-0.439845	NAN	
9.18	-0.66	-0.4525	0.0495	-0.439305	NAN	
9.19	-0.65	-0.4475	0.0615	-0.43875	NAN	
9.2	-0.64	-0.4435	0.054	-0.4381725	NAN	
9.21	-0.635	-0.439	0.062	-0.4375925	NAN	
9.22	-0.625	-0.4345	0.056	-0.4370025	NAN	
9.23	-0.62	-0.43	0.061	-0.4364175	NAN	
9.24	-0.61	-0.4255	0.055	-0.4358375	NAN	
9.25	-0.6	-0.4205	0.059	-0.4352675	NAN	
9.26	-0.595	-0.4165	0.053	-0.4347075	NAN	
9.27	-0.585	-0.412	0.064	-0.4341225	NAN	
9.28	-0.58	-0.4075	0.0555	-0.433525	NAN	
9.29	-0.57	-0.4035	0.0665	-0.432915	NAN	
9.3	-0.56	-0.399	0.0585	-0.43229	NAN	
9.31	-0.555	-0.3945	0.07	-0.4316475	NAN	
9.32	-0.545	-0.39	0.0665	-0.430965	NAN	
9.33	-0.54	-0.3855	0.071	-0.4302775	NAN	
9.34	-0.53	-0.381	0.0645	-0.4296	NAN	
9.35	-0.52	-0.3765	0.068	-0.4289375	NAN	
9.36	-0.515	-0.372	0.063	-0.4282825	NAN	
9.37	-0.505	-0.368	0.072	-0.4276075	NAN	
9.38	-0.5	-0.363	0.063	-0.4269325	NAN	
9.39	-0.49	-0.359	0.0755	-0.42624	NAN	
9.4	-0.48	-0.3545	0.068	-0.4255225	NAN	
9.41	-0.475	-0.3505	0.079	-0.4247875	NAN	
9.42	-0.465	-0.346	0.075	-0.4240175	NAN	
9.43	-0.46	-0.3415	0.08	-0.4232425	NAN	
9.44	-0.45	-0.337	0.075	-0.4224675	NAN	
9.45	-0.44	-0.3325	0.078	-0.4217025	NAN	
9.46	-0.435	-0.3285	0.0735	-0.420945	NAN	
9.47	-0.425	-0.3245	0.083	-0.4201625	NAN	
9.48	-0.42	-0.3195	0.074	-0.4193775	NAN	
9.49	-0.41	-0.3155	0.084	-0.4185875	NAN	
9.5	-0.4	-0.311	0.0755	-0.41779	NAN	
9.51	-0.395	-0.3075	0.0885	-0.41697	NAN	
9.52	-0.385	-0.3025	0.0865	-0.416095	NAN	
9.53	-0.38	-0.2985	0.0915	-0.415205	NAN	
9.54	-0.37	-0.2945	0.087	-0.4143125	NAN	
9.55	-0.36	-0.29	0.093	-0.4134125	NAN	
9.56	-0.355	-0.286	0.0885	-0.412505	NAN	
9.57	-0.345	-0.2815	0.096	-0.4115825	NAN	
9.58	-0.34	-0.2775	0.0865	-0.41067	NAN	
9.59	-0.33	-0.2735	0.0965	-0.409755	NAN	
9.6	-0.32	-0.269	0.0875	-0.408835	NAN	
9.61	-0.315	-0.265	0.097	-0.4079125	NAN	
9.62	-0.305	-0.261	0.094	-0.4069575	NAN	
9.63	-0.3	-0.2565	0.1015	-0.40598	NAN	
9.64	-0.29	-0.2525	0.1	-0.4049725	NAN	
9.65	-0.28	-0.2485	0.1055	-0.403945	NAN	
9.66	-0.275	-0.2445	0.1015	-0.40291	NAN	
9.67	-0.265	-0.2405	0.113	-0.4018375	NAN	
9.68	-0.26	-0.2365	0.1045	-0.40075	NAN	
9.69	-0.25	-0.232	0.113	-0.3996625	NAN	
9.7	-0.24	-0.2285	0.1025	-0.398585	NAN	
9.71	-0.235	-0.2245	0.114	-0.3975025	NAN	
9.72	-0.225	-0.2205	0.1105	-0.39638	NAN	
9.73	-0.22	-0.2165	0.1165	-0.395245	NAN	
9.74	-0.21	-0.2125	0.113	-0.3940975	NAN	
9.75	-0.2	-0.2085	0.119	-0.3929375	NAN	
9.76	-0.195	-0.2045	0.1175	-0.391755	NAN	
9.77	-0.185	-0.2005	0.1295	-0.39052	NAN	
9.78	-0.18	-0.1965	0.121	-0.3892675	NAN	
9.79	-0.17	-0.1925	0.132	-0.3880025	NAN	
9.8	-0.16	-0.1885	0.124	-0.3867225	NAN	
9.81	-0.155	-0.185	0.1365	-0.38542	NAN	
9.82	-0.145	-0.181	0.1305	-0.384085	NAN	
9.83	-0.14	-0.1775	0.1355	-0.382755	NAN	
9.84	-0.13	-0.1735	0.131	-0.3814225	NAN	
9.85	-0.12	-0.1695	0.137	-0.3800825	NAN	
9.86	-0.115	-0.1655	0.132	-0.3787375	NAN	
9.87	-0.105	-0.1615	0.143	-0.3773625	NAN	
9.88	-0.1	-0.158	0.1375	-0.37596	NAN	
9.89	-0.09	-0.1545	0.151	-0.3745175	NAN	
9.9	-0.08	-0.1505	0.1425	-0.37305	NAN	
9.91	-0.075	-0.147	0.154	-0.3715675	NAN	
9.92	-0.065	-0.143	0.153	-0.3700325	NAN	
9.93	-0.06	-0.1395	0.1585	-0.368475	NAN	
9.94	-0.05	-0.1355	0.154	-0.3669125	NAN	
9.95	-0.04	-0.132	0.1595	-0.365345	NAN	
9.96	-0.035	-0.128	0.157	-0.3637625	NAN	
9.97	-0.025	-0.125	0.167	-0.3621425	NAN	
9.98	-0.02	-0.121	0.156	-0.3605275	NAN	
9.99	-0.01	-0.1175	0.1685	-0.358905	NAN	
10	0	-0.114	0.161	-0.3572575	NAN	
10.01	0.005	-0.1105	0.1725	-0.35559	NAN	
10.02	0.015	-0.1065	0.17	-0.3538775	NAN	
10.03	0.02	-0.103	0.1775	-0.35214	NAN	
10.04	0.03	-0.0995	0.1755	-0.350375	NAN	
10.05	0.04	-0.096	0.184	-0.3485775	NAN	
10.06	0.045	-0.0925	0.18	-0.3467575	NAN	
10.07	0.055	-0.089	0.1925	-0.344895	NAN	
10.08	0.06	-0.0855	0.186	-0.3430025	NAN	
10.09	0.07	-0.0825	0.197	-0.3410875	NAN	
10.1	0.08	-0.0785	0.1865	-0.33917	NAN	
10.11	0.085	-0.0755	0.1995	-0.33724	NAN	
10.12	0.095	-0.072	0.1965	-0.33526	NAN	
10.13	0.1	-0.0685	0.2025	-0.333265	NAN	
10.14	0.11	-0.065	0.197	-0.3312675	NAN	
10.15	0.12	-0.062	0.2055	-0.329255	NAN	
10.16	0.125	-0.0585	0.203	-0.3272125	NAN	
10.17	0.135	-0.055	0.216	-0.3251175	NAN	
10.18	0.14	-0.0515	0.2065	-0.323005	NAN	
10.19	0.15	-0.0485	0.2205	-0.32087	NAN	
10.2	0.16	-0.045	0.2145	-0.318695	NAN	
10.21	0.165	-0.042	0.2275	-0.316485	NAN	
10.22	0.175	-0.0385	0.2245	-0.314225	NAN	
10.23	0.18	-0.0355	0.2335	-0.311935	NAN	
10.24	0.19	-0.032	0.231	-0.3096125	NAN	
10.25	0.2	-0.029	0.238	-0.3072675	NAN	
10.26	0.205	-0.0245	0.235	-0.3049025	NAN	
10.27	0.215	-0.022	0.2485	-0.302485	NAN	
10.28	0.22	-0.0195	0.241	-0.3000375	NAN	
10.29	0.23	-0.016	0.2515	-0.297575	NAN	
10.3	0.24	-0.012	0.244	-0.2950975	NAN	
10.31	0.245	-0.01	0.2575	-0.29259	NAN	
10.32	0.255	-0.007	0.2545	-0.29003	NAN	
10.33	0.26	-0.0035	0.261	-0.2874525	NAN	
10.34	0.27	0	0.258	-0.2848575	NAN	
10.35	0.28	0.003	0.265	-0.2822425	NAN	
10.36	0.285	0.006	0.2625	-0.279605	NAN	
10.37	0.295	0.009	0.275	-0.2769175	NAN	
10.38	0.3	0.0115	0.268	-0.2742025	NAN	
10.39	0.31	0.015	0.283	-0.2714475	NAN	
10.4	0.32	0.018	0.2765	-0.26865	NAN	
10.41	0.325	0.0195	0.2865	-0.265835	NAN	
10.42	0.335	0.024	0.285	-0.2629775	NAN	
10.43	0.34	0.027	0.295	-0.2600775	NAN	
10.44	0.35	0.0295	0.2945	-0.25713	NAN	
10.45	0.36	0.0325	0.301	-0.2541525	NAN	
10.46	0.365	0.0355	0.2995	-0.25115	NAN	
10.47	0.375	0.038	0.314	-0.2480825	NAN	
10.48	0.38	0.041	0.307	-0.2449775	NAN	
10.49	0.39	0.044	0.3195	-0.241845	NAN	
10.5	0.4	0.0465	0.312	-0.2386875	NAN	
10.51	0.405	0.049	0.3255	-0.2355	NAN	
10.52	0.415	0.052	0.3235	-0.232255	NAN	
10.53	0.42	0.0545	0.33	-0.2289875	NAN	
10.54	0.43	0.057	0.3275	-0.2257	NAN	
10.55	0.44	0.06	0.3365	-0.22238	NAN	
10.56	0.445	0.062	0.3345	-0.219025	NAN	
10.57	0.455	0.064	0.3465	-0.21562	NAN	
10.58	0.46	0.067	0.3395	-0.21219	NAN	
10.59	0.47	0.0695	0.354	-0.2087225	NAN	
10.6	0.48	0.0715	0.3485	-0.20521	NAN	
10.61	0.485	0.074	0.361	-0.2016625	NAN	
10.62	0.495	0.0765	0.359	-0.1980625	NAN	
10.63	0.5	0.0785	0.3695	-0.19442	NAN	
10.64	0.51	0.081	0.369	-0.1907275	NAN	
10.65	0.52	0.083	0.3765	-0.187	NAN	
10.66	0.525	0.085	0.3755	-0.18324	NAN	
10.67	0.535	0.087	0.39	-0.1794125	NAN	
10.68	0.54	0.089	0.3845	-0.17554	NAN	
10.69	0.55	0.091	0.4	-0.1716175	NAN	
10.7	0.56	0.093	0.393	-0.1676525	NAN	
10.71	0.565	0.095	0.4095	-0.16364	NAN	
10.72	0.575	0.0965	0.4085	-0.15955	NAN	
10.73	0.58	0.0985	0.4175	-0.15542	NAN	
10.74	0.59	0.1	0.4165	-0.15125	NAN	
10.75	0.6	0.1015	0.427	-0.1470325	NAN	
10.76	0.605	0.1035	0.4275	-0.14276	NAN	
10.77	0.615	0.105	0.442	-0.1384125	NAN	
10.78	0.62	0.107	0.436	-0.1340225	NAN	
10.79	0.63	0.1085	0.452	-0.1295825	NAN	
10.8	0.64	0.1105	0.447	-0.1250875	NAN	
10.81	0.645	0.112	0.46	-0.1205525	NAN	
10.82	0.655	0.1135	0.459	-0.1159575	NAN	
10.83	0.66	0.115	0.469	-0.1113175	NAN	
10.84	0.67	0.1165	0.4705	-0.10662	NAN	
10.85	0.68	0.1185	0.4795	-0.10187	NAN	
10.86	0.685	0.12	0.4785	-0.09708	NAN	
10.87	0.695	0.1215	0.495	-0.0922125	NAN	
10.88	0.7	0.1235	0.49	-0.0872875	NAN	
10.89	0.71	0.125	0.5045	-0.082315	NAN	
10.9	0.72	0.127	0.499	-0.0772975	NAN	
10.91	0.725	0.1285	0.515	-0.0722275	NAN	
10.92	0.735	0.1305	0.515	-0.0670775	NAN	
10.93	0.74	0.132	0.524	-0.0618825	NAN	
10.94	0.75	0.134	0.523	-0.0566475	NAN	
10.95	0.76	0.1355	0.534	-0.0513625	NAN	
10.96	0.765	0.137	0.5355	-0.046015	NAN	
10.97	0.775	0.139	0.5485	-0.040595	NAN	
10.98	0.78	0.1405	0.543	-0.0351375	NAN	
10.99	0.79	0.1425	0.558	-0.0296325	NAN	
11	0.8	0.1445	0.554	-0.0240725	NAN	
11.01	0.805	0.1465	0.5685	-0.01846	NAN	
11.02	0.815	0.1485	0.5675	-0.01278	NAN	
11.03	0.82	0.1505	0.5775	-0.007055	NAN	
11.04	0.83	0.1525	0.577	-0.0012825	NAN	
11.05	0.84	0.1545	0.586	0.0045325	NAN	
11.06	0.845	0.1565	0.585	0.0103875	NAN	
11.07	0.855	0.1585	0.6005	0.016315	NAN	
11.08	0.86	0.161	0.5955	0.022295	NAN	
11.09	0.87	0.163	0.608	0.0283125	NAN	
11.1	0.88	0.1655	0.6025	0.034365	NAN	
11.11	0.885	0.168	0.618	0.0404675	NAN	
11.12	0.895	0.17	0.6175	0.046645	NAN	
11.13	0.9	0.1725	0.6255	0.05286	NAN	
11.14	0.91	0.175	0.6245	0.05911	NAN	
11.15	0.92	0.1775	0.633	0.0653975	NAN	
11.16	0.925	0.18	0.6325	0.071725	NAN	
11.17	0.935	0.183	0.6435	0.078105	NAN	
11.18	0.94	0.1855	0.6355	0.0845	NAN	
11.19	0.95	0.1885	0.6495	0.090925	NAN	
11.2	0.96	0.1915	0.6425	0.097385	NAN	
11.21	0.965	0.1945	0.6515	0.103855	NAN	
11.22	0.975	0.1975	0.6475	0.11035	NAN	
11.23	0.98	0.201	0.656	0.1168675	NAN	
11.24	0.99	0.2035	0.653	0.1234125	NAN	
11.25	1	0.2075	0.659	0.1299725	NAN	
11.26	1.005	0.211	0.6545	0.13654	NAN	
11.27	1.015	0.2145	0.6675	0.14315	NAN	
11.28	1.02	0.218	0.6585	0.14978	NAN	
11.29	1.03	0.222	0.669	0.1564175	NAN	
11.3	1.04	0.226	0.659	0.1630575	NAN	
11.31	1.045	0.23	0.671	0.1697075	NAN	
11.32	1.055	0.2345	0.668	0.1764025	NAN	
11.33	1.06	0.2385	0.673	0.1831075	NAN	
11.34	1.07	0.243	0.668	0.1898125	NAN	
11.35	1.08	0.248	0.6725	0.196515	NAN	
11.36	1.085	0.2525	0.669	0.2032225	NAN	
11.37	1.095	0.258	0.678	0.2099575	NAN	
11.38	1.1	0.263	0.666	0.2166775	NAN	
11.39	1.11	0.2685	0.675	0.2233825	NAN	
11.4	1.12	0.274	0.6645	0.23008	NAN	
11.41	1.125	0.28	0.6715	0.23676	NAN	
11.42	1.135	0.286	0.661	0.2434225	NAN	
11.43	1.14	0.2925	0.6645	0.25005	NAN	
11.44	1.15	0.2995	0.6555	0.25665	NAN	
11.45	1.16	0.306	0.6565	0.26321	NAN	
11.46	1.165	0.313	0.6455	0.26972	NAN	
11.47	1.175	0.3205	0.651	0.2762025	NAN	
11.48	1.18	0.3275	0.637	0.2826425	NAN	
11.49	1.19	0.3355	0.641	0.2890325	NAN	
11.5	1.2	0.343	0.623	0.2953525	NAN	
11.51	1.205	0.3515	0.6275	0.301605	NAN	
11.52	1.215	0.3595	0.617	0.3078275	NAN	
11.53	1.22	0.368	0.615	0.3139875	NAN	
11.54	1.23	0.377	0.602	0.3200725	NAN	
11.55	1.24	0.3855	0.6005	0.326085	NAN	
11.56	1.245	0.395	0.589	0.3320325	NAN	
11.57	1.255	0.4045	0.59	0.3379275	NAN	
11.58	1.26	0.414	0.571	0.3437325	NAN	
11.59	1.27	0.424	0.5715	0.349445	NAN	
11.6	1.28	0.4345	0.554	0.3550725	NAN	
11.61	1.285	0.4445	0.5525	0.360605	NAN	
11.62	1.295	0.4555	0.5365	0.36605	NAN	
11.63	1.3	0.466	0.5315	0.37139	NAN	
11.64	1.31	0.4775	0.516	0.3766275	NAN	
11.65	1.32	0.489	0.51	0.3817575	NAN	
11.66	1.325	0.5005	0.493	0.3867725	NAN	
11.67	1.335	0.5125	0.4905	0.39169	NAN	
11.68	1.34	0.525	0.469	0.3964875	NAN	
11.69	1.35	0.5375	0.4655	0.40116	NAN	
11.7	1.36	0.55	0.4415	0.405695	NAN	
11.71	1.365	0.563	0.439	0.4100975	NAN	
11.72	1.375	0.576	0.4205	0.414395	NAN	
11.73	1.38	0.5895	0.4115	0.418555	NAN	
11.74	1.39	0.603	0.39	0.4225625	NAN	
11.75	1.4	0.6165	0.3805	0.426415	NAN	
11.76	1.405	0.6305	0.3625	0.43013	NAN	
11.77	1.415	0.644	0.356	0.4337225	NAN	
11.78	1.42	0.6585	0.33	0.4371525	NAN	
11.79	1.43	0.672	0.3245	0.440425	NAN	
11.8	1.44	0.686	0.3015	0.443555	NAN	
11.81	1.445	0.7	0.2965	0.446545	NAN	
11.82	1.455	0.7135	0.277	0.4494125	NAN	
11.83	1.46	0.727	0.2685	0.45214	NAN	
11.84	1.47	0.7405	0.251	0.4547375	NAN	
11.85	1.48	0.7535	0.2425	0.457205	NAN	
11.86	1.485	0.767	0.225	0.4595425	NAN	
11.87	1.495	0.78	0.223	0.4617825	NAN	
11.88	1.5	0.7925	0.203	0.4639125	NAN	
11.89	1.51	0.804	0.2005	0.46593	NAN	
11.9	1.52	0.816	0.1795	0.46783	NAN	
11.91	1.525	0.8275	0.1775	0.469615	NAN	
11.92	1.535	0.839	0.163	0.4713175	NAN	
11.93	1.54	0.8495	0.1575	0.47292	NAN	
11.94	1.55	0.86	0.142	0.4744175	NAN	
11.95	1.56	0.87	0.138	0.4758175	NAN	
11.96	1.565	0.88	0.1265	0.47714	NAN	
11.97	1.575	0.889	0.128	0.4784125	NAN	
11.98	1.58	0.899	0.1115	0.47961	NAN	
11.99	1.59	0.9075	0.1155	0.480745	NAN	
12	1.6	0.916	0.1025	0.481835	NAN	
12.01	1.605	0.9235	0.106	0.4828775	NAN	
12.02	1.615	0.932	0.0955	0.483885	NAN	
12.03	1.62	0.9395	0.0965	0.484845	NAN	
12.04	1.63	0.947	0.087	0.4857625	NAN	
12.05	1.64	0.954	0.0865	0.48663	NAN	
12.06	1.645	0.9615	0.076	0.4874425	NAN	
12.07	1.655	0.9685	0.08	0.4882225	NAN	
12.08	1.66	0.9745	0.0675	0.48896	NAN	
12.09	1.67	0.981	0.0745	0.48967	NAN	
12.1	1.68	0.9875	0.0635	0.49036	NAN	
12.11	1.685	0.9935	0.07	0.4910275	NAN	
12.12	1.695	1	0.066	0.4917075	NAN	
12.13	1.7	1.0055	0.07	0.4923875	NAN	
12.14	1.71	1.0115	0.0625	0.49305	NAN	
12.15	1.72	1.0175	0.0625	0.493675	NAN	
12.16	1.725	1.02	0.0565	0.49427	NAN	
12.17	1.735	1.02	0.062	0.4948625	NAN	
12.18	1.74	1.02	0.051	0.4954275	NAN	
12.19	1.75	1.02	0.0565	0.495965	NAN	
12.2	1.76	1.02	0.048	0.4964875	NAN	
12.21	1.765	1.02	0.056	0.4970075	NAN	
12.22	1.775	1.02	0.0525	0.49755	NAN	
12.23	1.78	1.02	0.055	0.4980875	NAN	
12.24	1.79	1.02	0.0515	0.49862	NAN	
12.25	1.8	1.02	0.054	0.4991475	NAN	
12.26	1.805	1.02	0.047	0.4996525	NAN	
12.27	1.815	1.02	0.0525	0.50015	NAN	
12.28	1.82	1.02	0.0425	0.500625	NAN	
12.29	1.83	1.02	0.049	0.5010825	NAN	
12.3	1.84	1.02	0.0405	0.50153	NAN	
12.31	1.845	1.02	0.0475	0.50197	NAN	
12.32	1.855	1.02	0.045	0.5024325	NAN	
12.33	1.86	1.02	0.05	0.5029075	NAN	
12.34	1.87	1.02	0.0455	0.503385	NAN	
12.35	1.88	1.02	0.048	0.5038525	NAN	
12.36	1.885	1.02	0.043	0.5043075	NAN	
12.37	1.895	1.02	0.049	0.5047675	NAN	
12.38	1.9	1.02	0.019	0.5051075	NAN	
12.39	1.91	1.02	-0.013	0.5051375	NAN	
12.4	1.92	1.02	-0.0095	0.505025	NAN	
12.41	1.925	1.02	-0.0095	0.50493	NAN	
12.42	1.935	1.02	-0.0065	0.50485	NAN	
12.43	1.94	1.02	-0.0085	0.504775	NAN	
12.44	1.95	1.02	-0.0065	0.5047	NAN	
12.45	1.96	1.02	-0.006	0.5046375	NAN	
12.46	1.965	1.02	-0.003	0.5045925	NAN	
12.47	1.975	1.02	-0.0035	0.50456	NAN	
12.48	1.98	1.02	-0.0055	0.504515	NAN	
12.49	1.99	1.02	-0.0095	0.50444	NAN	
12.5	2	1.02	-0.006	0.5043625	NAN	
