MIN=0	-10	-1	-1	-2	0	
MAX=12.5	10	1	1	2	50	
SCALE=5	5	0.5	0.5	1	10	
DEC=2	2	3	3	2	2	
DEF="Time" t / s	"Voltage" U_1 / V	"Current" I_1 / A	"Voltage" U_B2 / V	"Magnetic Flux" &F / Vs	"Frequency" f / Hz	
0	0	0.0005	0.002	0	NAN	
0.01	0.005	0.001	0.007	4.5E-5	NAN	
0.02	0.015	0.002	0.009	0.000125	NAN	
0.03	0.02	0.003	0.015	0.000245	NAN	
0.04	0.03	0.005	0.0195	0.0004175	NAN	
0.05	0.04	0.008	0.027	0.00065	NAN	
0.06	0.045	0.0095	0.024	0.000905	NAN	
0.07	0.055	0.013	0.032	0.001185	NAN	
0.08	0.06	0.0155	0.0315	0.0015025	NAN	
0.09	0.07	0.0185	0.044	0.00188	NAN	
0.1	0.08	0.0215	0.035	0.002275	NAN	
0.11	0.085	0.0255	0.052	0.00271	NAN	
0.12	0.095	0.0285	0.0465	0.0032025	NAN	
0.13	0.1	0.032	0.05	0.003685	NAN	
0.14	0.11	0.036	0.0435	0.0041525	NAN	
0.15	0.12	0.04	0.041	0.004575	NAN	
0.16	0.125	0.0435	0.051	0.005035	NAN	
0.17	0.135	0.0475	0.06	0.00559	NAN	
0.18	0.14	0.051	0.054	0.00616	NAN	
0.19	0.15	0.055	0.0595	0.0067275	NAN	
0.2	0.16	0.0585	0.052	0.007285	NAN	
0.21	0.165	0.0635	0.061	0.00785	NAN	
0.22	0.175	0.067	0.0635	0.0084725	NAN	
0.23	0.18	0.0715	0.0655	0.0091175	NAN	
0.24	0.19	0.0755	0.059	0.00974	NAN	
0.25	0.2	0.08	0.0655	0.0103625	NAN	
0.26	0.205	0.084	0.0655	0.0110175	NAN	
0.27	0.215	0.088	0.074	0.011715	NAN	
0.28	0.22	0.0915	0.066	0.012415	NAN	
0.29	0.23	0.097	0.0725	0.0131075	NAN	
0.3	0.24	0.101	0.0655	0.0137975	NAN	
0.31	0.245	0.1055	0.0785	0.0145175	NAN	
0.32	0.255	0.1095	0.075	0.015285	NAN	
0.33	0.26	0.114	0.074	0.01603	NAN	
0.34	0.27	0.1185	0.074	0.01677	NAN	
0.35	0.28	0.1225	0.0795	0.0175375	NAN	
0.36	0.285	0.127	0.077	0.01832	NAN	
0.37	0.295	0.1315	0.085	0.01913	NAN	
0.38	0.3	0.136	0.0755	0.0199325	NAN	
0.39	0.31	0.14	0.084	0.02073	NAN	
0.4	0.32	0.1445	0.0805	0.0215525	NAN	
0.41	0.325	0.149	0.088	0.022395	NAN	
0.42	0.335	0.153	0.0795	0.0232325	NAN	
0.43	0.34	0.1575	0.0845	0.0240525	NAN	
0.44	0.35	0.162	0.0835	0.0248925	NAN	
0.45	0.36	0.166	0.09	0.02576	NAN	
0.46	0.365	0.1705	0.087	0.026645	NAN	
0.47	0.375	0.175	0.092	0.02754	NAN	
0.48	0.38	0.179	0.0835	0.0284175	NAN	
0.49	0.39	0.1835	0.0965	0.0293175	NAN	
0.5	0.4	0.1875	0.09	0.03025	NAN	
0.51	0.405	0.192	0.0965	0.0311825	NAN	
0.52	0.415	0.196	0.092	0.032125	NAN	
0.53	0.42	0.2005	0.0965	0.0330675	NAN	
0.54	0.43	0.205	0.0955	0.0340275	NAN	
0.55	0.44	0.209	0.1025	0.0350175	NAN	
0.56	0.445	0.2135	0.095	0.036005	NAN	
0.57	0.455	0.2175	0.1025	0.0369925	NAN	
0.58	0.46	0.222	0.096	0.037985	NAN	
0.59	0.47	0.2265	0.1065	0.0389975	NAN	
0.6	0.48	0.23	0.1005	0.0400325	NAN	
0.61	0.485	0.2345	0.108	0.041075	NAN	
0.62	0.495	0.239	0.1005	0.0421175	NAN	
0.63	0.5	0.2435	0.1095	0.0431675	NAN	
0.64	0.51	0.2475	0.1075	0.0442525	NAN	
0.65	0.52	0.2515	0.111	0.045345	NAN	
0.66	0.525	0.256	0.107	0.046435	NAN	
0.67	0.535	0.2605	0.114	0.04754	NAN	
0.68	0.54	0.264	0.105	0.048635	NAN	
0.69	0.55	0.2685	0.12	0.04976	NAN	
0.7	0.56	0.273	0.111	0.050915	NAN	
0.71	0.565	0.277	0.117	0.052055	NAN	
0.72	0.575	0.2815	0.113	0.053205	NAN	
0.73	0.58	0.2855	0.1195	0.0543675	NAN	
0.74	0.59	0.29	0.1155	0.0555425	NAN	
0.75	0.6	0.294	0.125	0.056745	NAN	
0.76	0.605	0.2985	0.1165	0.0579525	NAN	
0.77	0.615	0.3025	0.1245	0.0591575	NAN	
0.78	0.62	0.3065	0.118	0.06037	NAN	
0.79	0.63	0.311	0.129	0.061605	NAN	
0.8	0.64	0.3155	0.122	0.06286	NAN	
0.81	0.645	0.3195	0.1295	0.0641175	NAN	
0.82	0.655	0.324	0.123	0.06538	NAN	
0.83	0.66	0.3285	0.123	0.06661	NAN	
0.84	0.67	0.3325	0.1325	0.0678875	NAN	
0.85	0.68	0.3365	0.133	0.069215	NAN	
0.86	0.685	0.341	0.1265	0.0705125	NAN	
0.87	0.695	0.3455	0.134	0.071815	NAN	
0.88	0.7	0.3495	0.1305	0.0731375	NAN	
0.89	0.71	0.3545	0.141	0.074495	NAN	
0.9	0.72	0.3585	0.132	0.07586	NAN	
0.91	0.725	0.363	0.1405	0.0772225	NAN	
0.92	0.735	0.3675	0.13	0.078575	NAN	
0.93	0.74	0.372	0.1395	0.0799225	NAN	
0.94	0.75	0.3765	0.1375	0.0813075	NAN	
0.95	0.76	0.3815	0.1405	0.0826975	NAN	
0.96	0.765	0.386	0.136	0.08408	NAN	
0.97	0.775	0.3905	0.143	0.085475	NAN	
0.98	0.78	0.395	0.1355	0.0868675	NAN	
0.99	0.79	0.3995	0.149	0.08829	NAN	
1	0.8	0.4045	0.136	0.089715	NAN	
1.01	0.805	0.409	0.1425	0.0911075	NAN	
1.02	0.815	0.414	0.138	0.09251	NAN	
1.03	0.82	0.4185	0.1525	0.0939625	NAN	
1.04	0.83	0.4235	0.1435	0.0954425	NAN	
1.05	0.84	0.428	0.147	0.096895	NAN	
1.06	0.845	0.433	0.1285	0.0982725	NAN	
1.07	0.855	0.438	0.1495	0.0996625	NAN	
1.08	0.86	0.443	0.141	0.101115	NAN	
1.09	0.87	0.448	0.1505	0.1025725	NAN	
1.1	0.88	0.453	0.1375	0.1040125	NAN	
1.11	0.885	0.458	0.146	0.10543	NAN	
1.12	0.895	0.4635	0.1395	0.1068575	NAN	
1.13	0.9	0.4685	0.155	0.10833	NAN	
1.14	0.91	0.4735	0.1405	0.1098075	NAN	
1.15	0.92	0.479	0.1375	0.1111975	NAN	
1.16	0.925	0.4845	0.1345	0.1125575	NAN	
1.17	0.935	0.49	0.1575	0.1140175	NAN	
1.18	0.94	0.495	0.1375	0.1154925	NAN	
1.19	0.95	0.501	0.1455	0.1169075	NAN	
1.2	0.96	0.506	0.127	0.11827	NAN	
1.21	0.965	0.5115	0.1325	0.1195675	NAN	
1.22	0.975	0.517	0.1345	0.1209025	NAN	
1.23	0.98	0.5225	0.1435	0.1222925	NAN	
1.24	0.99	0.528	0.1485	0.1237525	NAN	
1.25	1	0.5335	0.1535	0.1252625	NAN	
1.26	1.005	0.539	0.132	0.12669	NAN	
1.27	1.015	0.5445	0.1315	0.1280075	NAN	
1.28	1.02	0.5505	0.135	0.12934	NAN	
1.29	1.03	0.556	0.133	0.13068	NAN	
1.3	1.04	0.5615	0.1195	0.1319425	NAN	
1.31	1.045	0.567	0.1315	0.1331975	NAN	
1.32	1.055	0.5725	0.132	0.134515	NAN	
1.33	1.06	0.5785	0.1275	0.1358125	NAN	
1.34	1.07	0.584	0.1185	0.1370425	NAN	
1.35	1.08	0.59	0.122	0.138245	NAN	
1.36	1.085	0.5955	0.113	0.13942	NAN	
1.37	1.095	0.6015	0.1285	0.1406275	NAN	
1.38	1.1	0.6075	0.112	0.14183	NAN	
1.39	1.11	0.6125	0.1195	0.1429875	NAN	
1.4	1.12	0.618	0.1045	0.1441075	NAN	
1.41	1.125	0.6235	0.116	0.14521	NAN	
1.42	1.135	0.6295	0.11	0.14634	NAN	
1.43	1.14	0.635	0.115	0.147465	NAN	
1.44	1.15	0.6405	0.1175	0.1486275	NAN	
1.45	1.16	0.6465	0.109	0.14976	NAN	
1.46	1.165	0.652	0.101	0.15081	NAN	
1.47	1.175	0.658	0.1105	0.1518675	NAN	
1.48	1.18	0.6635	0.1005	0.1529225	NAN	
1.49	1.19	0.669	0.1085	0.1539675	NAN	
1.5	1.2	0.6745	0.093	0.154975	NAN	
1.51	1.205	0.6805	0.1055	0.1559675	NAN	
1.52	1.215	0.686	0.101	0.157	NAN	
1.53	1.22	0.6915	0.106	0.158035	NAN	
1.54	1.23	0.697	0.099	0.15906	NAN	
1.55	1.24	0.7025	0.0945	0.1600275	NAN	
1.56	1.245	0.708	0.0895	0.1609475	NAN	
1.57	1.255	0.7135	0.102	0.161905	NAN	
1.58	1.26	0.719	0.0895	0.1628625	NAN	
1.59	1.27	0.725	0.092	0.16377	NAN	
1.6	1.28	0.7305	0.084	0.16465	NAN	
1.61	1.285	0.7355	0.092	0.16553	NAN	
1.62	1.295	0.741	0.085	0.166415	NAN	
1.63	1.3	0.7465	0.088	0.16728	NAN	
1.64	1.31	0.752	0.08	0.16812	NAN	
1.65	1.32	0.7575	0.0835	0.1689375	NAN	
1.66	1.325	0.7625	0.082	0.169765	NAN	
1.67	1.335	0.7685	0.09	0.170625	NAN	
1.68	1.34	0.7735	0.075	0.17145	NAN	
1.69	1.35	0.779	0.0835	0.1722425	NAN	
1.7	1.36	0.7845	0.074	0.17303	NAN	
1.71	1.365	0.79	0.0835	0.1738175	NAN	
1.72	1.375	0.795	0.0755	0.1746125	NAN	
1.73	1.38	0.8005	0.077	0.175375	NAN	
1.74	1.39	0.806	0.0725	0.1761225	NAN	
1.75	1.4	0.8115	0.081	0.17689	NAN	
1.76	1.405	0.817	0.0735	0.1776625	NAN	
1.77	1.415	0.822	0.076	0.17841	NAN	
1.78	1.42	0.8275	0.0675	0.1791275	NAN	
1.79	1.43	0.8325	0.0785	0.1798575	NAN	
1.8	1.44	0.838	0.069	0.180595	NAN	
1.81	1.445	0.8435	0.0775	0.1813275	NAN	
1.82	1.455	0.8485	0.067	0.18205	NAN	
1.83	1.46	0.8545	0.0725	0.1827475	NAN	
1.84	1.47	0.8595	0.071	0.183465	NAN	
1.85	1.48	0.8645	0.0705	0.1841725	NAN	
1.86	1.485	0.8695	0.0615	0.1848325	NAN	
1.87	1.495	0.875	0.0715	0.1854975	NAN	
1.88	1.5	0.8805	0.064	0.186175	NAN	
1.89	1.51	0.8855	0.074	0.186865	NAN	
1.9	1.52	0.891	0.063	0.18755	NAN	
1.91	1.525	0.896	0.0655	0.1881925	NAN	
1.92	1.535	0.9015	0.066	0.18885	NAN	
1.93	1.54	0.907	0.071	0.189535	NAN	
1.94	1.55	0.912	0.0625	0.1902025	NAN	
1.95	1.56	0.9175	0.063	0.19083	NAN	
1.96	1.565	0.9225	0.058	0.191435	NAN	
1.97	1.575	0.928	0.0685	0.1920675	NAN	
1.98	1.58	0.933	0.059	0.192705	NAN	
1.99	1.59	0.9385	0.0675	0.1933375	NAN	
2	1.6	0.9435	0.051	0.19393	NAN	
2.01	1.605	0.9485	0.0625	0.1944975	NAN	
2.02	1.615	0.9535	0.0565	0.1950925	NAN	
2.03	1.62	0.9585	0.06	0.195675	NAN	
2.04	1.63	0.9635	0.0525	0.1962375	NAN	
2.05	1.64	0.9685	0.0575	0.1967875	NAN	
2.06	1.645	0.974	0.055	0.19735	NAN	
2.07	1.655	0.9785	0.064	0.197945	NAN	
2.08	1.66	0.9835	0.053	0.19853	NAN	
2.09	1.67	0.9885	0.057	0.19908	NAN	
2.1	1.68	0.9935	0.0515	0.1996225	NAN	
2.11	1.685	0.9985	0.061	0.200185	NAN	
2.12	1.695	1.0035	0.0515	0.2007475	NAN	
2.13	1.7	1.0085	0.0555	0.2012825	NAN	
2.14	1.71	1.0135	0.0495	0.2018075	NAN	
2.15	1.72	1.0185	0.046	0.202285	NAN	
2.16	1.725	1.02	0.054	0.202785	NAN	
2.17	1.735	1.02	0.0545	0.2033275	NAN	
2.18	1.74	1.02	0.0475	0.2038375	NAN	
2.19	1.75	1.02	0.055	0.20435	NAN	
2.2	1.76	1.02	0.051	0.20488	NAN	
2.21	1.765	1.02	0.054	0.205405	NAN	
2.22	1.775	1.02	0.0475	0.2059125	NAN	
2.23	1.78	1.02	0.051	0.206405	NAN	
2.24	1.79	1.02	0.049	0.206905	NAN	
2.25	1.8	1.02	0.0545	0.2074225	NAN	
2.26	1.805	1.02	0.046	0.207925	NAN	
2.27	1.815	1.02	0.0505	0.2084075	NAN	
2.28	1.82	1.02	0.046	0.20889	NAN	
2.29	1.83	1.02	0.055	0.209395	NAN	
2.3	1.84	1.02	0.043	0.209885	NAN	
2.31	1.845	1.02	0.0485	0.2103425	NAN	
2.32	1.855	1.02	0.046	0.210815	NAN	
2.33	1.86	1.02	0.0525	0.2113075	NAN	
2.34	1.87	1.02	0.0435	0.2117875	NAN	
2.35	1.88	1.02	0.0475	0.2122425	NAN	
2.36	1.885	1.02	0.0405	0.2126825	NAN	
2.37	1.895	1.02	0.0545	0.2131575	NAN	
2.38	1.9	1.02	0.044	0.21365	NAN	
2.39	1.91	1.02	-0.0025	0.2138575	NAN	
2.4	1.92	1.02	-0.01	0.213795	NAN	
2.41	1.925	1.02	-0.0045	0.2137225	NAN	
2.42	1.935	1.02	-0.015	0.213625	NAN	
2.43	1.94	1.02	0	0.21355	NAN	
2.44	1.95	1.02	-0.015	0.213475	NAN	
2.45	1.96	1.02	0.001	0.213405	NAN	
2.46	1.965	1.02	-0.0165	0.2133275	NAN	
2.47	1.975	1.02	0.001	0.21325	NAN	
2.48	1.98	1.02	-0.0145	0.2131825	NAN	
2.49	1.99	1.02	0.0015	0.2131175	NAN	
2.5	2	1.02	-0.017	0.21304	NAN	
2.51	1.995	1.02	-0.0025	0.2129425	NAN	
2.52	1.985	1.02	-0.0125	0.2128675	NAN	
2.53	1.98	1.02	-0.005	0.21278	NAN	
2.54	1.97	1.02	-0.014	0.212685	NAN	
2.55	1.96	1.02	-0.006	0.212585	NAN	
2.56	1.955	1.02	-0.0135	0.2124875	NAN	
2.57	1.945	1.02	-0.0005	0.2124175	NAN	
2.58	1.94	1.02	-0.017	0.21233	NAN	
2.59	1.93	1.02	-0.0115	0.2121875	NAN	
2.6	1.92	1.02	-0.0155	0.2120525	NAN	
2.61	1.915	1.02	0	0.211975	NAN	
2.62	1.905	1.02	-0.0175	0.2118875	NAN	
2.63	1.9	1.02	-0.0015	0.2117925	NAN	
2.64	1.89	1.02	-0.014	0.211715	NAN	
2.65	1.88	1.02	-0.0065	0.2116125	NAN	
2.66	1.875	1.02	-0.014	0.21151	NAN	
2.67	1.865	1.02	-0.001	0.211435	NAN	
2.68	1.86	1.02	0.004	0.21145	NAN	
2.69	1.85	1.02	-0.0015	0.2114625	NAN	
2.7	1.84	1.02	-0.004	0.211435	NAN	
2.71	1.835	1.02	-0.0015	0.2114075	NAN	
2.72	1.825	1.02	-0.006	0.21137	NAN	
2.73	1.82	1.02	-0.0055	0.2113125	NAN	
2.74	1.81	1.02	-0.013	0.21122	NAN	
2.75	1.8	1.02	-0.01	0.211105	NAN	
2.76	1.795	1.02	-0.0165	0.2109725	NAN	
2.77	1.785	1.02	-0.0095	0.2108425	NAN	
2.78	1.78	1.02	-0.013	0.21073	NAN	
2.79	1.77	1.02	-0.013	0.2106	NAN	
2.8	1.76	1.02	-0.017	0.21045	NAN	
2.81	1.755	1.02	-0.014	0.210295	NAN	
2.82	1.745	1.02	-0.018	0.210135	NAN	
2.83	1.74	1.02	-0.0075	0.2100075	NAN	
2.84	1.73	1.02	-0.0175	0.2098825	NAN	
2.85	1.72	1.02	-0.0145	0.2097225	NAN	
2.86	1.715	1.02	-0.0195	0.2095525	NAN	
2.87	1.705	1.02	-0.0155	0.2093775	NAN	
2.88	1.7	1.02	-0.0155	0.2092225	NAN	
2.89	1.69	1.02	-0.0125	0.2090825	NAN	
2.9	1.68	1.02	-0.018	0.20893	NAN	
2.91	1.675	1.02	-0.0175	0.2087525	NAN	
2.92	1.665	1.02	-0.0205	0.2085625	NAN	
2.93	1.66	1.02	-0.0125	0.2083975	NAN	
2.94	1.65	1.02	-0.0175	0.2082475	NAN	
2.95	1.64	1.02	-0.0145	0.2080875	NAN	
2.96	1.635	1.02	-0.0225	0.2079025	NAN	
2.97	1.625	1.0165	-0.019	0.207695	NAN	
2.98	1.62	1.0125	-0.0165	0.2075175	NAN	
2.99	1.61	1.0075	-0.014	0.207365	NAN	
3	1.6	1.0015	-0.01	0.207245	NAN	
3.01	1.595	0.9985	-0.016	0.207115	NAN	
3.02	1.585	0.9935	-0.0265	0.2069025	NAN	
3.03	1.58	0.9895	-0.0135	0.2067025	NAN	
3.04	1.57	0.9845	-0.0475	0.2063975	NAN	
3.05	1.56	0.98	-0.013	0.206095	NAN	
3.06	1.555	0.975	-0.019	0.205935	NAN	
3.07	1.545	0.9705	-0.03	0.20569	NAN	
3.08	1.54	0.9655	-0.0255	0.2054125	NAN	
3.09	1.53	0.961	-0.017	0.2052	NAN	
3.1	1.52	0.956	-0.019	0.20502	NAN	
3.11	1.515	0.9515	-0.0195	0.2048275	NAN	
3.12	1.505	0.9465	-0.0285	0.2045875	NAN	
3.13	1.5	0.942	-0.0205	0.2043425	NAN	
3.14	1.49	0.937	-0.0235	0.2041225	NAN	
3.15	1.48	0.9325	-0.0155	0.2039275	NAN	
3.16	1.475	0.9275	-0.025	0.203725	NAN	
3.17	1.465	0.923	-0.023	0.203485	NAN	
3.18	1.46	0.918	-0.024	0.20325	NAN	
3.19	1.45	0.9135	-0.021	0.203025	NAN	
3.2	1.44	0.9085	-0.018	0.20283	NAN	
3.21	1.435	0.904	-0.019	0.202645	NAN	
3.22	1.425	0.899	-0.03	0.2024	NAN	
3.23	1.42	0.8945	-0.0215	0.2021425	NAN	
3.24	1.41	0.889	-0.0255	0.2019075	NAN	
3.25	1.4	0.8845	-0.021	0.201675	NAN	
3.26	1.395	0.88	-0.023	0.201455	NAN	
3.27	1.385	0.8755	-0.025	0.201215	NAN	
3.28	1.38	0.87	-0.0295	0.2009425	NAN	
3.29	1.37	0.866	-0.024	0.200675	NAN	
3.3	1.36	0.8605	-0.0155	0.2004775	NAN	
3.31	1.355	0.856	-0.022	0.20029	NAN	
3.32	1.345	0.851	-0.039	0.199985	NAN	
3.33	1.34	0.8465	-0.022	0.19968	NAN	
3.34	1.33	0.8415	-0.036	0.19939	NAN	
3.35	1.32	0.837	-0.023	0.199095	NAN	
3.36	1.315	0.832	-0.0275	0.1988425	NAN	
3.37	1.305	0.8275	-0.027	0.19857	NAN	
3.38	1.3	0.8225	-0.031	0.19828	NAN	
3.39	1.29	0.818	-0.0295	0.1979775	NAN	
3.4	1.28	0.813	-0.027	0.197695	NAN	
3.41	1.275	0.8085	-0.021	0.197455	NAN	
3.42	1.265	0.8035	-0.031	0.197195	NAN	
3.43	1.26	0.7995	-0.0285	0.1968975	NAN	
3.44	1.25	0.7945	-0.032	0.196595	NAN	
3.45	1.24	0.79	-0.0265	0.1963025	NAN	
3.46	1.235	0.7855	-0.038	0.19598	NAN	
3.47	1.225	0.7805	-0.0275	0.1956525	NAN	
3.48	1.22	0.776	-0.034	0.195345	NAN	
3.49	1.21	0.7715	-0.029	0.19503	NAN	
3.5	1.2	0.767	-0.028	0.194745	NAN	
3.51	1.195	0.762	-0.0255	0.1944775	NAN	
3.52	1.185	0.757	-0.0325	0.1941875	NAN	
3.53	1.18	0.7525	-0.026	0.193895	NAN	
3.54	1.17	0.748	-0.035	0.19359	NAN	
3.55	1.16	0.7435	-0.0265	0.1932825	NAN	
3.56	1.155	0.7385	-0.031	0.192995	NAN	
3.57	1.145	0.734	-0.0305	0.1926875	NAN	
3.58	1.14	0.7295	-0.037	0.19235	NAN	
3.59	1.13	0.7245	-0.032	0.192005	NAN	
3.6	1.12	0.72	-0.036	0.191665	NAN	
3.61	1.115	0.7155	-0.0285	0.1913425	NAN	
3.62	1.105	0.7105	-0.0355	0.1910225	NAN	
3.63	1.1	0.7065	-0.0305	0.1906925	NAN	
3.64	1.09	0.7015	-0.039	0.190345	NAN	
3.65	1.08	0.697	-0.037	0.189965	NAN	
3.66	1.075	0.692	-0.033	0.189615	NAN	
3.67	1.065	0.6875	-0.0335	0.1892825	NAN	
3.68	1.06	0.683	-0.034	0.188945	NAN	
3.69	1.05	0.6785	-0.033	0.18861	NAN	
3.7	1.04	0.6735	-0.031	0.18829	NAN	
3.71	1.035	0.6695	-0.0375	0.1879475	NAN	
3.72	1.025	0.6645	-0.038	0.18757	NAN	
3.73	1.02	0.66	-0.032	0.18722	NAN	
3.74	1.01	0.655	-0.044	0.18684	NAN	
3.75	1	0.6505	-0.037	0.186435	NAN	
3.76	0.995	0.6455	-0.0415	0.1860425	NAN	
3.77	0.985	0.6415	-0.038	0.185645	NAN	
3.78	0.98	0.6365	-0.038	0.185265	NAN	
3.79	0.97	0.632	-0.042	0.184865	NAN	
3.8	0.96	0.627	-0.046	0.184425	NAN	
3.81	0.955	0.6225	-0.0345	0.1840225	NAN	
3.82	0.945	0.618	-0.043	0.183635	NAN	
3.83	0.94	0.6135	-0.0355	0.1832425	NAN	
3.84	0.93	0.609	-0.0475	0.1828275	NAN	
3.85	0.92	0.6045	-0.0425	0.1823775	NAN	
3.86	0.915	0.5995	-0.049	0.18192	NAN	
3.87	0.905	0.595	-0.0415	0.1814675	NAN	
3.88	0.9	0.59	-0.0445	0.1810375	NAN	
3.89	0.89	0.586	-0.045	0.18059	NAN	
3.9	0.88	0.581	-0.0475	0.1801275	NAN	
3.91	0.875	0.5765	-0.047	0.179655	NAN	
3.92	0.865	0.5715	-0.0475	0.1791825	NAN	
3.93	0.86	0.567	-0.044	0.178725	NAN	
3.94	0.85	0.5625	-0.0535	0.1782375	NAN	
3.95	0.84	0.558	-0.048	0.17773	NAN	
3.96	0.835	0.553	-0.0545	0.1772175	NAN	
3.97	0.825	0.5485	-0.049	0.1767	NAN	
3.98	0.82	0.5435	-0.049	0.17621	NAN	
3.99	0.81	0.539	-0.0545	0.1756925	NAN	
4	0.8	0.5345	-0.0525	0.1751575	NAN	
4.01	0.795	0.5295	-0.049	0.17465	NAN	
4.02	0.785	0.525	-0.0555	0.1741275	NAN	
4.03	0.78	0.5205	-0.049	0.173605	NAN	
4.04	0.77	0.5155	-0.062	0.17305	NAN	
4.05	0.76	0.511	-0.0555	0.1724625	NAN	
4.06	0.755	0.5065	-0.0585	0.1718925	NAN	
4.07	0.745	0.502	-0.0545	0.1713275	NAN	
4.08	0.74	0.4975	-0.057	0.17077	NAN	
4.09	0.73	0.493	-0.0565	0.1702025	NAN	
4.1	0.72	0.488	-0.0625	0.1696075	NAN	
4.11	0.715	0.4835	-0.0595	0.1689975	NAN	
4.12	0.705	0.479	-0.0605	0.1683975	NAN	
4.13	0.7	0.4745	-0.0565	0.1678125	NAN	
4.14	0.69	0.4695	-0.0655	0.1672025	NAN	
4.15	0.68	0.4655	-0.0605	0.1665725	NAN	
4.16	0.675	0.4605	-0.0655	0.1659425	NAN	
4.17	0.665	0.456	-0.0645	0.1652925	NAN	
4.18	0.66	0.4515	-0.065	0.164645	NAN	
4.19	0.65	0.447	-0.067	0.163985	NAN	
4.2	0.64	0.4425	-0.07	0.1633	NAN	
4.21	0.635	0.4375	-0.0655	0.1626225	NAN	
4.22	0.625	0.4335	-0.068	0.161955	NAN	
4.23	0.62	0.429	-0.064	0.161295	NAN	
4.24	0.61	0.4245	-0.0695	0.1606275	NAN	
4.25	0.6	0.4205	-0.068	0.15994	NAN	
4.26	0.595	0.416	-0.0755	0.1592225	NAN	
4.27	0.585	0.4115	-0.0655	0.1585175	NAN	
4.28	0.58	0.407	-0.069	0.157845	NAN	
4.29	0.57	0.403	-0.0675	0.1571625	NAN	
4.3	0.56	0.3985	-0.0775	0.1564375	NAN	
4.31	0.555	0.394	-0.075	0.155675	NAN	
4.32	0.545	0.3895	-0.0765	0.1549175	NAN	
4.33	0.54	0.3855	-0.0705	0.1541825	NAN	
4.34	0.53	0.381	-0.081	0.153425	NAN	
4.35	0.52	0.3765	-0.076	0.15264	NAN	
4.36	0.515	0.3725	-0.083	0.151845	NAN	
4.37	0.505	0.368	-0.08	0.15103	NAN	
4.38	0.5	0.3635	-0.079	0.150235	NAN	
4.39	0.49	0.3595	-0.082	0.14943	NAN	
4.4	0.48	0.355	-0.0855	0.1485925	NAN	
4.41	0.475	0.351	-0.0845	0.1477425	NAN	
4.42	0.465	0.3465	-0.0895	0.1468725	NAN	
4.43	0.46	0.3425	-0.0825	0.1460125	NAN	
4.44	0.45	0.338	-0.0905	0.1451475	NAN	
4.45	0.44	0.334	-0.0875	0.1442575	NAN	
4.46	0.435	0.3295	-0.0945	0.1433475	NAN	
4.47	0.425	0.326	-0.089	0.14243	NAN	
4.48	0.42	0.3215	-0.0925	0.1415225	NAN	
4.49	0.41	0.317	-0.0925	0.1405975	NAN	
4.5	0.4	0.313	-0.0975	0.1396475	NAN	
4.51	0.395	0.309	-0.098	0.13867	NAN	
4.52	0.385	0.3045	-0.0995	0.1376825	NAN	
4.53	0.38	0.3005	-0.0965	0.1367025	NAN	
4.54	0.37	0.2965	-0.104	0.1357	NAN	
4.55	0.36	0.2925	-0.1015	0.1346725	NAN	
4.56	0.355	0.288	-0.1045	0.1336425	NAN	
4.57	0.345	0.2845	-0.1055	0.1325925	NAN	
4.58	0.34	0.28	-0.1065	0.1315325	NAN	
4.59	0.33	0.276	-0.1075	0.1304625	NAN	
4.6	0.32	0.272	-0.1125	0.1293625	NAN	
4.61	0.315	0.2675	-0.1075	0.1282625	NAN	
4.62	0.305	0.264	-0.1125	0.1271625	NAN	
4.63	0.3	0.2595	-0.109	0.126055	NAN	
4.64	0.29	0.2555	-0.1165	0.1249275	NAN	
4.65	0.28	0.2515	-0.1145	0.1237725	NAN	
4.66	0.275	0.2475	-0.118	0.12261	NAN	
4.67	0.265	0.2435	-0.117	0.121435	NAN	
4.68	0.26	0.2395	-0.121	0.120245	NAN	
4.69	0.25	0.2355	-0.1245	0.1190175	NAN	
4.7	0.24	0.2315	-0.126	0.117765	NAN	
4.71	0.235	0.2275	-0.1245	0.1165125	NAN	
4.72	0.225	0.2235	-0.1295	0.1152425	NAN	
4.73	0.22	0.2195	-0.127	0.11396	NAN	
4.74	0.21	0.2155	-0.137	0.11264	NAN	
4.75	0.2	0.2115	-0.1315	0.1112975	NAN	
4.76	0.195	0.2075	-0.1355	0.1099625	NAN	
4.77	0.185	0.2035	-0.1365	0.1086025	NAN	
4.78	0.18	0.1995	-0.138	0.10723	NAN	
4.79	0.17	0.1955	-0.1415	0.1058325	NAN	
4.8	0.16	0.1915	-0.1435	0.1044075	NAN	
4.81	0.155	0.188	-0.1415	0.1029825	NAN	
4.82	0.145	0.184	-0.1475	0.1015375	NAN	
4.83	0.14	0.18	-0.1435	0.1000825	NAN	
4.84	0.13	0.176	-0.154	0.098595	NAN	
4.85	0.12	0.1725	-0.1495	0.0970775	NAN	
4.86	0.115	0.168	-0.1545	0.0955575	NAN	
4.87	0.105	0.1645	-0.1525	0.0940225	NAN	
4.88	0.1	0.1605	-0.157	0.092475	NAN	
4.89	0.09	0.1565	-0.1605	0.0908875	NAN	
4.9	0.08	0.153	-0.1605	0.0892825	NAN	
4.91	0.075	0.149	-0.1615	0.0876725	NAN	
4.92	0.065	0.145	-0.1645	0.0860425	NAN	
4.93	0.06	0.1415	-0.1625	0.0844075	NAN	
4.94	0.05	0.1375	-0.174	0.082725	NAN	
4.95	0.04	0.134	-0.168	0.081015	NAN	
4.96	0.035	0.13	-0.1735	0.0793075	NAN	
4.97	0.025	0.1265	-0.173	0.077575	NAN	
4.98	0.02	0.1225	-0.1815	0.0758025	NAN	
4.99	0.01	0.1185	-0.1745	0.0740225	NAN	
5	0	0.1145	-0.185	0.072225	NAN	
5.01	-0.005	0.1115	-0.1795	0.0704025	NAN	
5.02	-0.015	0.1075	-0.185	0.06858	NAN	
5.03	-0.02	0.104	-0.1855	0.0667275	NAN	
5.04	-0.03	0.1	-0.192	0.06484	NAN	
5.05	-0.04	0.0965	-0.188	0.06294	NAN	
5.06	-0.045	0.093	-0.195	0.061025	NAN	
5.07	-0.055	0.0895	-0.191	0.059095	NAN	
5.08	-0.06	0.0855	-0.198	0.05715	NAN	
5.09	-0.07	0.082	-0.2015	0.0551525	NAN	
5.1	-0.08	0.078	-0.201	0.05314	NAN	
5.11	-0.085	0.0745	-0.202	0.051125	NAN	
5.12	-0.095	0.071	-0.2065	0.0490825	NAN	
5.13	-0.1	0.0675	-0.2055	0.0470225	NAN	
5.14	-0.11	0.0635	-0.215	0.04492	NAN	
5.15	-0.12	0.06	-0.21	0.042795	NAN	
5.16	-0.125	0.0565	-0.2145	0.0406725	NAN	
5.17	-0.135	0.0535	-0.2155	0.0385225	NAN	
5.18	-0.14	0.0495	-0.2195	0.0363475	NAN	
5.19	-0.15	0.0455	-0.2235	0.0341325	NAN	
5.2	-0.16	0.042	-0.226	0.031885	NAN	
5.21	-0.165	0.0385	-0.222	0.029645	NAN	
5.22	-0.175	0.035	-0.23	0.027385	NAN	
5.23	-0.18	0.031	-0.228	0.025095	NAN	
5.24	-0.19	0.0275	-0.237	0.02277	NAN	
5.25	-0.2	0.024	-0.233	0.02042	NAN	
5.26	-0.205	0.0235	-0.238	0.018065	NAN	
5.27	-0.215	0.017	-0.237	0.01569	NAN	
5.28	-0.22	0.0135	-0.2425	0.0132925	NAN	
5.29	-0.23	0.01	-0.247	0.010845	NAN	
5.3	-0.24	0.0065	-0.2475	0.0083725	NAN	
5.31	-0.245	0.0035	-0.2485	0.0058925	NAN	
5.32	-0.255	0	-0.254	0.00338	NAN	
5.33	-0.26	-0.0035	-0.254	0.00084	NAN	
5.34	-0.27	-0.007	-0.2645	-0.0017525	NAN	
5.35	-0.28	-0.0105	-0.259	-0.00437	NAN	
5.36	-0.285	-0.013	-0.2645	-0.0069875	NAN	
5.37	-0.295	-0.0165	-0.267	-0.009645	NAN	
5.38	-0.3	-0.0195	-0.27	-0.01233	NAN	
5.39	-0.31	-0.023	-0.2755	-0.0150575	NAN	
5.4	-0.32	-0.026	-0.281	-0.01784	NAN	
5.41	-0.325	-0.0295	-0.2765	-0.0206275	NAN	
5.42	-0.335	-0.0325	-0.283	-0.023425	NAN	
5.43	-0.34	-0.035	-0.28	-0.02624	NAN	
5.44	-0.35	-0.0385	-0.289	-0.029085	NAN	
5.45	-0.36	-0.0415	-0.291	-0.031985	NAN	
5.46	-0.365	-0.0445	-0.2975	-0.0349275	NAN	
5.47	-0.375	-0.0475	-0.297	-0.0379	NAN	
5.48	-0.38	-0.0505	-0.3	-0.040885	NAN	
5.49	-0.39	-0.0525	-0.3025	-0.0438975	NAN	
5.5	-0.4	-0.055	-0.3115	-0.0469675	NAN	
5.51	-0.405	-0.059	-0.313	-0.05009	NAN	
5.52	-0.415	-0.061	-0.3205	-0.0532575	NAN	
5.53	-0.42	-0.064	-0.3155	-0.0564375	NAN	
5.54	-0.43	-0.066	-0.3245	-0.0596375	NAN	
5.55	-0.44	-0.069	-0.324	-0.06288	NAN	
5.56	-0.445	-0.0715	-0.3355	-0.0661775	NAN	
5.57	-0.455	-0.0735	-0.3385	-0.0695475	NAN	
5.58	-0.46	-0.0765	-0.338	-0.07293	NAN	
5.59	-0.47	-0.0785	-0.3435	-0.0763375	NAN	
5.6	-0.48	-0.0805	-0.3495	-0.0798025	NAN	
5.61	-0.485	-0.083	-0.3555	-0.0833275	NAN	
5.62	-0.495	-0.085	-0.3635	-0.0869225	NAN	
5.63	-0.5	-0.087	-0.361	-0.090545	NAN	
5.64	-0.51	-0.089	-0.3675	-0.0941875	NAN	
5.65	-0.52	-0.0905	-0.3685	-0.0978675	NAN	
5.66	-0.525	-0.093	-0.381	-0.101615	NAN	
5.67	-0.535	-0.0945	-0.385	-0.105445	NAN	
5.68	-0.54	-0.0965	-0.387	-0.109305	NAN	
5.69	-0.55	-0.0985	-0.3915	-0.1131975	NAN	
5.7	-0.56	-0.1	-0.3955	-0.1171325	NAN	
5.71	-0.565	-0.102	-0.402	-0.12112	NAN	
5.72	-0.575	-0.1035	-0.413	-0.125195	NAN	
5.73	-0.58	-0.1055	-0.413	-0.129325	NAN	
5.74	-0.59	-0.1075	-0.4205	-0.1334925	NAN	
5.75	-0.6	-0.1095	-0.4185	-0.1376875	NAN	
5.76	-0.605	-0.111	-0.427	-0.141915	NAN	
5.77	-0.615	-0.1125	-0.438	-0.14624	NAN	
5.78	-0.62	-0.114	-0.441	-0.150635	NAN	
5.79	-0.63	-0.116	-0.446	-0.15507	NAN	
5.8	-0.64	-0.118	-0.4495	-0.1595475	NAN	
5.81	-0.645	-0.1195	-0.4495	-0.1640425	NAN	
5.82	-0.655	-0.121	-0.461	-0.168595	NAN	
5.83	-0.66	-0.123	-0.4645	-0.1732225	NAN	
5.84	-0.67	-0.1245	-0.4725	-0.1779075	NAN	
5.85	-0.68	-0.1265	-0.472	-0.18263	NAN	
5.86	-0.685	-0.128	-0.4815	-0.1873975	NAN	
5.87	-0.695	-0.1295	-0.483	-0.19222	NAN	
5.88	-0.7	-0.132	-0.491	-0.19709	NAN	
5.89	-0.71	-0.1335	-0.502	-0.202055	NAN	
5.9	-0.72	-0.135	-0.4995	-0.2070625	NAN	
5.91	-0.725	-0.1375	-0.5035	-0.2120775	NAN	
5.92	-0.735	-0.139	-0.51	-0.217145	NAN	
5.93	-0.74	-0.141	-0.5105	-0.2222475	NAN	
5.94	-0.75	-0.1425	-0.5215	-0.2274075	NAN	
5.95	-0.76	-0.1455	-0.523	-0.23263	NAN	
5.96	-0.765	-0.1465	-0.5325	-0.2379075	NAN	
5.97	-0.775	-0.149	-0.536	-0.24325	NAN	
5.98	-0.78	-0.1505	-0.516	-0.24851	NAN	
5.99	-0.79	-0.1525	-0.5435	-0.2538075	NAN	
6	-0.8	-0.155	-0.54	-0.259225	NAN	
6.01	-0.805	-0.1575	-0.5155	-0.2645025	NAN	
6.02	-0.815	-0.1595	-0.553	-0.269845	NAN	
6.03	-0.82	-0.161	-0.566	-0.27544	NAN	
6.04	-0.83	-0.1635	-0.569	-0.281115	NAN	
6.05	-0.84	-0.166	-0.5695	-0.2868075	NAN	
6.06	-0.845	-0.168	-0.577	-0.29254	NAN	
6.07	-0.855	-0.1705	-0.5755	-0.2983025	NAN	
6.08	-0.86	-0.173	-0.583	-0.304095	NAN	
6.09	-0.87	-0.175	-0.587	-0.309945	NAN	
6.1	-0.88	-0.178	-0.59	-0.31583	NAN	
6.11	-0.885	-0.181	-0.605	-0.321805	NAN	
6.12	-0.895	-0.1835	-0.598	-0.32782	NAN	
6.13	-0.9	-0.186	-0.597	-0.333795	NAN	
6.14	-0.91	-0.1895	-0.588	-0.33972	NAN	
6.15	-0.92	-0.1915	-0.6075	-0.3456975	NAN	
6.16	-0.925	-0.195	-0.619	-0.35183	NAN	
6.17	-0.935	-0.1975	-0.617	-0.35801	NAN	
6.18	-0.94	-0.201	-0.6145	-0.3641675	NAN	
6.19	-0.95	-0.2045	-0.61	-0.37029	NAN	
6.2	-0.96	-0.208	-0.617	-0.376425	NAN	
6.21	-0.965	-0.211	-0.617	-0.382595	NAN	
6.22	-0.975	-0.215	-0.605	-0.388705	NAN	
6.23	-0.98	-0.219	-0.6275	-0.3948675	NAN	
6.24	-0.99	-0.2225	-0.6345	-0.4011775	NAN	
6.25	-1	-0.2265	-0.629	-0.407495	NAN	
6.26	-1.005	-0.2305	-0.629	-0.413785	NAN	
6.27	-1.015	-0.235	-0.6255	-0.4200575	NAN	
6.28	-1.02	-0.239	-0.629	-0.42633	NAN	
6.29	-1.03	-0.2435	-0.6275	-0.4326125	NAN	
6.3	-1.04	-0.248	-0.6285	-0.4388925	NAN	
6.31	-1.045	-0.253	-0.6335	-0.4452025	NAN	
6.32	-1.055	-0.258	-0.633	-0.451535	NAN	
6.33	-1.06	-0.263	-0.625	-0.457825	NAN	
6.34	-1.07	-0.2685	-0.6275	-0.4640875	NAN	
6.35	-1.08	-0.2745	-0.6215	-0.4703325	NAN	
6.36	-1.085	-0.2805	-0.626	-0.47657	NAN	
6.37	-1.095	-0.287	-0.6245	-0.4828225	NAN	
6.38	-1.1	-0.293	-0.621	-0.48905	NAN	
6.39	-1.11	-0.2995	-0.62	-0.495255	NAN	
6.4	-1.12	-0.3065	-0.614	-0.501425	NAN	
6.41	-1.125	-0.314	-0.604	-0.507515	NAN	
6.42	-1.135	-0.322	-0.5975	-0.5135225	NAN	
6.43	-1.14	-0.3295	-0.597	-0.519495	NAN	
6.44	-1.15	-0.3375	-0.593	-0.525445	NAN	
6.45	-1.16	-0.3455	-0.5885	-0.5313525	NAN	
6.46	-1.165	-0.354	-0.5815	-0.5372025	NAN	
6.47	-1.175	-0.362	-0.574	-0.54298	NAN	
6.48	-1.18	-0.3705	-0.5625	-0.5486625	NAN	
6.49	-1.19	-0.3795	-0.5595	-0.5542725	NAN	
6.5	-1.2	-0.3885	-0.553	-0.559835	NAN	
6.51	-1.205	-0.3975	-0.5495	-0.5653475	NAN	
6.52	-1.215	-0.407	-0.545	-0.57082	NAN	
6.53	-1.22	-0.416	-0.531	-0.5762	NAN	
6.54	-1.23	-0.4255	-0.525	-0.58148	NAN	
6.55	-1.24	-0.435	-0.518	-0.586695	NAN	
6.56	-1.245	-0.4445	-0.5215	-0.5918925	NAN	
6.57	-1.255	-0.454	-0.507	-0.597035	NAN	
6.58	-1.26	-0.464	-0.4955	-0.6020475	NAN	
6.59	-1.27	-0.474	-0.49	-0.606975	NAN	
6.6	-1.28	-0.484	-0.477	-0.61181	NAN	
6.61	-1.285	-0.4935	-0.462	-0.616505	NAN	
6.62	-1.295	-0.504	-0.458	-0.621105	NAN	
6.63	-1.3	-0.5145	-0.4505	-0.6256475	NAN	
6.64	-1.31	-0.525	-0.4435	-0.6301175	NAN	
6.65	-1.32	-0.5355	-0.429	-0.63448	NAN	
6.66	-1.325	-0.5465	-0.421	-0.63873	NAN	
6.67	-1.335	-0.557	-0.411	-0.64289	NAN	
6.68	-1.34	-0.568	-0.398	-0.646935	NAN	
6.69	-1.35	-0.5785	-0.397	-0.65091	NAN	
6.7	-1.36	-0.5895	-0.379	-0.65479	NAN	
6.71	-1.365	-0.6005	-0.368	-0.658525	NAN	
6.72	-1.375	-0.6115	-0.364	-0.662185	NAN	
6.73	-1.38	-0.6225	-0.3515	-0.6657625	NAN	
6.74	-1.39	-0.6335	-0.345	-0.669245	NAN	
6.75	-1.4	-0.645	-0.336	-0.67265	NAN	
6.76	-1.405	-0.656	-0.323	-0.675945	NAN	
6.77	-1.415	-0.6665	-0.3145	-0.6791325	NAN	
6.78	-1.42	-0.678	-0.3025	-0.6822175	NAN	
6.79	-1.43	-0.6885	-0.296	-0.68521	NAN	
6.8	-1.44	-0.7	-0.283	-0.688105	NAN	
6.81	-1.445	-0.711	-0.281	-0.690925	NAN	
6.82	-1.455	-0.722	-0.262	-0.69364	NAN	
6.83	-1.46	-0.732	-0.2535	-0.6962175	NAN	
6.84	-1.47	-0.7435	-0.2475	-0.6987225	NAN	
6.85	-1.48	-0.754	-0.239	-0.701155	NAN	
6.86	-1.485	-0.765	-0.229	-0.703495	NAN	
6.87	-1.495	-0.7735	-0.2195	-0.7057375	NAN	
6.88	-1.5	-0.7855	-0.208	-0.707875	NAN	
6.89	-1.51	-0.7965	-0.204	-0.709935	NAN	
6.9	-1.52	-0.8055	-0.1955	-0.7119325	NAN	
6.91	-1.525	-0.8155	-0.187	-0.713845	NAN	
6.92	-1.535	-0.825	-0.1785	-0.7156725	NAN	
6.93	-1.54	-0.835	-0.1725	-0.7174275	NAN	
6.94	-1.55	-0.844	-0.1685	-0.7191325	NAN	
6.95	-1.56	-0.853	-0.159	-0.72077	NAN	
6.96	-1.565	-0.8625	-0.154	-0.722335	NAN	
6.97	-1.575	-0.8715	-0.148	-0.723845	NAN	
6.98	-1.58	-0.8805	-0.141	-0.72529	NAN	
6.99	-1.59	-0.8885	-0.1405	-0.7266975	NAN	
7	-1.6	-0.8975	-0.1285	-0.7280425	NAN	
7.01	-1.605	-0.905	-0.125	-0.72931	NAN	
7.02	-1.615	-0.9135	-0.1195	-0.7305325	NAN	
7.03	-1.62	-0.921	-0.1185	-0.7317225	NAN	
7.04	-1.63	-0.9285	-0.111	-0.73287	NAN	
7.05	-1.64	-0.936	-0.106	-0.733955	NAN	
7.06	-1.645	-0.9435	-0.104	-0.735005	NAN	
7.07	-1.655	-0.951	-0.1045	-0.7360475	NAN	
7.08	-1.66	-0.958	-0.0975	-0.7370575	NAN	
7.09	-1.67	-0.965	-0.0975	-0.7380325	NAN	
7.1	-1.68	-0.972	-0.0895	-0.7389675	NAN	
7.11	-1.685	-0.9785	-0.0875	-0.7398525	NAN	
7.12	-1.695	-0.9855	-0.0875	-0.7407275	NAN	
7.13	-1.7	-0.9915	-0.087	-0.7416	NAN	
7.14	-1.71	-0.9985	-0.081	-0.74244	NAN	
7.15	-1.72	-1.0045	-0.078	-0.743235	NAN	
7.16	-1.725	-1.011	-0.077	-0.74401	NAN	
7.17	-1.735	-1.017	-0.0765	-0.7447775	NAN	
7.18	-1.74	-1.0235	-0.0745	-0.7455325	NAN	
7.19	-1.75	-1.0275	-0.069	-0.74625	NAN	
7.2	-1.76	-1.0275	-0.0645	-0.7469175	NAN	
7.21	-1.765	-1.0275	-0.064	-0.74756	NAN	
7.22	-1.775	-1.0275	-0.061	-0.748185	NAN	
7.23	-1.78	-1.0275	-0.0755	-0.7488675	NAN	
7.24	-1.79	-1.0275	-0.053	-0.74951	NAN	
7.25	-1.8	-1.0275	-0.0545	-0.7500475	NAN	
7.26	-1.805	-1.0275	-0.0665	-0.7506525	NAN	
7.27	-1.815	-1.0275	-0.067	-0.75132	NAN	
7.28	-1.82	-1.0275	-0.06	-0.751955	NAN	
7.29	-1.83	-1.0275	-0.059	-0.75255	NAN	
7.3	-1.84	-1.0275	-0.058	-0.753135	NAN	
7.31	-1.845	-1.0275	-0.062	-0.753735	NAN	
7.32	-1.855	-1.0275	-0.0605	-0.7543475	NAN	
7.33	-1.86	-1.0275	-0.055	-0.754925	NAN	
7.34	-1.87	-1.0275	-0.007	-0.755235	NAN	
7.35	-1.88	-1.0275	0.0025	-0.7552575	NAN	
7.36	-1.885	-1.0275	-0.006	-0.755275	NAN	
7.37	-1.895	-1.0275	0.0065	-0.7552725	NAN	
7.38	-1.9	-1.0275	-0.005	-0.755265	NAN	
7.39	-1.91	-1.0275	0.0045	-0.7552675	NAN	
7.4	-1.92	-1.0275	0	-0.755245	NAN	
7.41	-1.925	-1.0275	-0.0005	-0.7552475	NAN	
7.42	-1.935	-1.0275	-0.014	-0.75532	NAN	
7.43	-1.94	-1.0275	0.0045	-0.7553675	NAN	
7.44	-1.95	-1.0275	0.009	-0.7553	NAN	
7.45	-1.96	-1.0275	0.005	-0.75523	NAN	
7.46	-1.965	-1.0275	-0.0095	-0.7552525	NAN	
7.47	-1.975	-1.0275	-0.009	-0.755345	NAN	
7.48	-1.98	-1.0275	0.0165	-0.7553075	NAN	
7.49	-1.99	-1.0275	-0.0125	-0.7552875	NAN	
7.5	-2	-1.0275	-0.0095	-0.7553975	NAN	
7.51	-1.995	-1.0275	0.019	-0.75535	NAN	
7.52	-1.985	-1.0275	-0.007	-0.75529	NAN	
7.53	-1.98	-1.0275	-0.0055	-0.7553525	NAN	
7.54	-1.97	-1.0275	-0.006	-0.75541	NAN	
7.55	-1.96	-1.0275	0.0245	-0.7553175	NAN	
7.56	-1.955	-1.0275	-0.018	-0.755285	NAN	
7.57	-1.945	-1.0275	0.0025	-0.7553625	NAN	
7.58	-1.94	-1.0275	-0.012	-0.75541	NAN	
7.59	-1.93	-1.0275	0.0195	-0.7553725	NAN	
7.6	-1.92	-1.0275	0.016	-0.755195	NAN	
7.61	-1.915	-1.0275	0.002	-0.755105	NAN	
7.62	-1.905	-1.0275	-0.003	-0.75511	NAN	
7.63	-1.9	-1.0275	0.003	-0.75511	NAN	
7.64	-1.89	-1.0275	-0.0025	-0.7551075	NAN	
7.65	-1.88	-1.0275	0	-0.75512	NAN	
7.66	-1.875	-1.0275	-0.002	-0.75513	NAN	
7.67	-1.865	-1.0275	0.007	-0.755105	NAN	
7.68	-1.86	-1.0275	0.0015	-0.7550625	NAN	
7.69	-1.85	-1.0275	0.0005	-0.7550525	NAN	
7.7	-1.84	-1.0275	-0.002	-0.75506	NAN	
7.71	-1.835	-1.0275	0.004	-0.75505	NAN	
7.72	-1.825	-1.0275	0.004	-0.75501	NAN	
7.73	-1.82	-1.0275	0.001	-0.754985	NAN	
7.74	-1.81	-1.0275	-0.002	-0.75499	NAN	
7.75	-1.8	-1.0275	-0.0005	-0.7550025	NAN	
7.76	-1.795	-1.0275	0.0095	-0.7549575	NAN	
7.77	-1.785	-1.0275	0.008	-0.75487	NAN	
7.78	-1.78	-1.0275	0.0065	-0.7547975	NAN	
7.79	-1.77	-1.0275	0.011	-0.75471	NAN	
7.8	-1.76	-1.0275	0.015	-0.75458	NAN	
7.81	-1.755	-1.0275	0.0105	-0.7544525	NAN	
7.82	-1.745	-1.0275	0.0145	-0.7543275	NAN	
7.83	-1.74	-1.0275	0.017	-0.75417	NAN	
7.84	-1.73	-1.0275	0.0195	-0.7539875	NAN	
7.85	-1.72	-1.0275	0.0085	-0.7538475	NAN	
7.86	-1.715	-1.0275	0.0195	-0.7537075	NAN	
7.87	-1.705	-1.0275	0.019	-0.753515	NAN	
7.88	-1.7	-1.0275	0.0165	-0.7533375	NAN	
7.89	-1.69	-1.0275	0.0125	-0.7531925	NAN	
7.9	-1.68	-1.0275	0.018	-0.75304	NAN	
7.91	-1.675	-1.0275	0.016	-0.75287	NAN	
7.92	-1.665	-1.0275	0.0205	-0.7526875	NAN	
7.93	-1.66	-1.0275	0.011	-0.75253	NAN	
7.94	-1.65	-1.0275	0.0225	-0.7523625	NAN	
7.95	-1.64	-1.0275	0.0145	-0.7521775	NAN	
7.96	-1.635	-1.025	0.018	-0.752015	NAN	
7.97	-1.625	-1.02	0.019	-0.75183	NAN	
7.98	-1.62	-1.015	0.024	-0.751615	NAN	
7.99	-1.61	-1.0105	0.017	-0.75141	NAN	
8	-1.6	-1.006	0.018	-0.751235	NAN	
8.01	-1.595	-1.0005	0.0175	-0.7510575	NAN	
8.02	-1.585	-0.9965	0.0215	-0.7508625	NAN	
8.03	-1.58	-0.9915	0.016	-0.750675	NAN	
8.04	-1.57	-0.987	0.021	-0.75049	NAN	
8.05	-1.56	-0.982	0.019	-0.75029	NAN	
8.06	-1.555	-0.977	0.024	-0.750075	NAN	
8.07	-1.545	-0.972	0.017	-0.74987	NAN	
8.08	-1.54	-0.967	0.021	-0.74968	NAN	
8.09	-1.53	-0.9625	0.024	-0.749455	NAN	
8.1	-1.52	-0.9575	0.0205	-0.7492325	NAN	
8.11	-1.515	-0.9525	0.0155	-0.7490525	NAN	
8.12	-1.505	-0.9485	0.0275	-0.7488375	NAN	
8.13	-1.5	-0.9425	0.021	-0.748595	NAN	
8.14	-1.49	-0.9385	0.0215	-0.7483825	NAN	
8.15	-1.48	-0.933	0.0165	-0.7481925	NAN	
8.16	-1.475	-0.9285	0.028	-0.74797	NAN	
8.17	-1.465	-0.923	0.022	-0.74772	NAN	
8.18	-1.46	-0.9185	0.0215	-0.7475025	NAN	
8.19	-1.45	-0.9135	0.0185	-0.7473025	NAN	
8.2	-1.44	-0.909	0.026	-0.74708	NAN	
8.21	-1.435	-0.904	0.0215	-0.7468425	NAN	
8.22	-1.425	-0.8995	0.024	-0.746615	NAN	
8.23	-1.42	-0.894	0.0225	-0.7463825	NAN	
8.24	-1.41	-0.8895	0.029	-0.746125	NAN	
8.25	-1.4	-0.8845	0.019	-0.745885	NAN	
8.26	-1.395	-0.8795	0.026	-0.74566	NAN	
8.27	-1.385	-0.875	0.0255	-0.7454025	NAN	
8.28	-1.38	-0.8705	0.025	-0.74515	NAN	
8.29	-1.37	-0.865	0.0235	-0.7449075	NAN	
8.3	-1.36	-0.8605	0.024	-0.74467	NAN	
8.31	-1.355	-0.8555	0.005	-0.744525	NAN	
8.32	-1.345	-0.851	0.032	-0.74434	NAN	
8.33	-1.34	-0.846	0.0235	-0.7440625	NAN	
8.34	-1.33	-0.8415	0.03	-0.743795	NAN	
8.35	-1.32	-0.8365	0.0335	-0.7434775	NAN	
8.36	-1.315	-0.8315	0.035	-0.743135	NAN	
8.37	-1.305	-0.8265	0.029	-0.742815	NAN	
8.38	-1.3	-0.822	0.033	-0.742505	NAN	
8.39	-1.29	-0.817	0.026	-0.74221	NAN	
8.4	-1.28	-0.8125	0.017	-0.741995	NAN	
8.41	-1.275	-0.8075	0.026	-0.74178	NAN	
8.42	-1.265	-0.803	0.033	-0.741485	NAN	
8.43	-1.26	-0.7985	0.024	-0.7412	NAN	
8.44	-1.25	-0.794	0.028	-0.74094	NAN	
8.45	-1.24	-0.789	0.0245	-0.7406775	NAN	
8.46	-1.235	-0.7855	0.0335	-0.7403875	NAN	
8.47	-1.225	-0.78	0.0255	-0.7400925	NAN	
8.48	-1.22	-0.775	0.029	-0.73982	NAN	
8.49	-1.21	-0.7705	0.0295	-0.7395275	NAN	
8.5	-1.2	-0.766	0.0315	-0.7392225	NAN	
8.51	-1.195	-0.761	0.0155	-0.7389875	NAN	
8.52	-1.185	-0.7565	0.0365	-0.7387275	NAN	
8.53	-1.18	-0.7515	0.018	-0.738455	NAN	
8.54	-1.17	-0.7475	0.0475	-0.7381275	NAN	
8.55	-1.16	-0.742	0.025	-0.737765	NAN	
8.56	-1.155	-0.7375	0.034	-0.73747	NAN	
8.57	-1.145	-0.733	0.031	-0.737145	NAN	
8.58	-1.14	-0.7285	0.036	-0.73681	NAN	
8.59	-1.13	-0.7235	0.031	-0.736475	NAN	
8.6	-1.12	-0.7195	0.0345	-0.7361475	NAN	
8.61	-1.115	-0.7145	0.038	-0.735785	NAN	
8.62	-1.105	-0.71	0.0315	-0.7354375	NAN	
8.63	-1.1	-0.705	0.0245	-0.7351575	NAN	
8.64	-1.09	-0.7005	0.041	-0.73483	NAN	
8.65	-1.08	-0.6955	0.0295	-0.7344775	NAN	
8.66	-1.075	-0.691	0.0415	-0.7341225	NAN	
8.67	-1.065	-0.6865	0.034	-0.733745	NAN	
8.68	-1.06	-0.682	0.0385	-0.7333825	NAN	
8.69	-1.05	-0.6775	0.036	-0.73301	NAN	
8.7	-1.04	-0.673	0.037	-0.732645	NAN	
8.71	-1.035	-0.668	0.032	-0.7323	NAN	
8.72	-1.025	-0.663	0.051	-0.731885	NAN	
8.73	-1.02	-0.6585	0.0345	-0.7314575	NAN	
8.74	-1.01	-0.654	0.029	-0.73114	NAN	
8.75	-1	-0.6495	0.0345	-0.7308225	NAN	
8.76	-0.995	-0.645	0.043	-0.730435	NAN	
8.77	-0.985	-0.6405	0.037	-0.730035	NAN	
8.78	-0.98	-0.635	0.0435	-0.7296325	NAN	
8.79	-0.97	-0.6305	0.0395	-0.7292175	NAN	
8.8	-0.96	-0.626	0.0425	-0.7288075	NAN	
8.81	-0.955	-0.6215	0.0355	-0.7284175	NAN	
8.82	-0.945	-0.6175	0.0445	-0.7280175	NAN	
8.83	-0.94	-0.6125	0.0415	-0.7275875	NAN	
8.84	-0.93	-0.608	0.0455	-0.7271525	NAN	
8.85	-0.92	-0.6035	0.0405	-0.7267225	NAN	
8.86	-0.915	-0.599	0.0465	-0.7262875	NAN	
8.87	-0.905	-0.5945	0.0455	-0.7258275	NAN	
8.88	-0.9	-0.5895	0.047	-0.725365	NAN	
8.89	-0.89	-0.585	0.0405	-0.7249275	NAN	
8.9	-0.88	-0.5805	0.0285	-0.7245825	NAN	
8.91	-0.875	-0.576	0.0545	-0.7241675	NAN	
8.92	-0.865	-0.571	0.053	-0.72363	NAN	
8.93	-0.86	-0.5665	0.0475	-0.7231275	NAN	
8.94	-0.85	-0.562	0.05	-0.72264	NAN	
8.95	-0.84	-0.5575	0.0505	-0.7221375	NAN	
8.96	-0.835	-0.5525	0.0505	-0.7216325	NAN	
8.97	-0.825	-0.5485	0.039	-0.721185	NAN	
8.98	-0.82	-0.5435	0.0495	-0.7207425	NAN	
8.99	-0.81	-0.539	0.048	-0.720255	NAN	
9	-0.8	-0.5345	0.055	-0.71974	NAN	
9.01	-0.795	-0.53	0.0505	-0.7192125	NAN	
9.02	-0.785	-0.5255	0.06	-0.71866	NAN	
9.03	-0.78	-0.521	0.05	-0.71811	NAN	
9.04	-0.77	-0.5165	0.0535	-0.7175925	NAN	
9.05	-0.76	-0.512	0.052	-0.717065	NAN	
9.06	-0.755	-0.507	0.0615	-0.7164975	NAN	
9.07	-0.745	-0.5025	0.0545	-0.7159175	NAN	
9.08	-0.74	-0.4985	0.0585	-0.7153525	NAN	
9.09	-0.73	-0.4935	0.055	-0.714785	NAN	
9.1	-0.72	-0.489	0.059	-0.714215	NAN	
9.11	-0.715	-0.4845	0.0535	-0.7136525	NAN	
9.12	-0.705	-0.48	0.063	-0.71307	NAN	
9.13	-0.7	-0.4755	0.0555	-0.7124775	NAN	
9.14	-0.69	-0.471	0.0675	-0.7118625	NAN	
9.15	-0.68	-0.4665	0.055	-0.71125	NAN	
9.16	-0.675	-0.4625	0.0635	-0.7106575	NAN	
9.17	-0.665	-0.458	0.0635	-0.7100225	NAN	
9.18	-0.66	-0.4535	0.067	-0.70937	NAN	
9.19	-0.65	-0.449	0.06	-0.708735	NAN	
9.2	-0.64	-0.4445	0.057	-0.70815	NAN	
9.21	-0.635	-0.44	0.071	-0.70751	NAN	
9.22	-0.625	-0.4355	0.075	-0.70678	NAN	
9.23	-0.62	-0.4315	0.0615	-0.7060975	NAN	
9.24	-0.61	-0.427	0.0735	-0.7054225	NAN	
9.25	-0.6	-0.4225	0.0655	-0.7047275	NAN	
9.26	-0.595	-0.4185	0.0725	-0.7040375	NAN	
9.27	-0.585	-0.415	0.0645	-0.7033525	NAN	
9.28	-0.58	-0.4095	0.074	-0.70266	NAN	
9.29	-0.57	-0.406	0.072	-0.70193	NAN	
9.3	-0.56	-0.401	0.074	-0.7012	NAN	
9.31	-0.555	-0.3965	0.07	-0.70048	NAN	
9.32	-0.545	-0.3925	0.085	-0.699705	NAN	
9.33	-0.54	-0.3875	0.071	-0.698925	NAN	
9.34	-0.53	-0.3835	0.08	-0.69817	NAN	
9.35	-0.52	-0.3795	0.076	-0.69739	NAN	
9.36	-0.515	-0.375	0.08	-0.69661	NAN	
9.37	-0.505	-0.371	0.0795	-0.6958125	NAN	
9.38	-0.5	-0.366	0.0765	-0.6950325	NAN	
9.39	-0.49	-0.363	0.075	-0.694275	NAN	
9.4	-0.48	-0.358	0.0895	-0.6934525	NAN	
9.41	-0.475	-0.3545	0.082	-0.692595	NAN	
9.42	-0.465	-0.3495	0.088	-0.691745	NAN	
9.43	-0.46	-0.345	0.08	-0.690905	NAN	
9.44	-0.45	-0.341	0.097	-0.69002	NAN	
9.45	-0.44	-0.3365	0.0825	-0.6891225	NAN	
9.46	-0.435	-0.3325	0.095	-0.688235	NAN	
9.47	-0.425	-0.3285	0.0885	-0.6873175	NAN	
9.48	-0.42	-0.324	0.097	-0.68639	NAN	
9.49	-0.41	-0.32	0.091	-0.68545	NAN	
9.5	-0.4	-0.316	0.095	-0.68452	NAN	
9.51	-0.395	-0.3115	0.094	-0.683575	NAN	
9.52	-0.385	-0.3075	0.1065	-0.6825725	NAN	
9.53	-0.38	-0.3035	0.093	-0.681575	NAN	
9.54	-0.37	-0.299	0.1035	-0.6805925	NAN	
9.55	-0.36	-0.295	0.097	-0.67959	NAN	
9.56	-0.355	-0.291	0.1095	-0.6785575	NAN	
9.57	-0.345	-0.287	0.1025	-0.6774975	NAN	
9.58	-0.34	-0.2825	0.1075	-0.6764475	NAN	
9.59	-0.33	-0.278	0.105	-0.675385	NAN	
9.6	-0.32	-0.2745	0.114	-0.67429	NAN	
9.61	-0.315	-0.2705	0.1055	-0.6731925	NAN	
9.62	-0.305	-0.2665	0.1125	-0.6721025	NAN	
9.63	-0.3	-0.262	0.109	-0.670995	NAN	
9.64	-0.29	-0.2585	0.1105	-0.6698975	NAN	
9.65	-0.28	-0.2545	0.109	-0.6688	NAN	
9.66	-0.275	-0.2505	0.1205	-0.6676525	NAN	
9.67	-0.265	-0.246	0.1175	-0.6664625	NAN	
9.68	-0.26	-0.2425	0.125	-0.66525	NAN	
9.69	-0.25	-0.2385	0.122	-0.664015	NAN	
9.7	-0.24	-0.2345	0.1245	-0.6627825	NAN	
9.71	-0.235	-0.231	0.121	-0.661555	NAN	
9.72	-0.225	-0.2265	0.137	-0.660265	NAN	
9.73	-0.22	-0.223	0.126	-0.65895	NAN	
9.74	-0.21	-0.2185	0.134	-0.65765	NAN	
9.75	-0.2	-0.215	0.1265	-0.6563475	NAN	
9.76	-0.195	-0.2105	0.141	-0.65501	NAN	
9.77	-0.185	-0.2065	0.135	-0.65363	NAN	
9.78	-0.18	-0.2025	0.1385	-0.6522625	NAN	
9.79	-0.17	-0.199	0.136	-0.65089	NAN	
9.8	-0.16	-0.195	0.1465	-0.6494775	NAN	
9.81	-0.155	-0.191	0.1405	-0.6480425	NAN	
9.82	-0.145	-0.187	0.147	-0.646605	NAN	
9.83	-0.14	-0.1835	0.142	-0.64516	NAN	
9.84	-0.13	-0.1795	0.157	-0.643665	NAN	
9.85	-0.12	-0.1755	0.145	-0.642155	NAN	
9.86	-0.115	-0.172	0.154	-0.64066	NAN	
9.87	-0.105	-0.1675	0.1525	-0.6391275	NAN	
9.88	-0.1	-0.164	0.16	-0.637565	NAN	
9.89	-0.09	-0.161	0.156	-0.635985	NAN	
9.9	-0.08	-0.1565	0.1605	-0.6344025	NAN	
9.91	-0.075	-0.1525	0.1555	-0.6328225	NAN	
9.92	-0.065	-0.149	0.1725	-0.6311825	NAN	
9.93	-0.06	-0.1455	0.164	-0.6295	NAN	
9.94	-0.05	-0.1415	0.1715	-0.6278225	NAN	
9.95	-0.04	-0.138	0.1635	-0.6261475	NAN	
9.96	-0.035	-0.134	0.1775	-0.6244425	NAN	
9.97	-0.025	-0.13	0.1735	-0.6226875	NAN	
9.98	-0.02	-0.1265	0.1785	-0.6209275	NAN	
9.99	-0.01	-0.1225	0.1735	-0.6191675	NAN	
10	0	-0.119	0.182	-0.61739	NAN	
10.01	0.005	-0.1155	0.181	-0.615575	NAN	
10.02	0.015	-0.112	0.189	-0.613725	NAN	
10.03	0.02	-0.1075	0.178	-0.61189	NAN	
10.04	0.03	-0.1045	0.1925	-0.6100375	NAN	
10.05	0.04	-0.101	0.1855	-0.6081475	NAN	
10.06	0.045	-0.097	0.198	-0.60623	NAN	
10.07	0.055	-0.0935	0.192	-0.60428	NAN	
10.08	0.06	-0.0895	0.197	-0.602335	NAN	
10.09	0.07	-0.0865	0.198	-0.60036	NAN	
10.1	0.08	-0.0825	0.206	-0.59834	NAN	
10.11	0.085	-0.0785	0.199	-0.596315	NAN	
10.12	0.095	-0.0755	0.21	-0.59427	NAN	
10.13	0.1	-0.0715	0.2045	-0.5921975	NAN	
10.14	0.11	-0.068	0.217	-0.59009	NAN	
10.15	0.12	-0.064	0.2085	-0.5879625	NAN	
10.16	0.125	-0.061	0.2175	-0.5858325	NAN	
10.17	0.135	-0.0575	0.212	-0.583685	NAN	
10.18	0.14	-0.054	0.225	-0.5815	NAN	
10.19	0.15	-0.051	0.222	-0.579265	NAN	
10.2	0.16	-0.0465	0.2255	-0.5770275	NAN	
10.21	0.165	-0.043	0.221	-0.574795	NAN	
10.22	0.175	-0.04	0.235	-0.572515	NAN	
10.23	0.18	-0.0365	0.23	-0.57019	NAN	
10.24	0.19	-0.0325	0.242	-0.56783	NAN	
10.25	0.2	-0.029	0.232	-0.56546	NAN	
10.26	0.205	-0.0255	0.2395	-0.5631025	NAN	
10.27	0.215	-0.0225	0.2415	-0.5606975	NAN	
10.28	0.22	-0.019	0.2485	-0.5582475	NAN	
10.29	0.23	-0.0155	0.245	-0.55578	NAN	
10.3	0.24	-0.0125	0.251	-0.5533	NAN	
10.31	0.245	-0.008	0.2465	-0.5508125	NAN	
10.32	0.255	-0.005	0.263	-0.548265	NAN	
10.33	0.26	-0.002	0.2555	-0.5456725	NAN	
10.34	0.27	0.0015	0.264	-0.543075	NAN	
10.35	0.28	0.0045	0.2555	-0.5404775	NAN	
10.36	0.285	0.0085	0.2715	-0.5378425	NAN	
10.37	0.295	0.011	0.268	-0.535145	NAN	
10.38	0.3	0.0145	0.2765	-0.5324225	NAN	
10.39	0.31	0.018	0.271	-0.529685	NAN	
10.4	0.32	0.021	0.2785	-0.5269375	NAN	
10.41	0.325	0.025	0.2775	-0.5241575	NAN	
10.42	0.335	0.0275	0.292	-0.52131	NAN	
10.43	0.34	0.03	0.279	-0.518455	NAN	
10.44	0.35	0.034	0.292	-0.5156	NAN	
10.45	0.36	0.037	0.2855	-0.5127125	NAN	
10.46	0.365	0.04	0.3005	-0.5097825	NAN	
10.47	0.375	0.043	0.2985	-0.5067875	NAN	
10.48	0.38	0.046	0.3025	-0.5037825	NAN	
10.49	0.39	0.049	0.3	-0.50077	NAN	
10.5	0.4	0.0515	0.3105	-0.4977175	NAN	
10.51	0.405	0.0545	0.31	-0.494615	NAN	
10.52	0.415	0.057	0.3235	-0.4914475	NAN	
10.53	0.42	0.0595	0.3145	-0.4882575	NAN	
10.54	0.43	0.0625	0.325	-0.48506	NAN	
10.55	0.44	0.065	0.323	-0.48182	NAN	
10.56	0.445	0.0675	0.3385	-0.4785125	NAN	
10.57	0.455	0.07	0.335	-0.475145	NAN	
10.58	0.46	0.0715	0.3405	-0.4717675	NAN	
10.59	0.47	0.075	0.333	-0.4684	NAN	
10.6	0.48	0.077	0.349	-0.46499	NAN	
10.61	0.485	0.079	0.353	-0.46148	NAN	
10.62	0.495	0.081	0.3635	-0.4578975	NAN	
10.63	0.5	0.0835	0.3465	-0.4543475	NAN	
10.64	0.51	0.0855	0.371	-0.45076	NAN	
10.65	0.52	0.0875	0.3615	-0.4470975	NAN	
10.66	0.525	0.0895	0.3925	-0.4433275	NAN	
10.67	0.535	0.091	0.3755	-0.4394875	NAN	
10.68	0.54	0.093	0.3865	-0.4356775	NAN	
10.69	0.55	0.095	0.386	-0.431815	NAN	
10.7	0.56	0.0965	0.3875	-0.4279475	NAN	
10.71	0.565	0.0985	0.416	-0.42393	NAN	
10.72	0.575	0.1005	0.414	-0.41978	NAN	
10.73	0.58	0.102	0.4095	-0.4156625	NAN	
10.74	0.59	0.104	0.421	-0.41151	NAN	
10.75	0.6	0.1055	0.4095	-0.4073575	NAN	
10.76	0.605	0.1075	0.453	-0.403045	NAN	
10.77	0.615	0.109	0.427	-0.398645	NAN	
10.78	0.62	0.111	0.44	-0.39431	NAN	
10.79	0.63	0.1125	0.4585	-0.3898175	NAN	
10.8	0.64	0.114	0.458	-0.385235	NAN	
10.81	0.645	0.116	0.4425	-0.3807325	NAN	
10.82	0.655	0.1175	0.44	-0.37632	NAN	
10.83	0.66	0.1195	0.4555	-0.3718425	NAN	
10.84	0.67	0.1215	0.471	-0.36721	NAN	
10.85	0.68	0.123	0.473	-0.36249	NAN	
10.86	0.685	0.125	0.4845	-0.3577025	NAN	
10.87	0.695	0.1265	0.48	-0.35288	NAN	
10.88	0.7	0.1285	0.492	-0.34802	NAN	
10.89	0.71	0.13	0.4985	-0.3430675	NAN	
10.9	0.72	0.132	0.505	-0.33805	NAN	
10.91	0.725	0.1335	0.502	-0.333015	NAN	
10.92	0.735	0.1355	0.5145	-0.3279325	NAN	
10.93	0.74	0.1375	0.5085	-0.3228175	NAN	
10.94	0.75	0.139	0.524	-0.317655	NAN	
10.95	0.76	0.141	0.525	-0.31241	NAN	
10.96	0.765	0.143	0.532	-0.307125	NAN	
10.97	0.775	0.145	0.5355	-0.3017875	NAN	
10.98	0.78	0.147	0.551	-0.296355	NAN	
10.99	0.79	0.149	0.538	-0.29091	NAN	
11	0.8	0.151	0.556	-0.28544	NAN	
11.01	0.805	0.153	0.5515	-0.2799025	NAN	
11.02	0.815	0.1555	0.569	-0.2743	NAN	
11.03	0.82	0.1575	0.5605	-0.2686525	NAN	
11.04	0.83	0.1595	0.5745	-0.2629775	NAN	
11.05	0.84	0.162	0.563	-0.25729	NAN	
11.06	0.845	0.164	0.5775	-0.2515875	NAN	
11.07	0.855	0.1665	0.577	-0.245815	NAN	
11.08	0.86	0.169	0.588	-0.23999	NAN	
11.09	0.87	0.1715	0.5905	-0.2340975	NAN	
11.1	0.88	0.174	0.5945	-0.2281725	NAN	
11.11	0.885	0.1765	0.5955	-0.2222225	NAN	
11.12	0.895	0.179	0.6065	-0.2162125	NAN	
11.13	0.9	0.182	0.597	-0.210195	NAN	
11.14	0.91	0.185	0.5955	-0.2042325	NAN	
11.15	0.92	0.188	0.603	-0.19824	NAN	
11.16	0.925	0.1905	0.621	-0.19212	NAN	
11.17	0.935	0.194	0.6185	-0.1859225	NAN	
11.18	0.94	0.197	0.635	-0.179655	NAN	
11.19	0.95	0.2	0.618	-0.17339	NAN	
11.2	0.96	0.2035	0.623	-0.167185	NAN	
11.21	0.965	0.207	0.6135	-0.1610025	NAN	
11.22	0.975	0.2105	0.638	-0.154745	NAN	
11.23	0.98	0.2145	0.63	-0.148405	NAN	
11.24	0.99	0.218	0.6415	-0.1420475	NAN	
11.25	1	0.222	0.63	-0.13569	NAN	
11.26	1.005	0.226	0.64	-0.12934	NAN	
11.27	1.015	0.23	0.631	-0.122985	NAN	
11.28	1.02	0.2345	0.6395	-0.1166325	NAN	
11.29	1.03	0.239	0.6335	-0.1102675	NAN	
11.3	1.04	0.2435	0.638	-0.10391	NAN	
11.31	1.045	0.2485	0.636	-0.09754	NAN	
11.32	1.055	0.2535	0.645	-0.091135	NAN	
11.33	1.06	0.259	0.6305	-0.0847575	NAN	
11.34	1.07	0.2645	0.641	-0.0784	NAN	
11.35	1.08	0.27	0.6265	-0.0720625	NAN	
11.36	1.085	0.276	0.628	-0.06579	NAN	
11.37	1.095	0.2825	0.623	-0.059535	NAN	
11.38	1.1	0.2895	0.627	-0.053285	NAN	
11.39	1.11	0.296	0.6195	-0.0470525	NAN	
11.4	1.12	0.3035	0.6205	-0.0408525	NAN	
11.41	1.125	0.3105	0.608	-0.03471	NAN	
11.42	1.135	0.3185	0.6155	-0.0285925	NAN	
11.43	1.14	0.326	0.5945	-0.0225425	NAN	
11.44	1.15	0.3345	0.597	-0.016585	NAN	
11.45	1.16	0.3425	0.585	-0.010675	NAN	
11.46	1.165	0.351	0.5905	-0.0047975	NAN	
11.47	1.175	0.3595	0.5785	0.0010475	NAN	
11.48	1.18	0.368	0.5745	0.0068125	NAN	
11.49	1.19	0.377	0.5615	0.0124925	NAN	
11.5	1.2	0.386	0.559	0.018095	NAN	
11.51	1.205	0.395	0.548	0.02363	NAN	
11.52	1.215	0.4045	0.55	0.02912	NAN	
11.53	1.22	0.414	0.5365	0.0345525	NAN	
11.54	1.23	0.4235	0.5365	0.0399175	NAN	
11.55	1.24	0.433	0.515	0.045175	NAN	
11.56	1.245	0.443	0.5155	0.0503275	NAN	
11.57	1.255	0.4525	0.5015	0.0554125	NAN	
11.58	1.26	0.463	0.4975	0.0604075	NAN	
11.59	1.27	0.473	0.488	0.065335	NAN	
11.6	1.28	0.483	0.4815	0.0701825	NAN	
11.61	1.285	0.4935	0.465	0.074915	NAN	
11.62	1.295	0.504	0.463	0.079555	NAN	
11.63	1.3	0.515	0.441	0.084075	NAN	
11.64	1.31	0.5255	0.4455	0.0885075	NAN	
11.65	1.32	0.5365	0.4265	0.0928675	NAN	
11.66	1.325	0.547	0.424	0.09712	NAN	
11.67	1.335	0.5585	0.41	0.10129	NAN	
11.68	1.34	0.5695	0.4005	0.1053425	NAN	
11.69	1.35	0.5805	0.3865	0.1092775	NAN	
11.7	1.36	0.592	0.383	0.113125	NAN	
11.71	1.365	0.6035	0.3675	0.1168775	NAN	
11.72	1.375	0.6145	0.3655	0.1205425	NAN	
11.73	1.38	0.626	0.3385	0.1240625	NAN	
11.74	1.39	0.6375	0.34	0.127455	NAN	
11.75	1.4	0.649	0.325	0.13078	NAN	
11.76	1.405	0.6605	0.324	0.134025	NAN	
11.77	1.415	0.6725	0.2985	0.1371375	NAN	
11.78	1.42	0.6835	0.293	0.140095	NAN	
11.79	1.43	0.695	0.282	0.14297	NAN	
11.8	1.44	0.7065	0.275	0.145755	NAN	
11.81	1.445	0.7175	0.255	0.148405	NAN	
11.82	1.455	0.729	0.254	0.15095	NAN	
11.83	1.46	0.7405	0.237	0.153405	NAN	
11.84	1.47	0.7515	0.243	0.155805	NAN	
11.85	1.48	0.762	0.225	0.158145	NAN	
11.86	1.485	0.773	0.221	0.160375	NAN	
11.87	1.495	0.7835	0.2025	0.1624925	NAN	
11.88	1.5	0.794	0.198	0.164495	NAN	
11.89	1.51	0.8045	0.187	0.16642	NAN	
11.9	1.52	0.8145	0.1835	0.1682725	NAN	
11.91	1.525	0.824	0.1675	0.1700275	NAN	
11.92	1.535	0.834	0.171	0.17172	NAN	
11.93	1.54	0.8435	0.1565	0.1733575	NAN	
11.94	1.55	0.853	0.154	0.17491	NAN	
11.95	1.56	0.862	0.1385	0.1763725	NAN	
11.96	1.565	0.8705	0.147	0.1778	NAN	
11.97	1.575	0.8795	0.136	0.179215	NAN	
11.98	1.58	0.888	0.1325	0.1805575	NAN	
11.99	1.59	0.896	0.125	0.181845	NAN	
12	1.6	0.904	0.119	0.183065	NAN	
12.01	1.605	0.912	0.1115	0.1842175	NAN	
12.02	1.615	0.9195	0.1115	0.1853325	NAN	
12.03	1.62	0.927	0.097	0.186375	NAN	
12.04	1.63	0.934	0.1055	0.1873875	NAN	
12.05	1.64	0.9415	0.0915	0.1883725	NAN	
12.06	1.645	0.949	0.0935	0.1892975	NAN	
12.07	1.655	0.9555	0.0885	0.1902075	NAN	
12.08	1.66	0.9615	0.0915	0.1911075	NAN	
12.09	1.67	0.968	0.0805	0.1919675	NAN	
12.1	1.68	0.9745	0.0815	0.1927775	NAN	
12.11	1.685	0.981	0.076	0.193565	NAN	
12.12	1.695	0.987	0.0845	0.1943675	NAN	
12.13	1.7	0.9935	0.0675	0.1951275	NAN	
12.14	1.71	1.0005	0.0755	0.1958425	NAN	
12.15	1.72	1.005	0.0695	0.1965675	NAN	
12.16	1.725	1.0105	0.072	0.197275	NAN	
12.17	1.735	1.0165	0.0615	0.1979425	NAN	
12.18	1.74	1.02	0.07	0.1986	NAN	
12.19	1.75	1.02	0.063	0.199265	NAN	
12.2	1.76	1.02	0.062	0.19989	NAN	
12.21	1.765	1.02	0.0585	0.2004925	NAN	
12.22	1.775	1.02	0.0695	0.2011325	NAN	
12.23	1.78	1.02	0.055	0.201755	NAN	
12.24	1.79	1.02	0.0615	0.2023375	NAN	
12.25	1.8	1.02	0.0535	0.2029125	NAN	
12.26	1.805	1.02	0.062	0.20349	NAN	
12.27	1.815	1.02	0.053	0.204065	NAN	
12.28	1.82	1.02	0.0555	0.2046075	NAN	
12.29	1.83	1.02	0.0545	0.2051575	NAN	
12.3	1.84	1.02	0.058	0.20572	NAN	
12.31	1.845	1.02	0.0475	0.2062475	NAN	
12.32	1.855	1.02	0.0565	0.2067675	NAN	
12.33	1.86	1.02	0.0525	0.2073125	NAN	
12.34	1.87	1.02	0.058	0.207865	NAN	
12.35	1.88	1.02	0.044	0.208375	NAN	
12.36	1.885	1.02	0.051	0.20885	NAN	
12.37	1.895	1.02	0.0545	0.2093775	NAN	
12.38	1.9	1.02	0.0495	0.2098975	NAN	
12.39	1.91	1.02	0.0465	0.2103775	NAN	
12.4	1.92	1.02	0.0525	0.2108725	NAN	
12.41	1.925	1.02	-0.0025	0.2111225	NAN	
12.42	1.935	1.02	-0.0075	0.2110725	NAN	
12.43	1.94	1.02	-0.008	0.210995	NAN	
12.44	1.95	1.02	0.0015	0.2109625	NAN	
12.45	1.96	1.02	-0.008	0.21093	NAN	
12.46	1.965	1.02	-0.0105	0.2108375	NAN	
12.47	1.975	1.02	-0.0035	0.2107675	NAN	
12.48	1.98	1.02	-0.0035	0.2107325	NAN	
12.49	1.99	1.02	-0.004	0.210695	NAN	
12.5	2	1.02	-0.007	0.21064	NAN	
