MIN=0	-10	-1	-1	-2	0	
MAX=12.5	10	1	1	2	50	
SCALE=5	5	0.5	0.5	1	10	
DEC=2	2	3	3	2	2	
DEF="Time" t / s	"Voltage" U_1 / V	"Current" I_1 / A	"Voltage" U_B2 / V	"Magnetic Flux" &F / Vs	"Frequency" f / Hz	
0	0	0.0005	0.002	0	NAN	
0.01	0.005	0.001	0.002	2E-5	NAN	
0.02	0.015	0.0015	0.013	9.5E-5	NAN	
0.03	0.02	0.003	0.0105	0.0002125	NAN	
0.04	0.03	0.005	0.0235	0.0003825	NAN	
0.05	0.04	0.0075	0.0185	0.0005925	NAN	
0.06	0.045	0.01	0.031	0.00084	NAN	
0.07	0.055	0.0125	0.0255	0.0011225	NAN	
0.08	0.06	0.0155	0.0385	0.0014425	NAN	
0.09	0.07	0.0185	0.0265	0.0017675	NAN	
0.1	0.08	0.0215	0.042	0.00211	NAN	
0.11	0.085	0.025	0.0365	0.0025025	NAN	
0.12	0.095	0.028	0.052	0.002945	NAN	
0.13	0.1	0.032	0.041	0.00341	NAN	
0.14	0.11	0.0355	0.054	0.003885	NAN	
0.15	0.12	0.039	0.044	0.004375	NAN	
0.16	0.125	0.043	0.055	0.00487	NAN	
0.17	0.135	0.047	0.0535	0.0054125	NAN	
0.18	0.14	0.0515	0.0555	0.0059575	NAN	
0.19	0.15	0.055	0.0565	0.0065175	NAN	
0.2	0.16	0.0595	0.0575	0.0070875	NAN	
0.21	0.165	0.0635	0.0575	0.0076625	NAN	
0.22	0.175	0.067	0.0645	0.0082725	NAN	
0.23	0.18	0.0715	0.0615	0.0089025	NAN	
0.24	0.19	0.0755	0.0655	0.0095375	NAN	
0.25	0.2	0.0795	0.062	0.010175	NAN	
0.26	0.205	0.0835	0.069	0.01083	NAN	
0.27	0.215	0.0885	0.066	0.011505	NAN	
0.28	0.22	0.092	0.0725	0.0121975	NAN	
0.29	0.23	0.0965	0.0645	0.0128825	NAN	
0.3	0.24	0.1005	0.0785	0.0135975	NAN	
0.31	0.245	0.1055	0.067	0.014325	NAN	
0.32	0.255	0.1095	0.078	0.01505	NAN	
0.33	0.26	0.114	0.048	0.01568	NAN	
0.34	0.27	0.1185	0.0835	0.0163375	NAN	
0.35	0.28	0.1225	0.0575	0.0170425	NAN	
0.36	0.285	0.127	0.0805	0.0177325	NAN	
0.37	0.295	0.1315	0.0695	0.0184825	NAN	
0.38	0.3	0.136	0.083	0.019245	NAN	
0.39	0.31	0.1405	0.0845	0.0200825	NAN	
0.4	0.32	0.1445	0.082	0.020915	NAN	
0.41	0.325	0.149	0.077	0.02171	NAN	
0.42	0.335	0.1535	0.0895	0.0225425	NAN	
0.43	0.34	0.1575	0.082	0.0234	NAN	
0.44	0.35	0.162	0.088	0.02425	NAN	
0.45	0.36	0.166	0.0835	0.0251075	NAN	
0.46	0.365	0.1705	0.089	0.02597	NAN	
0.47	0.375	0.175	0.088	0.026855	NAN	
0.48	0.38	0.179	0.0925	0.0277575	NAN	
0.49	0.39	0.1835	0.088	0.02866	NAN	
0.5	0.4	0.1875	0.094	0.02957	NAN	
0.51	0.405	0.192	0.091	0.030495	NAN	
0.52	0.415	0.1965	0.099	0.031445	NAN	
0.53	0.42	0.2005	0.09	0.03239	NAN	
0.54	0.43	0.2045	0.1035	0.0333575	NAN	
0.55	0.44	0.209	0.089	0.03432	NAN	
0.56	0.445	0.2135	0.105	0.03529	NAN	
0.57	0.455	0.2175	0.0965	0.0362975	NAN	
0.58	0.46	0.222	0.1035	0.0372975	NAN	
0.59	0.47	0.226	0.097	0.0383	NAN	
0.6	0.48	0.2305	0.107	0.03932	NAN	
0.61	0.485	0.2345	0.0965	0.0403375	NAN	
0.62	0.495	0.2385	0.1125	0.0413825	NAN	
0.63	0.5	0.243	0.1005	0.0424475	NAN	
0.64	0.51	0.2475	0.1125	0.0435125	NAN	
0.65	0.52	0.2515	0.102	0.044585	NAN	
0.66	0.525	0.256	0.1135	0.0456625	NAN	
0.67	0.535	0.26	0.108	0.04677	NAN	
0.68	0.54	0.2645	0.113	0.047875	NAN	
0.69	0.55	0.2685	0.1095	0.0489875	NAN	
0.7	0.56	0.273	0.1145	0.0501075	NAN	
0.71	0.565	0.277	0.112	0.05124	NAN	
0.72	0.575	0.2815	0.118	0.05239	NAN	
0.73	0.58	0.2855	0.1145	0.0535525	NAN	
0.74	0.59	0.29	0.1205	0.0547275	NAN	
0.75	0.6	0.294	0.115	0.055905	NAN	
0.76	0.605	0.2985	0.123	0.057095	NAN	
0.77	0.615	0.3025	0.1225	0.0583225	NAN	
0.78	0.62	0.3065	0.1215	0.0595425	NAN	
0.79	0.63	0.3115	0.1235	0.0607675	NAN	
0.8	0.64	0.3155	0.1225	0.0619975	NAN	
0.81	0.645	0.3195	0.1215	0.0632175	NAN	
0.82	0.655	0.324	0.1285	0.0644675	NAN	
0.83	0.66	0.3285	0.123	0.065725	NAN	
0.84	0.67	0.3325	0.13	0.06699	NAN	
0.85	0.68	0.3365	0.125	0.068265	NAN	
0.86	0.685	0.341	0.1315	0.0695475	NAN	
0.87	0.695	0.345	0.131	0.07086	NAN	
0.88	0.7	0.35	0.134	0.072185	NAN	
0.89	0.71	0.3545	0.1285	0.0734975	NAN	
0.9	0.72	0.359	0.138	0.07483	NAN	
0.91	0.725	0.363	0.1285	0.0761625	NAN	
0.92	0.735	0.3675	0.1445	0.0775275	NAN	
0.93	0.74	0.372	0.1295	0.0788975	NAN	
0.94	0.75	0.3765	0.1435	0.0802625	NAN	
0.95	0.76	0.3815	0.131	0.081635	NAN	
0.96	0.765	0.386	0.144	0.08301	NAN	
0.97	0.775	0.3905	0.135	0.084405	NAN	
0.98	0.78	0.395	0.1435	0.0857975	NAN	
0.99	0.79	0.3995	0.136	0.087195	NAN	
1	0.8	0.4045	0.1435	0.0885925	NAN	
1.01	0.805	0.409	0.1395	0.0900075	NAN	
1.02	0.815	0.414	0.1455	0.0914325	NAN	
1.03	0.82	0.4185	0.139	0.092855	NAN	
1.04	0.83	0.4235	0.1455	0.0942775	NAN	
1.05	0.84	0.428	0.139	0.0957	NAN	
1.06	0.845	0.433	0.1435	0.0971125	NAN	
1.07	0.855	0.438	0.1435	0.0985475	NAN	
1.08	0.86	0.443	0.142	0.099975	NAN	
1.09	0.87	0.448	0.144	0.101405	NAN	
1.1	0.88	0.453	0.142	0.102835	NAN	
1.11	0.885	0.4585	0.1415	0.1042525	NAN	
1.12	0.895	0.4635	0.146	0.10569	NAN	
1.13	0.9	0.4685	0.139	0.107115	NAN	
1.14	0.91	0.4735	0.1455	0.1085375	NAN	
1.15	0.92	0.479	0.137	0.10995	NAN	
1.16	0.925	0.4845	0.143	0.11135	NAN	
1.17	0.935	0.49	0.141	0.11277	NAN	
1.18	0.94	0.495	0.1425	0.1141875	NAN	
1.19	0.95	0.5005	0.1355	0.1155775	NAN	
1.2	0.96	0.506	0.141	0.11696	NAN	
1.21	0.965	0.5115	0.13	0.118315	NAN	
1.22	0.975	0.517	0.143	0.11968	NAN	
1.23	0.98	0.5225	0.129	0.12104	NAN	
1.24	0.99	0.528	0.139	0.12238	NAN	
1.25	1	0.5335	0.126	0.123705	NAN	
1.26	1.005	0.539	0.137	0.12502	NAN	
1.27	1.015	0.545	0.126	0.126335	NAN	
1.28	1.02	0.55	0.1335	0.1276325	NAN	
1.29	1.03	0.5555	0.1235	0.1289175	NAN	
1.3	1.04	0.5615	0.128	0.130175	NAN	
1.31	1.045	0.567	0.123	0.13143	NAN	
1.32	1.055	0.5725	0.1275	0.1326825	NAN	
1.33	1.06	0.5785	0.12	0.13392	NAN	
1.34	1.07	0.584	0.123	0.135135	NAN	
1.35	1.08	0.5895	0.115	0.136325	NAN	
1.36	1.085	0.595	0.121	0.137505	NAN	
1.37	1.095	0.601	0.1175	0.1386975	NAN	
1.38	1.1	0.6065	0.116	0.139865	NAN	
1.39	1.11	0.6125	0.115	0.14102	NAN	
1.4	1.12	0.618	0.111	0.14215	NAN	
1.41	1.125	0.6235	0.112	0.143265	NAN	
1.42	1.135	0.6295	0.1125	0.1443875	NAN	
1.43	1.14	0.635	0.1075	0.1454875	NAN	
1.44	1.15	0.641	0.1105	0.1465775	NAN	
1.45	1.16	0.6465	0.1035	0.1476475	NAN	
1.46	1.165	0.6525	0.1055	0.1486925	NAN	
1.47	1.175	0.658	0.1055	0.1497475	NAN	
1.48	1.18	0.6635	0.104	0.150795	NAN	
1.49	1.19	0.669	0.0995	0.1518125	NAN	
1.5	1.2	0.6745	0.1015	0.1528175	NAN	
1.51	1.205	0.6805	0.0945	0.1537975	NAN	
1.52	1.215	0.686	0.105	0.154795	NAN	
1.53	1.22	0.6915	0.0905	0.1557725	NAN	
1.54	1.23	0.697	0.101	0.15673	NAN	
1.55	1.24	0.703	0.088	0.157675	NAN	
1.56	1.245	0.7085	0.1	0.158615	NAN	
1.57	1.255	0.714	0.0895	0.1595625	NAN	
1.58	1.26	0.7195	0.0925	0.1604725	NAN	
1.59	1.27	0.725	0.0925	0.1613975	NAN	
1.6	1.28	0.7305	0.0975	0.1623475	NAN	
1.61	1.285	0.736	0.086	0.163265	NAN	
1.62	1.295	0.741	0.09	0.164145	NAN	
1.63	1.3	0.7465	0.083	0.16501	NAN	
1.64	1.31	0.752	0.0835	0.1658425	NAN	
1.65	1.32	0.7575	0.08	0.16666	NAN	
1.66	1.325	0.7625	0.0805	0.1674625	NAN	
1.67	1.335	0.7685	0.0805	0.1682675	NAN	
1.68	1.34	0.7735	0.078	0.16906	NAN	
1.69	1.35	0.779	0.0805	0.1698525	NAN	
1.7	1.36	0.7845	0.0745	0.1706275	NAN	
1.71	1.365	0.7895	0.0755	0.1713775	NAN	
1.72	1.375	0.7955	0.082	0.172165	NAN	
1.73	1.38	0.8005	0.073	0.17294	NAN	
1.74	1.39	0.806	0.0815	0.1737125	NAN	
1.75	1.4	0.811	0.0695	0.1744675	NAN	
1.76	1.405	0.8165	0.079	0.17521	NAN	
1.77	1.415	0.822	0.071	0.17596	NAN	
1.78	1.42	0.8275	0.078	0.176705	NAN	
1.79	1.43	0.833	0.0675	0.1774325	NAN	
1.8	1.44	0.838	0.074	0.17814	NAN	
1.81	1.445	0.8435	0.068	0.17885	NAN	
1.82	1.455	0.8485	0.0755	0.1795675	NAN	
1.83	1.46	0.854	0.068	0.180285	NAN	
1.84	1.47	0.8595	0.0695	0.1809725	NAN	
1.85	1.48	0.865	0.066	0.18165	NAN	
1.86	1.485	0.87	0.068	0.18232	NAN	
1.87	1.495	0.8755	0.0685	0.1830025	NAN	
1.88	1.5	0.8805	0.0675	0.1836825	NAN	
1.89	1.51	0.8855	0.0665	0.1843525	NAN	
1.9	1.52	0.891	0.0645	0.1850075	NAN	
1.91	1.525	0.8965	0.064	0.18565	NAN	
1.92	1.535	0.9015	0.0685	0.1863125	NAN	
1.93	1.54	0.9065	0.058	0.186945	NAN	
1.94	1.55	0.912	0.0695	0.1875825	NAN	
1.95	1.56	0.917	0.056	0.18821	NAN	
1.96	1.565	0.9225	0.069	0.188835	NAN	
1.97	1.575	0.928	0.0575	0.1894675	NAN	
1.98	1.58	0.933	0.062	0.190065	NAN	
1.99	1.59	0.938	0.065	0.1907	NAN	
2	1.6	0.9435	0.0645	0.1913475	NAN	
2.01	1.605	0.9485	0.056	0.19195	NAN	
2.02	1.615	0.9535	0.065	0.192555	NAN	
2.03	1.62	0.9585	0.052	0.19314	NAN	
2.04	1.63	0.9635	0.059	0.193695	NAN	
2.05	1.64	0.9685	0.0545	0.1942625	NAN	
2.06	1.645	0.9735	0.058	0.194825	NAN	
2.07	1.655	0.9785	0.059	0.19541	NAN	
2.08	1.66	0.9835	0.0565	0.1959875	NAN	
2.09	1.67	0.9885	0.0535	0.1965375	NAN	
2.1	1.68	0.9935	0.055	0.19708	NAN	
2.11	1.685	0.9985	0.0535	0.1976225	NAN	
2.12	1.695	1.0035	0.064	0.19821	NAN	
2.13	1.7	1.0085	0.0435	0.1987475	NAN	
2.14	1.71	1.0135	0.0545	0.1992375	NAN	
2.15	1.72	1.0185	0.0465	0.1997425	NAN	
2.16	1.725	1.02	0.0545	0.2002475	NAN	
2.17	1.735	1.02	0.047	0.200755	NAN	
2.18	1.74	1.02	0.0555	0.2012675	NAN	
2.19	1.75	1.02	0.047	0.20178	NAN	
2.2	1.76	1.02	0.0565	0.2022975	NAN	
2.21	1.765	1.02	0.047	0.202815	NAN	
2.22	1.775	1.02	0.054	0.20332	NAN	
2.23	1.78	1.02	0.0485	0.2038325	NAN	
2.24	1.79	1.02	0.05	0.204325	NAN	
2.25	1.8	1.02	0.043	0.20479	NAN	
2.26	1.805	1.02	0.049	0.20525	NAN	
2.27	1.815	1.02	0.049	0.20574	NAN	
2.28	1.82	1.02	0.0535	0.2062525	NAN	
2.29	1.83	1.02	0.0505	0.2067725	NAN	
2.3	1.84	1.02	0.0535	0.2072925	NAN	
2.31	1.845	1.02	0.0465	0.2077925	NAN	
2.32	1.855	1.02	0.053	0.20829	NAN	
2.33	1.86	1.02	0.049	0.2088	NAN	
2.34	1.87	1.02	0.054	0.209315	NAN	
2.35	1.88	1.02	0.041	0.20979	NAN	
2.36	1.885	1.02	0.0515	0.2102525	NAN	
2.37	1.895	1.02	0.045	0.210735	NAN	
2.38	1.9	1.02	0.0495	0.2112075	NAN	
2.39	1.91	1.02	0.014	0.211525	NAN	
2.4	1.92	1.02	-0.005	0.21157	NAN	
2.41	1.925	1.02	0.0135	0.2116125	NAN	
2.42	1.935	1.02	-0.001	0.211675	NAN	
2.43	1.94	1.02	0.016	0.21175	NAN	
2.44	1.95	1.02	-0.0105	0.2117775	NAN	
2.45	1.96	1.02	0.014	0.211795	NAN	
2.46	1.965	1.02	-0.0075	0.2118275	NAN	
2.47	1.975	1.02	0.004	0.21181	NAN	
2.48	1.98	1.02	-0.004	0.21181	NAN	
2.49	1.99	1.02	0.0125	0.2118525	NAN	
2.5	2	1.02	-0.0065	0.2118825	NAN	
2.51	1.995	1.02	0.0095	0.2118975	NAN	
2.52	1.985	1.02	0.0015	0.2119525	NAN	
2.53	1.98	1.02	0.02	0.21206	NAN	
2.54	1.97	1.02	-0.01	0.21211	NAN	
2.55	1.96	1.02	0.017	0.212145	NAN	
2.56	1.955	1.02	-0.002	0.21222	NAN	
2.57	1.945	1.02	0.0165	0.2122925	NAN	
2.58	1.94	1.02	-0.0105	0.2123225	NAN	
2.59	1.93	1.02	0.017	0.212355	NAN	
2.6	1.92	1.02	-0.0075	0.2124025	NAN	
2.61	1.915	1.02	0.015	0.21244	NAN	
2.62	1.905	1.02	0.001	0.21252	NAN	
2.63	1.9	1.02	0.014	0.212595	NAN	
2.64	1.89	1.02	-0.0015	0.2126575	NAN	
2.65	1.88	1.02	0.013	0.212715	NAN	
2.66	1.875	1.02	-0.0045	0.2127575	NAN	
2.67	1.865	1.02	0.006	0.212765	NAN	
2.68	1.86	1.02	-0.003	0.21278	NAN	
2.69	1.85	1.02	-0.0025	0.2127525	NAN	
2.7	1.84	1.02	0.004	0.21276	NAN	
2.71	1.835	1.02	-0.013	0.212715	NAN	
2.72	1.825	1.02	-0.005	0.212625	NAN	
2.73	1.82	1.02	-0.0115	0.2125425	NAN	
2.74	1.81	1.02	-0.0075	0.2124475	NAN	
2.75	1.8	1.02	-0.017	0.212325	NAN	
2.76	1.795	1.02	-0.0065	0.2122075	NAN	
2.77	1.785	1.02	-0.0195	0.2120775	NAN	
2.78	1.78	1.02	-0.0095	0.2119325	NAN	
2.79	1.77	1.02	-0.019	0.21179	NAN	
2.8	1.76	1.02	-0.0075	0.2116575	NAN	
2.81	1.755	1.02	-0.0085	0.2115775	NAN	
2.82	1.745	1.02	-0.009	0.21149	NAN	
2.83	1.74	1.02	-0.019	0.21135	NAN	
2.84	1.73	1.02	-0.0135	0.2111875	NAN	
2.85	1.72	1.02	-0.0205	0.2110175	NAN	
2.86	1.715	1.02	-0.012	0.210855	NAN	
2.87	1.705	1.02	-0.0185	0.2107025	NAN	
2.88	1.7	1.02	-0.015	0.210535	NAN	
2.89	1.69	1.02	-0.0225	0.2103475	NAN	
2.9	1.68	1.02	-0.0145	0.2101625	NAN	
2.91	1.675	1.02	-0.021	0.209985	NAN	
2.92	1.665	1.02	-0.015	0.209805	NAN	
2.93	1.66	1.02	-0.02	0.20963	NAN	
2.94	1.65	1.02	-0.018	0.20944	NAN	
2.95	1.64	1.02	-0.0145	0.2092775	NAN	
2.96	1.635	1.02	-0.0165	0.2091225	NAN	
2.97	1.625	1.0165	-0.025	0.208915	NAN	
2.98	1.62	1.012	-0.0135	0.2087225	NAN	
2.99	1.61	1.007	-0.0255	0.2085275	NAN	
3	1.6	1.0025	-0.0165	0.2083175	NAN	
3.01	1.595	0.998	-0.018	0.208145	NAN	
3.02	1.585	0.9935	-0.0245	0.2079325	NAN	
3.03	1.58	0.989	-0.0195	0.2077125	NAN	
3.04	1.57	0.9845	-0.0195	0.2075175	NAN	
3.05	1.56	0.98	-0.021	0.207315	NAN	
3.06	1.555	0.975	-0.0205	0.2071075	NAN	
3.07	1.545	0.9705	-0.0265	0.2068725	NAN	
3.08	1.54	0.9655	-0.022	0.20663	NAN	
3.09	1.53	0.961	-0.025	0.206395	NAN	
3.1	1.52	0.956	-0.0225	0.2061575	NAN	
3.11	1.515	0.9515	-0.023	0.20593	NAN	
3.12	1.505	0.9465	-0.0285	0.2056725	NAN	
3.13	1.5	0.942	-0.027	0.205395	NAN	
3.14	1.49	0.937	-0.024	0.20514	NAN	
3.15	1.48	0.932	-0.028	0.20488	NAN	
3.16	1.475	0.926	-0.0295	0.2045925	NAN	
3.17	1.465	0.923	-0.023	0.20433	NAN	
3.18	1.46	0.918	-0.0255	0.2040875	NAN	
3.19	1.45	0.9135	-0.0255	0.2038325	NAN	
3.2	1.44	0.908	-0.025	0.20358	NAN	
3.21	1.435	0.9035	-0.027	0.20332	NAN	
3.22	1.425	0.8985	-0.0245	0.2030625	NAN	
3.23	1.42	0.894	-0.029	0.202795	NAN	
3.24	1.41	0.8895	-0.0285	0.2025075	NAN	
3.25	1.4	0.8845	-0.0235	0.2022475	NAN	
3.26	1.395	0.8795	-0.0255	0.2020025	NAN	
3.27	1.385	0.875	-0.0275	0.2017375	NAN	
3.28	1.38	0.87	-0.024	0.20148	NAN	
3.29	1.37	0.8655	-0.0275	0.2012225	NAN	
3.3	1.36	0.861	-0.024	0.200965	NAN	
3.31	1.355	0.856	-0.027	0.20071	NAN	
3.32	1.345	0.851	-0.0275	0.2004375	NAN	
3.33	1.34	0.8465	-0.027	0.200165	NAN	
3.34	1.33	0.842	-0.0255	0.1999025	NAN	
3.35	1.32	0.837	-0.029	0.19963	NAN	
3.36	1.315	0.832	-0.0245	0.1993625	NAN	
3.37	1.305	0.8275	-0.032	0.19908	NAN	
3.38	1.3	0.8225	-0.0245	0.1987975	NAN	
3.39	1.29	0.818	-0.032	0.198515	NAN	
3.4	1.28	0.813	-0.0245	0.1982325	NAN	
3.41	1.275	0.808	-0.0305	0.1979575	NAN	
3.42	1.265	0.8035	-0.026	0.197675	NAN	
3.43	1.26	0.799	-0.0335	0.1973775	NAN	
3.44	1.25	0.7945	-0.025	0.197085	NAN	
3.45	1.24	0.79	-0.0325	0.1967975	NAN	
3.46	1.235	0.785	-0.0265	0.1965025	NAN	
3.47	1.225	0.7805	-0.0365	0.1961875	NAN	
3.48	1.22	0.776	-0.0245	0.1958825	NAN	
3.49	1.21	0.7715	-0.0375	0.1955725	NAN	
3.5	1.2	0.767	-0.0235	0.1952675	NAN	
3.51	1.195	0.762	-0.0355	0.1949725	NAN	
3.52	1.185	0.757	-0.028	0.194655	NAN	
3.53	1.18	0.7525	-0.0345	0.1943425	NAN	
3.54	1.17	0.748	-0.0285	0.1940275	NAN	
3.55	1.16	0.743	-0.036	0.193705	NAN	
3.56	1.155	0.7385	-0.028	0.193385	NAN	
3.57	1.145	0.7335	-0.0405	0.1930425	NAN	
3.58	1.14	0.729	-0.027	0.192705	NAN	
3.59	1.13	0.7245	-0.0385	0.1923775	NAN	
3.6	1.12	0.72	-0.0295	0.1920375	NAN	
3.61	1.115	0.7155	-0.0375	0.1917025	NAN	
3.62	1.105	0.7105	-0.033	0.19135	NAN	
3.63	1.1	0.7055	-0.0375	0.1909975	NAN	
3.64	1.09	0.7015	-0.033	0.190645	NAN	
3.65	1.08	0.697	-0.038	0.19029	NAN	
3.66	1.075	0.692	-0.0345	0.1899275	NAN	
3.67	1.065	0.6875	-0.042	0.189545	NAN	
3.68	1.06	0.6825	-0.0335	0.1891675	NAN	
3.69	1.05	0.678	-0.04	0.1888	NAN	
3.7	1.04	0.6735	-0.0345	0.1884275	NAN	
3.71	1.035	0.669	-0.0395	0.1880575	NAN	
3.72	1.025	0.6645	-0.037	0.187675	NAN	
3.73	1.02	0.6595	-0.04	0.18729	NAN	
3.74	1.01	0.655	-0.0395	0.1868925	NAN	
3.75	1	0.6505	-0.041	0.18649	NAN	
3.76	0.995	0.646	-0.04	0.186085	NAN	
3.77	0.985	0.641	-0.042	0.185675	NAN	
3.78	0.98	0.636	-0.04	0.185265	NAN	
3.79	0.97	0.6315	-0.0435	0.1848475	NAN	
3.8	0.96	0.627	-0.04	0.18443	NAN	
3.81	0.955	0.6225	-0.0405	0.1840275	NAN	
3.82	0.945	0.618	-0.045	0.1836	NAN	
3.83	0.94	0.613	-0.043	0.18316	NAN	
3.84	0.93	0.6085	-0.052	0.182685	NAN	
3.85	0.92	0.604	-0.075	0.18205	NAN	
3.86	0.915	0.5995	-0.038	0.181485	NAN	
3.87	0.905	0.595	-0.0465	0.1810625	NAN	
3.88	0.9	0.59	-0.0515	0.1805725	NAN	
3.89	0.89	0.5855	-0.047	0.18008	NAN	
3.9	0.88	0.5805	-0.0465	0.1796125	NAN	
3.91	0.875	0.576	-0.0475	0.1791425	NAN	
3.92	0.865	0.5715	-0.047	0.17867	NAN	
3.93	0.86	0.567	-0.0515	0.1781775	NAN	
3.94	0.85	0.5625	-0.0465	0.1776875	NAN	
3.95	0.84	0.5575	-0.05	0.177205	NAN	
3.96	0.835	0.553	-0.049	0.17671	NAN	
3.97	0.825	0.5485	-0.054	0.176195	NAN	
3.98	0.82	0.5435	-0.0475	0.1756875	NAN	
3.99	0.81	0.5385	-0.057	0.175165	NAN	
4	0.8	0.5345	-0.047	0.174645	NAN	
4.01	0.795	0.5295	-0.0585	0.1741175	NAN	
4.02	0.785	0.525	-0.052	0.173565	NAN	
4.03	0.78	0.5205	-0.0585	0.1730125	NAN	
4.04	0.77	0.5155	-0.0535	0.1724525	NAN	
4.05	0.76	0.511	-0.059	0.17189	NAN	
4.06	0.755	0.5065	-0.051	0.17134	NAN	
4.07	0.745	0.5015	-0.0655	0.1707575	NAN	
4.08	0.74	0.497	-0.052	0.17017	NAN	
4.09	0.73	0.4925	-0.063	0.169595	NAN	
4.1	0.72	0.488	-0.055	0.169005	NAN	
4.11	0.715	0.4835	-0.0635	0.1684125	NAN	
4.12	0.705	0.4785	-0.059	0.1678	NAN	
4.13	0.7	0.474	-0.0665	0.1671725	NAN	
4.14	0.69	0.4695	-0.0595	0.1665425	NAN	
4.15	0.68	0.465	-0.0645	0.1659225	NAN	
4.16	0.675	0.4605	-0.0635	0.1652825	NAN	
4.17	0.665	0.456	-0.0675	0.1646275	NAN	
4.18	0.66	0.451	-0.064	0.16397	NAN	
4.19	0.65	0.447	-0.0685	0.1633075	NAN	
4.2	0.64	0.4425	-0.0645	0.1626425	NAN	
4.21	0.635	0.4375	-0.0685	0.1619775	NAN	
4.22	0.625	0.4335	-0.069	0.16129	NAN	
4.23	0.62	0.429	-0.067	0.16061	NAN	
4.24	0.61	0.4245	-0.0715	0.1599175	NAN	
4.25	0.6	0.42	-0.0675	0.1592225	NAN	
4.26	0.595	0.4155	-0.071	0.15853	NAN	
4.27	0.585	0.4115	-0.0735	0.1578075	NAN	
4.28	0.58	0.407	-0.0715	0.1570825	NAN	
4.29	0.57	0.4025	-0.074	0.156355	NAN	
4.3	0.56	0.398	-0.0745	0.1556125	NAN	
4.31	0.555	0.3935	-0.074	0.15487	NAN	
4.32	0.545	0.3895	-0.078	0.15411	NAN	
4.33	0.54	0.385	-0.0765	0.1533375	NAN	
4.34	0.53	0.381	-0.0785	0.1525625	NAN	
4.35	0.52	0.3765	-0.079	0.151775	NAN	
4.36	0.515	0.372	-0.0795	0.1509825	NAN	
4.37	0.505	0.3675	-0.083	0.15017	NAN	
4.38	0.5	0.3635	-0.0805	0.1493525	NAN	
4.39	0.49	0.359	-0.085	0.148525	NAN	
4.4	0.48	0.355	-0.081	0.147695	NAN	
4.41	0.475	0.351	-0.089	0.146845	NAN	
4.42	0.465	0.3465	-0.0845	0.1459775	NAN	
4.43	0.46	0.342	-0.0885	0.1451125	NAN	
4.44	0.45	0.338	-0.085	0.144245	NAN	
4.45	0.44	0.334	-0.0915	0.1433625	NAN	
4.46	0.435	0.3295	-0.0865	0.1424725	NAN	
4.47	0.425	0.3255	-0.098	0.14155	NAN	
4.48	0.42	0.3215	-0.0875	0.1406225	NAN	
4.49	0.41	0.317	-0.1005	0.1396825	NAN	
4.5	0.4	0.313	-0.0895	0.1387325	NAN	
4.51	0.395	0.309	-0.1005	0.1377825	NAN	
4.52	0.385	0.3045	-0.0975	0.1367925	NAN	
4.53	0.38	0.3005	-0.1025	0.1357925	NAN	
4.54	0.37	0.2965	-0.0995	0.1347825	NAN	
4.55	0.36	0.292	-0.105	0.13376	NAN	
4.56	0.355	0.288	-0.1005	0.1327325	NAN	
4.57	0.345	0.284	-0.1105	0.1316775	NAN	
4.58	0.34	0.28	-0.105	0.1306	NAN	
4.59	0.33	0.2755	-0.109	0.12953	NAN	
4.6	0.32	0.2715	-0.108	0.128445	NAN	
4.61	0.315	0.2675	-0.109	0.12736	NAN	
4.62	0.305	0.2635	-0.113	0.12625	NAN	
4.63	0.3	0.2595	-0.1135	0.1251175	NAN	
4.64	0.29	0.2555	-0.1155	0.1239725	NAN	
4.65	0.28	0.2515	-0.1135	0.1228275	NAN	
4.66	0.275	0.2475	-0.1185	0.1216675	NAN	
4.67	0.265	0.2435	-0.1205	0.1204725	NAN	
4.68	0.26	0.2395	-0.1215	0.1192625	NAN	
4.69	0.25	0.235	-0.125	0.11803	NAN	
4.7	0.24	0.231	-0.122	0.116795	NAN	
4.71	0.235	0.2275	-0.1295	0.1155375	NAN	
4.72	0.225	0.223	-0.1265	0.1142575	NAN	
4.73	0.22	0.2195	-0.1335	0.1129575	NAN	
4.74	0.21	0.2155	-0.135	0.111615	NAN	
4.75	0.2	0.2115	-0.1345	0.1102675	NAN	
4.76	0.195	0.2075	-0.122	0.108985	NAN	
4.77	0.185	0.2035	-0.1335	0.1077075	NAN	
4.78	0.18	0.1995	-0.1175	0.1064525	NAN	
4.79	0.17	0.1955	-0.1705	0.1050125	NAN	
4.8	0.16	0.1915	-0.1305	0.1035075	NAN	
4.81	0.155	0.188	-0.148	0.102115	NAN	
4.82	0.145	0.184	-0.146	0.100645	NAN	
4.83	0.14	0.18	-0.145	0.09919	NAN	
4.84	0.13	0.176	-0.1495	0.0977175	NAN	
4.85	0.12	0.172	-0.155	0.096195	NAN	
4.86	0.115	0.168	-0.1505	0.0946675	NAN	
4.87	0.105	0.1645	-0.169	0.09307	NAN	
4.88	0.1	0.1605	-0.151	0.09147	NAN	
4.89	0.09	0.1565	-0.1625	0.0899025	NAN	
4.9	0.08	0.153	-0.1575	0.0883025	NAN	
4.91	0.075	0.149	-0.164	0.086695	NAN	
4.92	0.065	0.145	-0.1645	0.0850525	NAN	
4.93	0.06	0.1415	-0.1705	0.0833775	NAN	
4.94	0.05	0.1375	-0.166	0.081695	NAN	
4.95	0.04	0.134	-0.172	0.080005	NAN	
4.96	0.035	0.13	-0.1735	0.0782775	NAN	
4.97	0.025	0.126	-0.176	0.07653	NAN	
4.98	0.02	0.1225	-0.178	0.07476	NAN	
4.99	0.01	0.1185	-0.179	0.072975	NAN	
5	0	0.1145	-0.1785	0.0711875	NAN	
5.01	-0.005	0.111	-0.189	0.06935	NAN	
5.02	-0.015	0.1075	-0.1865	0.0674725	NAN	
5.03	-0.02	0.1035	-0.184	0.06562	NAN	
5.04	-0.03	0.1	-0.1875	0.0637625	NAN	
5.05	-0.04	0.0965	-0.1885	0.0618825	NAN	
5.06	-0.045	0.093	-0.193	0.059975	NAN	
5.07	-0.055	0.089	-0.197	0.058025	NAN	
5.08	-0.06	0.0855	-0.194	0.05607	NAN	
5.09	-0.07	0.0815	-0.201	0.054095	NAN	
5.1	-0.08	0.078	-0.198	0.0521	NAN	
5.11	-0.085	0.0745	-0.205	0.050085	NAN	
5.12	-0.095	0.071	-0.205	0.048035	NAN	
5.13	-0.1	0.067	-0.2095	0.0459625	NAN	
5.14	-0.11	0.0635	-0.208	0.043875	NAN	
5.15	-0.12	0.06	-0.214	0.041765	NAN	
5.16	-0.125	0.0565	-0.2105	0.0396425	NAN	
5.17	-0.135	0.0525	-0.2245	0.0374675	NAN	
5.18	-0.14	0.049	-0.2095	0.0352975	NAN	
5.19	-0.15	0.0455	-0.228	0.03311	NAN	
5.2	-0.16	0.042	-0.218	0.03088	NAN	
5.21	-0.165	0.0395	-0.2335	0.0286225	NAN	
5.22	-0.175	0.0345	-0.2255	0.0263275	NAN	
5.23	-0.18	0.031	-0.2325	0.0240375	NAN	
5.24	-0.19	0.0275	-0.228	0.021735	NAN	
5.25	-0.2	0.0235	-0.237	0.01941	NAN	
5.26	-0.205	0.0205	-0.235	0.01705	NAN	
5.27	-0.215	0.0165	-0.244	0.014655	NAN	
5.28	-0.22	0.0135	-0.2375	0.0122475	NAN	
5.29	-0.23	0.0095	-0.249	0.009815	NAN	
5.3	-0.24	0.0065	-0.242	0.00736	NAN	
5.31	-0.245	0.0025	-0.2525	0.0048875	NAN	
5.32	-0.255	0	-0.2535	0.0023575	NAN	
5.33	-0.26	-0.004	-0.255	-0.000185	NAN	
5.34	-0.27	-0.008	-0.2595	-0.0027575	NAN	
5.35	-0.28	-0.0105	-0.2595	-0.0053525	NAN	
5.36	-0.285	-0.0135	-0.2635	-0.0079675	NAN	
5.37	-0.295	-0.017	-0.271	-0.01064	NAN	
5.38	-0.3	-0.02	-0.268	-0.013335	NAN	
5.39	-0.31	-0.0235	-0.275	-0.01605	NAN	
5.4	-0.32	-0.026	-0.2755	-0.0188025	NAN	
5.41	-0.325	-0.0295	-0.2775	-0.0215675	NAN	
5.42	-0.335	-0.0325	-0.283	-0.02437	NAN	
5.43	-0.34	-0.0355	-0.284	-0.027205	NAN	
5.44	-0.35	-0.039	-0.2875	-0.0300625	NAN	
5.45	-0.36	-0.0415	-0.29	-0.03295	NAN	
5.46	-0.365	-0.045	-0.2945	-0.0358725	NAN	
5.47	-0.375	-0.0475	-0.298	-0.038835	NAN	
5.48	-0.38	-0.05	-0.302	-0.041835	NAN	
5.49	-0.39	-0.053	-0.304	-0.044865	NAN	
5.5	-0.4	-0.056	-0.3065	-0.0479175	NAN	
5.51	-0.405	-0.0585	-0.3125	-0.0510125	NAN	
5.52	-0.415	-0.0615	-0.3175	-0.0541625	NAN	
5.53	-0.42	-0.064	-0.318	-0.05734	NAN	
5.54	-0.43	-0.0665	-0.325	-0.060555	NAN	
5.55	-0.44	-0.069	-0.3245	-0.0638025	NAN	
5.56	-0.445	-0.0715	-0.3325	-0.0670875	NAN	
5.57	-0.455	-0.074	-0.336	-0.07043	NAN	
5.58	-0.46	-0.0765	-0.339	-0.073805	NAN	
5.59	-0.47	-0.079	-0.346	-0.07723	NAN	
5.6	-0.48	-0.081	-0.347	-0.080695	NAN	
5.61	-0.485	-0.083	-0.353	-0.084195	NAN	
5.62	-0.495	-0.085	-0.3625	-0.0877725	NAN	
5.63	-0.5	-0.087	-0.3615	-0.0913925	NAN	
5.64	-0.51	-0.089	-0.369	-0.095045	NAN	
5.65	-0.52	-0.091	-0.3705	-0.0987425	NAN	
5.66	-0.525	-0.093	-0.3765	-0.1024775	NAN	
5.67	-0.535	-0.095	-0.384	-0.10628	NAN	
5.68	-0.54	-0.0965	-0.3865	-0.1101325	NAN	
5.69	-0.55	-0.0985	-0.394	-0.114035	NAN	
5.7	-0.56	-0.1	-0.3965	-0.1179875	NAN	
5.71	-0.565	-0.102	-0.402	-0.12198	NAN	
5.72	-0.575	-0.104	-0.409	-0.126035	NAN	
5.73	-0.58	-0.1055	-0.4145	-0.1301525	NAN	
5.74	-0.59	-0.108	-0.419	-0.13432	NAN	
5.75	-0.6	-0.109	-0.4215	-0.1385225	NAN	
5.76	-0.605	-0.111	-0.4305	-0.1427825	NAN	
5.77	-0.615	-0.1125	-0.436	-0.147115	NAN	
5.78	-0.62	-0.1145	-0.4375	-0.1514825	NAN	
5.79	-0.63	-0.116	-0.4465	-0.1559025	NAN	
5.8	-0.64	-0.1175	-0.446	-0.160365	NAN	
5.81	-0.645	-0.1195	-0.4525	-0.1648575	NAN	
5.82	-0.655	-0.121	-0.461	-0.169425	NAN	
5.83	-0.66	-0.123	-0.4615	-0.1740375	NAN	
5.84	-0.67	-0.1245	-0.471	-0.1787	NAN	
5.85	-0.68	-0.1265	-0.471	-0.18341	NAN	
5.86	-0.685	-0.1285	-0.4785	-0.1881575	NAN	
5.87	-0.695	-0.13	-0.4865	-0.1929825	NAN	
5.88	-0.7	-0.1315	-0.487	-0.19785	NAN	
5.89	-0.71	-0.134	-0.494	-0.202755	NAN	
5.9	-0.72	-0.1355	-0.502	-0.207735	NAN	
5.91	-0.725	-0.137	-0.504	-0.212765	NAN	
5.92	-0.735	-0.1395	-0.5095	-0.2178325	NAN	
5.93	-0.74	-0.141	-0.513	-0.222945	NAN	
5.94	-0.75	-0.143	-0.5185	-0.2281025	NAN	
5.95	-0.76	-0.145	-0.522	-0.233305	NAN	
5.96	-0.765	-0.1465	-0.529	-0.23856	NAN	
5.97	-0.775	-0.1485	-0.5345	-0.2438775	NAN	
5.98	-0.78	-0.151	-0.5375	-0.2492375	NAN	
5.99	-0.79	-0.1525	-0.543	-0.25464	NAN	
6	-0.8	-0.155	-0.5465	-0.2600875	NAN	
6.01	-0.805	-0.157	-0.56	-0.26562	NAN	
6.02	-0.815	-0.159	-0.5545	-0.2711925	NAN	
6.03	-0.82	-0.161	-0.551	-0.27672	NAN	
6.04	-0.83	-0.1635	-0.5665	-0.2823075	NAN	
6.05	-0.84	-0.166	-0.567	-0.287975	NAN	
6.06	-0.845	-0.1675	-0.5705	-0.2936625	NAN	
6.07	-0.855	-0.1705	-0.5835	-0.2994325	NAN	
6.08	-0.86	-0.173	-0.5775	-0.3052375	NAN	
6.09	-0.87	-0.1755	-0.593	-0.31109	NAN	
6.1	-0.88	-0.178	-0.5825	-0.3169675	NAN	
6.11	-0.885	-0.1805	-0.5975	-0.3228675	NAN	
6.12	-0.895	-0.183	-0.593	-0.32882	NAN	
6.13	-0.9	-0.186	-0.6015	-0.3347925	NAN	
6.14	-0.91	-0.189	-0.6015	-0.3408075	NAN	
6.15	-0.92	-0.1915	-0.609	-0.34686	NAN	
6.16	-0.925	-0.195	-0.606	-0.352935	NAN	
6.17	-0.935	-0.198	-0.618	-0.359055	NAN	
6.18	-0.94	-0.201	-0.617	-0.36523	NAN	
6.19	-0.95	-0.2045	-0.6155	-0.3713925	NAN	
6.2	-0.96	-0.208	-0.618	-0.37756	NAN	
6.21	-0.965	-0.211	-0.619	-0.383745	NAN	
6.22	-0.975	-0.215	-0.6245	-0.3899625	NAN	
6.23	-0.98	-0.2185	-0.624	-0.396205	NAN	
6.24	-0.99	-0.2225	-0.6265	-0.4024575	NAN	
6.25	-1	-0.226	-0.6255	-0.4087175	NAN	
6.26	-1.005	-0.23	-0.6255	-0.4149725	NAN	
6.27	-1.015	-0.2345	-0.6335	-0.4212675	NAN	
6.28	-1.02	-0.2385	-0.629	-0.42758	NAN	
6.29	-1.03	-0.2435	-0.631	-0.43388	NAN	
6.3	-1.04	-0.248	-0.63	-0.440185	NAN	
6.31	-1.045	-0.2525	-0.6325	-0.4464975	NAN	
6.32	-1.055	-0.2575	-0.631	-0.452815	NAN	
6.33	-1.06	-0.263	-0.6295	-0.4591175	NAN	
6.34	-1.07	-0.2685	-0.623	-0.46538	NAN	
6.35	-1.08	-0.2745	-0.622	-0.471605	NAN	
6.36	-1.085	-0.28	-0.619	-0.47781	NAN	
6.37	-1.095	-0.2865	-0.6315	-0.4840625	NAN	
6.38	-1.1	-0.293	-0.6125	-0.4902825	NAN	
6.39	-1.11	-0.2995	-0.6175	-0.4964325	NAN	
6.4	-1.12	-0.3065	-0.6045	-0.5025425	NAN	
6.41	-1.125	-0.314	-0.6115	-0.5086225	NAN	
6.42	-1.135	-0.3215	-0.5985	-0.5146725	NAN	
6.43	-1.14	-0.329	-0.6	-0.520665	NAN	
6.44	-1.15	-0.3375	-0.5875	-0.5266025	NAN	
6.45	-1.16	-0.345	-0.5895	-0.5324875	NAN	
6.46	-1.165	-0.3535	-0.576	-0.538315	NAN	
6.47	-1.175	-0.362	-0.579	-0.54409	NAN	
6.48	-1.18	-0.3705	-0.566	-0.549815	NAN	
6.49	-1.19	-0.379	-0.5615	-0.5554525	NAN	
6.5	-1.2	-0.388	-0.5505	-0.5610125	NAN	
6.51	-1.205	-0.397	-0.5505	-0.5665175	NAN	
6.52	-1.215	-0.406	-0.542	-0.57198	NAN	
6.53	-1.22	-0.4155	-0.534	-0.57736	NAN	
6.54	-1.23	-0.4245	-0.527	-0.582665	NAN	
6.55	-1.24	-0.4345	-0.515	-0.587875	NAN	
6.56	-1.245	-0.444	-0.5105	-0.5930025	NAN	
6.57	-1.255	-0.4535	-0.505	-0.59808	NAN	
6.58	-1.26	-0.4635	-0.492	-0.603065	NAN	
6.59	-1.27	-0.4735	-0.488	-0.607965	NAN	
6.6	-1.28	-0.4835	-0.473	-0.61277	NAN	
6.61	-1.285	-0.4935	-0.4675	-0.6174725	NAN	
6.62	-1.295	-0.504	-0.4575	-0.6220975	NAN	
6.63	-1.3	-0.514	-0.4465	-0.6266175	NAN	
6.64	-1.31	-0.5245	-0.44	-0.63105	NAN	
6.65	-1.32	-0.5355	-0.4285	-0.6353925	NAN	
6.66	-1.325	-0.546	-0.4165	-0.6396175	NAN	
6.67	-1.335	-0.557	-0.417	-0.643785	NAN	
6.68	-1.34	-0.5675	-0.401	-0.647875	NAN	
6.69	-1.35	-0.578	-0.394	-0.65185	NAN	
6.7	-1.36	-0.589	-0.381	-0.655725	NAN	
6.71	-1.365	-0.6	-0.3755	-0.6595075	NAN	
6.72	-1.375	-0.611	-0.363	-0.6632	NAN	
6.73	-1.38	-0.6225	-0.356	-0.666795	NAN	
6.74	-1.39	-0.633	-0.3425	-0.6702875	NAN	
6.75	-1.4	-0.6445	-0.3345	-0.6736725	NAN	
6.76	-1.405	-0.6555	-0.323	-0.67696	NAN	
6.77	-1.415	-0.667	-0.317	-0.68016	NAN	
6.78	-1.42	-0.678	-0.2975	-0.6832325	NAN	
6.79	-1.43	-0.689	-0.2975	-0.6862075	NAN	
6.8	-1.44	-0.7	-0.278	-0.689085	NAN	
6.81	-1.445	-0.711	-0.281	-0.69188	NAN	
6.82	-1.455	-0.722	-0.263	-0.6946	NAN	
6.83	-1.46	-0.733	-0.26	-0.697215	NAN	
6.84	-1.47	-0.7435	-0.243	-0.69973	NAN	
6.85	-1.48	-0.754	-0.24	-0.702145	NAN	
6.86	-1.485	-0.765	-0.2225	-0.7044575	NAN	
6.87	-1.495	-0.7755	-0.225	-0.706695	NAN	
6.88	-1.5	-0.7855	-0.2045	-0.7088425	NAN	
6.89	-1.51	-0.796	-0.208	-0.710905	NAN	
6.9	-1.52	-0.806	-0.189	-0.71289	NAN	
6.91	-1.525	-0.8155	-0.1895	-0.7147825	NAN	
6.92	-1.535	-0.8255	-0.1765	-0.7166125	NAN	
6.93	-1.54	-0.835	-0.175	-0.71837	NAN	
6.94	-1.55	-0.844	-0.1575	-0.7200325	NAN	
6.95	-1.56	-0.8535	-0.1585	-0.7216125	NAN	
6.96	-1.565	-0.863	-0.1475	-0.7231425	NAN	
6.97	-1.575	-0.872	-0.1495	-0.7246275	NAN	
6.98	-1.58	-0.8805	-0.142	-0.726085	NAN	
6.99	-1.59	-0.889	-0.137	-0.72748	NAN	
7	-1.6	-0.8975	-0.1275	-0.7288025	NAN	
7.01	-1.605	-0.906	-0.128	-0.73008	NAN	
7.02	-1.615	-0.914	-0.12	-0.73132	NAN	
7.03	-1.62	-0.9215	-0.1155	-0.7324975	NAN	
7.04	-1.63	-0.93	-0.111	-0.73363	NAN	
7.05	-1.64	-0.937	-0.106	-0.734715	NAN	
7.06	-1.645	-0.944	-0.101	-0.73575	NAN	
7.07	-1.655	-0.9515	-0.105	-0.73678	NAN	
7.08	-1.66	-0.9585	-0.0925	-0.7377675	NAN	
7.09	-1.67	-0.965	-0.099	-0.738725	NAN	
7.1	-1.68	-0.9725	-0.0845	-0.7396425	NAN	
7.11	-1.685	-0.979	-0.0945	-0.7405375	NAN	
7.12	-1.695	-0.9855	-0.083	-0.741425	NAN	
7.13	-1.7	-0.9925	-0.0885	-0.7422825	NAN	
7.14	-1.71	-0.9985	-0.0755	-0.7431025	NAN	
7.15	-1.72	-1.0045	-0.0835	-0.7438975	NAN	
7.16	-1.725	-1.0115	-0.0715	-0.7446725	NAN	
7.17	-1.735	-1.017	-0.084	-0.74545	NAN	
7.18	-1.74	-1.0235	-0.068	-0.74621	NAN	
7.19	-1.75	-1.0275	-0.0775	-0.7469375	NAN	
7.2	-1.76	-1.0275	-0.0665	-0.7476575	NAN	
7.21	-1.765	-1.0275	-0.072	-0.74835	NAN	
7.22	-1.775	-1.0275	-0.0675	-0.7490475	NAN	
7.23	-1.78	-1.0275	-0.0705	-0.7497375	NAN	
7.24	-1.79	-1.0275	-0.0645	-0.7504125	NAN	
7.25	-1.8	-1.0275	-0.064	-0.751055	NAN	
7.26	-1.805	-1.0275	-0.0635	-0.7516925	NAN	
7.27	-1.815	-1.0275	-0.0645	-0.7523325	NAN	
7.28	-1.82	-1.0275	-0.06	-0.752955	NAN	
7.29	-1.83	-1.0275	-0.0635	-0.7535725	NAN	
7.3	-1.84	-1.0275	-0.056	-0.75417	NAN	
7.31	-1.845	-1.0275	-0.063	-0.754765	NAN	
7.32	-1.855	-1.0275	-0.0555	-0.7553575	NAN	
7.33	-1.86	-1.0275	-0.059	-0.75593	NAN	
7.34	-1.87	-1.0275	0.003	-0.75621	NAN	
7.35	-1.88	-1.0275	-0.0105	-0.7562475	NAN	
7.36	-1.885	-1.0275	0.0135	-0.7562325	NAN	
7.37	-1.895	-1.0275	-0.009	-0.75621	NAN	
7.38	-1.9	-1.0275	0.011	-0.7562	NAN	
7.39	-1.91	-1.0275	-0.0105	-0.7561975	NAN	
7.4	-1.92	-1.0275	0.0065	-0.7562175	NAN	
7.41	-1.925	-1.0275	-0.0125	-0.7562475	NAN	
7.42	-1.935	-1.0275	0.014	-0.75624	NAN	
7.43	-1.94	-1.0275	-0.017	-0.756255	NAN	
7.44	-1.95	-1.0275	-0.0065	-0.7563725	NAN	
7.45	-1.96	-1.0275	0.0035	-0.7563875	NAN	
7.46	-1.965	-1.0275	0.01	-0.75632	NAN	
7.47	-1.975	-1.0275	-0.016	-0.75635	NAN	
7.48	-1.98	-1.0275	-0.0015	-0.7564375	NAN	
7.49	-1.99	-1.0275	0	-0.756445	NAN	
7.5	-2	-1.0275	0.007	-0.75641	NAN	
7.51	-1.995	-1.0275	0.0125	-0.7563125	NAN	
7.52	-1.985	-1.0275	0.0095	-0.7562025	NAN	
7.53	-1.98	-1.0275	-0.015	-0.75623	NAN	
7.54	-1.97	-1.0275	-0.0005	-0.7563075	NAN	
7.55	-1.96	-1.0275	-0.0015	-0.7563175	NAN	
7.56	-1.955	-1.0275	0.0255	-0.7561975	NAN	
7.57	-1.945	-1.0275	-0.005	-0.756095	NAN	
7.58	-1.94	-1.0275	0.006	-0.75609	NAN	
7.59	-1.93	-1.0275	-0.009	-0.756105	NAN	
7.6	-1.92	-1.0275	0.0235	-0.7560325	NAN	
7.61	-1.915	-1.0275	0.0055	-0.7558875	NAN	
7.62	-1.905	-1.0275	0.007	-0.755825	NAN	
7.63	-1.9	-1.0275	-0.01	-0.75584	NAN	
7.64	-1.89	-1.0275	0.009	-0.755845	NAN	
7.65	-1.88	-1.0275	-0.001	-0.755805	NAN	
7.66	-1.875	-1.0275	0.0065	-0.7557775	NAN	
7.67	-1.865	-1.0275	-0.0175	-0.7558325	NAN	
7.68	-1.86	-1.0275	0.0065	-0.7558875	NAN	
7.69	-1.85	-1.0275	-0.011	-0.75591	NAN	
7.7	-1.84	-1.0275	0.014	-0.755895	NAN	
7.71	-1.835	-1.0275	-0.0015	-0.7558325	NAN	
7.72	-1.825	-1.0275	0.0135	-0.7557725	NAN	
7.73	-1.82	-1.0275	-0.0025	-0.7557175	NAN	
7.74	-1.81	-1.0275	0.0185	-0.7556375	NAN	
7.75	-1.8	-1.0275	-0.002	-0.755555	NAN	
7.76	-1.795	-1.0275	0.006	-0.755535	NAN	
7.77	-1.785	-1.0275	0.0085	-0.7554625	NAN	
7.78	-1.78	-1.0275	0.01	-0.75537	NAN	
7.79	-1.77	-1.0275	0.009	-0.755275	NAN	
7.8	-1.76	-1.0275	0.0135	-0.7551625	NAN	
7.81	-1.755	-1.0275	0.0065	-0.7550625	NAN	
7.82	-1.745	-1.0275	0.022	-0.75492	NAN	
7.83	-1.74	-1.0275	0.0075	-0.7547725	NAN	
7.84	-1.73	-1.0275	0.017	-0.75465	NAN	
7.85	-1.72	-1.0275	0.03	-0.754415	NAN	
7.86	-1.715	-1.0275	0.0235	-0.7541475	NAN	
7.87	-1.705	-1.0275	0.015	-0.753955	NAN	
7.88	-1.7	-1.0275	0.016	-0.7538	NAN	
7.89	-1.69	-1.0275	0.016	-0.75364	NAN	
7.9	-1.68	-1.0275	0.022	-0.75345	NAN	
7.91	-1.675	-1.0275	0.017	-0.753255	NAN	
7.92	-1.665	-1.0275	0.029	-0.753025	NAN	
7.93	-1.66	-1.0275	0.008	-0.75284	NAN	
7.94	-1.65	-1.0275	0.025	-0.752675	NAN	
7.95	-1.64	-1.0275	0.01	-0.7525	NAN	
7.96	-1.635	-1.025	0.0255	-0.7523225	NAN	
7.97	-1.625	-1.0205	0.0205	-0.7520925	NAN	
7.98	-1.62	-1.015	0.0185	-0.7518975	NAN	
7.99	-1.61	-1.011	0.018	-0.751715	NAN	
8	-1.6	-1.0055	0.018	-0.751535	NAN	
8.01	-1.595	-1.001	0.016	-0.751365	NAN	
8.02	-1.585	-0.996	0.023	-0.75117	NAN	
8.03	-1.58	-0.9915	0.0115	-0.7509975	NAN	
8.04	-1.57	-0.9865	0.0275	-0.7508025	NAN	
8.05	-1.56	-0.982	0.0145	-0.7505925	NAN	
8.06	-1.555	-0.9765	0.022	-0.75041	NAN	
8.07	-1.545	-0.9725	0.0225	-0.7501875	NAN	
8.08	-1.54	-0.9675	0.0165	-0.7499925	NAN	
8.09	-1.53	-0.9625	0.0225	-0.7497975	NAN	
8.1	-1.52	-0.9575	0.0215	-0.7495775	NAN	
8.11	-1.515	-0.9525	0.018	-0.74938	NAN	
8.12	-1.505	-0.9485	0.027	-0.749155	NAN	
8.13	-1.5	-0.943	0.0165	-0.7489375	NAN	
8.14	-1.49	-0.9385	0.0265	-0.7487225	NAN	
8.15	-1.48	-0.9335	0.016	-0.74851	NAN	
8.16	-1.475	-0.9275	0.0265	-0.7482975	NAN	
8.17	-1.465	-0.9235	0.02	-0.748065	NAN	
8.18	-1.46	-0.919	0.023	-0.74785	NAN	
8.19	-1.45	-0.914	0.024	-0.747615	NAN	
8.2	-1.44	-0.9095	0.0205	-0.7473925	NAN	
8.21	-1.435	-0.9045	0.0225	-0.7471775	NAN	
8.22	-1.425	-0.899	0.0275	-0.7469275	NAN	
8.23	-1.42	-0.894	0.0195	-0.7466925	NAN	
8.24	-1.41	-0.8885	0.03	-0.746445	NAN	
8.25	-1.4	-0.885	0.018	-0.746205	NAN	
8.26	-1.395	-0.8795	0.0285	-0.7459725	NAN	
8.27	-1.385	-0.875	0.024	-0.74571	NAN	
8.28	-1.38	-0.87	0.024	-0.74547	NAN	
8.29	-1.37	-0.8655	0.027	-0.745215	NAN	
8.3	-1.36	-0.8605	0.0235	-0.7449625	NAN	
8.31	-1.355	-0.856	0.024	-0.744725	NAN	
8.32	-1.345	-0.8515	0.029	-0.74446	NAN	
8.33	-1.34	-0.846	0.0225	-0.7442025	NAN	
8.34	-1.33	-0.841	0.0305	-0.7439375	NAN	
8.35	-1.32	-0.8365	0.0205	-0.7436825	NAN	
8.36	-1.315	-0.8315	0.0305	-0.7434275	NAN	
8.37	-1.305	-0.827	0.0255	-0.7431475	NAN	
8.38	-1.3	-0.822	0.028	-0.74288	NAN	
8.39	-1.29	-0.8175	0.027	-0.742605	NAN	
8.4	-1.28	-0.812	0.0265	-0.7423375	NAN	
8.41	-1.275	-0.8075	0.028	-0.742065	NAN	
8.42	-1.265	-0.803	0.0285	-0.7417825	NAN	
8.43	-1.26	-0.7985	0.026	-0.74151	NAN	
8.44	-1.25	-0.7935	0.031	-0.741225	NAN	
8.45	-1.24	-0.7895	0.023	-0.740955	NAN	
8.46	-1.235	-0.7845	0.0335	-0.7406725	NAN	
8.47	-1.225	-0.7805	0.0265	-0.7403725	NAN	
8.48	-1.22	-0.775	0.0315	-0.7400825	NAN	
8.49	-1.21	-0.771	0.0295	-0.7397775	NAN	
8.5	-1.2	-0.7655	0.0265	-0.7394975	NAN	
8.51	-1.195	-0.761	0.032	-0.739205	NAN	
8.52	-1.185	-0.7565	0.032	-0.738885	NAN	
8.53	-1.18	-0.752	0.03	-0.738575	NAN	
8.54	-1.17	-0.747	0.034	-0.738255	NAN	
8.55	-1.16	-0.7425	0.029	-0.73794	NAN	
8.56	-1.155	-0.738	0.034	-0.737625	NAN	
8.57	-1.145	-0.7335	0.0295	-0.7373075	NAN	
8.58	-1.14	-0.728	0.034	-0.73699	NAN	
8.59	-1.13	-0.724	0.032	-0.73666	NAN	
8.6	-1.12	-0.72	0.0325	-0.7363375	NAN	
8.61	-1.115	-0.7145	0.033	-0.73601	NAN	
8.62	-1.105	-0.71	0.0335	-0.7356775	NAN	
8.63	-1.1	-0.7045	0.0355	-0.7353325	NAN	
8.64	-1.09	-0.7	0.033	-0.73499	NAN	
8.65	-1.08	-0.696	0.0335	-0.7346575	NAN	
8.66	-1.075	-0.6915	0.037	-0.734305	NAN	
8.67	-1.065	-0.6865	0.0335	-0.7339525	NAN	
8.68	-1.06	-0.682	0.0385	-0.7335925	NAN	
8.69	-1.05	-0.6775	0.0345	-0.7332275	NAN	
8.7	-1.04	-0.6725	0.036	-0.732875	NAN	
8.71	-1.035	-0.668	0.038	-0.732505	NAN	
8.72	-1.025	-0.663	0.0365	-0.7321325	NAN	
8.73	-1.02	-0.6585	0.0405	-0.7317475	NAN	
8.74	-1.01	-0.654	0.036	-0.731365	NAN	
8.75	-1	-0.6495	0.0375	-0.7309975	NAN	
8.76	-0.995	-0.6445	0.04	-0.73061	NAN	
8.77	-0.985	-0.6405	0.039	-0.730215	NAN	
8.78	-0.98	-0.635	0.041	-0.729815	NAN	
8.79	-0.97	-0.631	0.0395	-0.7294125	NAN	
8.8	-0.96	-0.626	0.0405	-0.7290125	NAN	
8.81	-0.955	-0.6215	0.0405	-0.7286075	NAN	
8.82	-0.945	-0.6175	0.0415	-0.7281975	NAN	
8.83	-0.94	-0.6125	0.042	-0.72778	NAN	
8.84	-0.93	-0.608	0.041	-0.727365	NAN	
8.85	-0.92	-0.6035	0.044	-0.72694	NAN	
8.86	-0.915	-0.599	0.0415	-0.7265125	NAN	
8.87	-0.905	-0.5945	0.047	-0.72607	NAN	
8.88	-0.9	-0.59	0.0435	-0.7256175	NAN	
8.89	-0.89	-0.585	0.045	-0.725175	NAN	
8.9	-0.88	-0.5805	0.046	-0.72472	NAN	
8.91	-0.875	-0.576	0.0445	-0.7242675	NAN	
8.92	-0.865	-0.5715	0.0495	-0.7237975	NAN	
8.93	-0.86	-0.5665	0.0485	-0.7233075	NAN	
8.94	-0.85	-0.562	0.0465	-0.7228325	NAN	
8.95	-0.84	-0.5575	0.051	-0.722345	NAN	
8.96	-0.835	-0.5525	0.0455	-0.7218625	NAN	
8.97	-0.825	-0.5485	0.054	-0.721365	NAN	
8.98	-0.82	-0.544	0.0465	-0.7208625	NAN	
8.99	-0.81	-0.539	0.054	-0.72036	NAN	
9	-0.8	-0.5345	0.0485	-0.7198475	NAN	
9.01	-0.795	-0.5305	0.052	-0.719345	NAN	
9.02	-0.785	-0.5255	0.055	-0.71881	NAN	
9.03	-0.78	-0.521	0.052	-0.718275	NAN	
9.04	-0.77	-0.5165	0.0545	-0.7177425	NAN	
9.05	-0.76	-0.512	0.054	-0.7172	NAN	
9.06	-0.755	-0.507	0.052	-0.71667	NAN	
9.07	-0.745	-0.503	0.063	-0.716095	NAN	
9.08	-0.74	-0.498	0.05	-0.71553	NAN	
9.09	-0.73	-0.494	0.064	-0.71496	NAN	
9.1	-0.72	-0.4895	0.0525	-0.7143775	NAN	
9.11	-0.715	-0.4845	0.0605	-0.7138125	NAN	
9.12	-0.705	-0.4805	0.06	-0.71321	NAN	
9.13	-0.7	-0.476	0.06	-0.71261	NAN	
9.14	-0.69	-0.4715	0.061	-0.712005	NAN	
9.15	-0.68	-0.467	0.061	-0.711395	NAN	
9.16	-0.675	-0.4625	0.061	-0.710785	NAN	
9.17	-0.665	-0.458	0.0665	-0.7101475	NAN	
9.18	-0.66	-0.453	0.0595	-0.7095175	NAN	
9.19	-0.65	-0.4495	0.069	-0.708875	NAN	
9.2	-0.64	-0.4445	0.0595	-0.7082325	NAN	
9.21	-0.635	-0.4405	0.0705	-0.7075825	NAN	
9.22	-0.625	-0.4355	0.062	-0.70692	NAN	
9.23	-0.62	-0.4315	0.07	-0.70626	NAN	
9.24	-0.61	-0.427	0.0665	-0.7055775	NAN	
9.25	-0.6	-0.423	0.068	-0.704905	NAN	
9.26	-0.595	-0.4185	0.07	-0.704215	NAN	
9.27	-0.585	-0.4145	0.073	-0.7035	NAN	
9.28	-0.58	-0.41	0.068	-0.702795	NAN	
9.29	-0.57	-0.4055	0.077	-0.70207	NAN	
9.3	-0.56	-0.401	0.0665	-0.7013525	NAN	
9.31	-0.555	-0.397	0.0805	-0.7006175	NAN	
9.32	-0.545	-0.3925	0.072	-0.699855	NAN	
9.33	-0.54	-0.388	0.08	-0.699095	NAN	
9.34	-0.53	-0.3835	0.0745	-0.6983225	NAN	
9.35	-0.52	-0.3795	0.0805	-0.6975475	NAN	
9.36	-0.515	-0.375	0.076	-0.696765	NAN	
9.37	-0.505	-0.371	0.084	-0.695965	NAN	
9.38	-0.5	-0.3665	0.0795	-0.6951475	NAN	
9.39	-0.49	-0.3625	0.084	-0.69433	NAN	
9.4	-0.48	-0.358	0.0805	-0.6935075	NAN	
9.41	-0.475	-0.3535	0.0875	-0.6926675	NAN	
9.42	-0.465	-0.3495	0.084	-0.69181	NAN	
9.43	-0.46	-0.345	0.0925	-0.6909275	NAN	
9.44	-0.45	-0.3405	0.081	-0.69006	NAN	
9.45	-0.44	-0.337	0.0945	-0.6891825	NAN	
9.46	-0.435	-0.3325	0.0845	-0.6882875	NAN	
9.47	-0.425	-0.3285	0.0965	-0.6873825	NAN	
9.48	-0.42	-0.3245	0.089	-0.686455	NAN	
9.49	-0.41	-0.32	0.0965	-0.6855275	NAN	
9.5	-0.4	-0.3165	0.0915	-0.6845875	NAN	
9.51	-0.395	-0.3115	0.0985	-0.6836375	NAN	
9.52	-0.385	-0.307	0.097	-0.68266	NAN	
9.53	-0.38	-0.3035	0.1015	-0.6816675	NAN	
9.54	-0.37	-0.299	0.0975	-0.6806725	NAN	
9.55	-0.36	-0.295	0.104	-0.679665	NAN	
9.56	-0.355	-0.291	0.0985	-0.6786525	NAN	
9.57	-0.345	-0.287	0.113	-0.677595	NAN	
9.58	-0.34	-0.2825	0.099	-0.676535	NAN	
9.59	-0.33	-0.2785	0.115	-0.675465	NAN	
9.6	-0.32	-0.2745	0.1015	-0.6743825	NAN	
9.61	-0.315	-0.2705	0.113	-0.67331	NAN	
9.62	-0.305	-0.2665	0.1105	-0.6721925	NAN	
9.63	-0.3	-0.2625	0.112	-0.67108	NAN	
9.64	-0.29	-0.2585	0.1155	-0.6699425	NAN	
9.65	-0.28	-0.2545	0.116	-0.668785	NAN	
9.66	-0.275	-0.25	0.114	-0.667635	NAN	
9.67	-0.265	-0.2465	0.125	-0.66644	NAN	
9.68	-0.26	-0.2425	0.1165	-0.6652325	NAN	
9.69	-0.25	-0.2385	0.1275	-0.6640125	NAN	
9.7	-0.24	-0.235	0.1185	-0.6627825	NAN	
9.71	-0.235	-0.2305	0.132	-0.66153	NAN	
9.72	-0.225	-0.2265	0.123	-0.660255	NAN	
9.73	-0.22	-0.2225	0.1355	-0.6589625	NAN	
9.74	-0.21	-0.2185	0.125	-0.65766	NAN	
9.75	-0.2	-0.2145	0.137	-0.65635	NAN	
9.76	-0.195	-0.2105	0.1305	-0.6550125	NAN	
9.77	-0.185	-0.207	0.1395	-0.6536625	NAN	
9.78	-0.18	-0.2025	0.136	-0.652285	NAN	
9.79	-0.17	-0.199	0.142	-0.650895	NAN	
9.8	-0.16	-0.195	0.138	-0.649495	NAN	
9.81	-0.155	-0.191	0.1465	-0.6480725	NAN	
9.82	-0.145	-0.1875	0.1425	-0.6466275	NAN	
9.83	-0.14	-0.1835	0.1505	-0.6451625	NAN	
9.84	-0.13	-0.179	0.1445	-0.6436875	NAN	
9.85	-0.12	-0.176	0.154	-0.642195	NAN	
9.86	-0.115	-0.1715	0.1475	-0.6406875	NAN	
9.87	-0.105	-0.1685	0.1625	-0.6391375	NAN	
9.88	-0.1	-0.164	0.148	-0.637585	NAN	
9.89	-0.09	-0.1605	0.165	-0.63602	NAN	
9.9	-0.08	-0.1565	0.1535	-0.6344275	NAN	
9.91	-0.075	-0.153	0.165	-0.632835	NAN	
9.92	-0.065	-0.149	0.164	-0.63119	NAN	
9.93	-0.06	-0.145	0.167	-0.629535	NAN	
9.94	-0.05	-0.1415	0.168	-0.62786	NAN	
9.95	-0.04	-0.1375	0.17	-0.62617	NAN	
9.96	-0.035	-0.1335	0.1685	-0.6244775	NAN	
9.97	-0.025	-0.13	0.1795	-0.6227375	NAN	
9.98	-0.02	-0.1265	0.1725	-0.6209775	NAN	
9.99	-0.01	-0.1225	0.182	-0.619205	NAN	
10	0	-0.119	0.1745	-0.6174225	NAN	
10.01	0.005	-0.1155	0.188	-0.61561	NAN	
10.02	0.015	-0.1115	0.1775	-0.6137825	NAN	
10.03	0.02	-0.108	0.1905	-0.6119425	NAN	
10.04	0.03	-0.1045	0.1825	-0.6100775	NAN	
10.05	0.04	-0.101	0.1935	-0.6081975	NAN	
10.06	0.045	-0.097	0.1865	-0.6062975	NAN	
10.07	0.055	-0.0935	0.2015	-0.6043575	NAN	
10.08	0.06	-0.09	0.191	-0.602395	NAN	
10.09	0.07	-0.086	0.2045	-0.6004175	NAN	
10.1	0.08	-0.0825	0.195	-0.59842	NAN	
10.11	0.085	-0.079	0.2065	-0.5964125	NAN	
10.12	0.095	-0.0755	0.2065	-0.5943475	NAN	
10.13	0.1	-0.0715	0.208	-0.592275	NAN	
10.14	0.11	-0.068	0.2115	-0.5901775	NAN	
10.15	0.12	-0.0645	0.2125	-0.5880575	NAN	
10.16	0.125	-0.0615	0.2135	-0.5859275	NAN	
10.17	0.135	-0.0575	0.223	-0.583745	NAN	
10.18	0.14	-0.054	0.2135	-0.5815625	NAN	
10.19	0.15	-0.0505	0.228	-0.579355	NAN	
10.2	0.16	-0.0465	0.2185	-0.5771225	NAN	
10.21	0.165	-0.0435	0.2315	-0.5748725	NAN	
10.22	0.175	-0.04	0.226	-0.572585	NAN	
10.23	0.18	-0.036	0.2375	-0.5702675	NAN	
10.24	0.19	-0.033	0.2295	-0.5679325	NAN	
10.25	0.2	-0.029	0.2415	-0.5655775	NAN	
10.26	0.205	-0.026	0.233	-0.563205	NAN	
10.27	0.215	-0.0225	0.2505	-0.5607875	NAN	
10.28	0.22	-0.0195	0.2385	-0.5583425	NAN	
10.29	0.23	-0.0155	0.2545	-0.5558775	NAN	
10.3	0.24	-0.0125	0.2425	-0.5533925	NAN	
10.31	0.245	-0.008	0.259	-0.550885	NAN	
10.32	0.255	-0.0055	0.252	-0.54833	NAN	
10.33	0.26	-0.002	0.262	-0.54576	NAN	
10.34	0.27	0.002	0.2585	-0.5431575	NAN	
10.35	0.28	0.005	0.265	-0.54054	NAN	
10.36	0.285	0.0085	0.264	-0.537895	NAN	
10.37	0.295	0.0115	0.2725	-0.5352125	NAN	
10.38	0.3	0.0145	0.27	-0.5325	NAN	
10.39	0.31	0.018	0.279	-0.529755	NAN	
10.4	0.32	0.021	0.274	-0.52699	NAN	
10.41	0.325	0.0245	0.2815	-0.5242125	NAN	
10.42	0.335	0.0275	0.282	-0.521395	NAN	
10.43	0.34	0.031	0.2855	-0.5185575	NAN	
10.44	0.35	0.034	0.2865	-0.5156975	NAN	
10.45	0.36	0.037	0.294	-0.512795	NAN	
10.46	0.365	0.04	0.2895	-0.5098775	NAN	
10.47	0.375	0.043	0.306	-0.5069	NAN	
10.48	0.38	0.0455	0.296	-0.50389	NAN	
10.49	0.39	0.0485	0.312	-0.50085	NAN	
10.5	0.4	0.051	0.3005	-0.4977875	NAN	
10.51	0.405	0.0545	0.3175	-0.4946975	NAN	
10.52	0.415	0.057	0.313	-0.491545	NAN	
10.53	0.42	0.0595	0.326	-0.48835	NAN	
10.54	0.43	0.0625	0.317	-0.485135	NAN	
10.55	0.44	0.065	0.332	-0.48189	NAN	
10.56	0.445	0.0675	0.325	-0.478605	NAN	
10.57	0.455	0.0695	0.343	-0.475265	NAN	
10.58	0.46	0.0725	0.333	-0.471885	NAN	
10.59	0.47	0.0745	0.3485	-0.4684775	NAN	
10.6	0.48	0.077	0.3415	-0.4650275	NAN	
10.61	0.485	0.0785	0.36	-0.46152	NAN	
10.62	0.495	0.0815	0.3525	-0.4579575	NAN	
10.63	0.5	0.0825	0.3665	-0.4543625	NAN	
10.64	0.51	0.0855	0.363	-0.450715	NAN	
10.65	0.52	0.0875	0.3735	-0.4470325	NAN	
10.66	0.525	0.0895	0.3725	-0.4433025	NAN	
10.67	0.535	0.0915	0.387	-0.439505	NAN	
10.68	0.54	0.093	0.38	-0.43567	NAN	
10.69	0.55	0.095	0.397	-0.431785	NAN	
10.7	0.56	0.0965	0.3895	-0.4278525	NAN	
10.71	0.565	0.099	0.406	-0.423875	NAN	
10.72	0.575	0.1005	0.405	-0.41982	NAN	
10.73	0.58	0.1025	0.413	-0.41573	NAN	
10.74	0.59	0.104	0.415	-0.41159	NAN	
10.75	0.6	0.1055	0.4245	-0.4073925	NAN	
10.76	0.605	0.1075	0.422	-0.40316	NAN	
10.77	0.615	0.109	0.4395	-0.3988525	NAN	
10.78	0.62	0.1105	0.432	-0.394495	NAN	
10.79	0.63	0.1125	0.4475	-0.3900975	NAN	
10.8	0.64	0.1145	0.442	-0.38565	NAN	
10.81	0.645	0.116	0.4565	-0.3811575	NAN	
10.82	0.655	0.1175	0.454	-0.376605	NAN	
10.83	0.66	0.1195	0.4665	-0.3720025	NAN	
10.84	0.67	0.121	0.4625	-0.3673575	NAN	
10.85	0.68	0.123	0.478	-0.362655	NAN	
10.86	0.685	0.125	0.4735	-0.3578975	NAN	
10.87	0.695	0.1265	0.491	-0.353075	NAN	
10.88	0.7	0.1285	0.483	-0.348205	NAN	
10.89	0.71	0.13	0.5015	-0.3432825	NAN	
10.9	0.72	0.132	0.491	-0.33832	NAN	
10.91	0.725	0.134	0.5115	-0.3333075	NAN	
10.92	0.735	0.1355	0.5065	-0.3282175	NAN	
10.93	0.74	0.1375	0.519	-0.32309	NAN	
10.94	0.75	0.139	0.5175	-0.3179075	NAN	
10.95	0.76	0.1415	0.527	-0.312685	NAN	
10.96	0.765	0.143	0.526	-0.30742	NAN	
10.97	0.775	0.145	0.5415	-0.3020825	NAN	
10.98	0.78	0.147	0.5345	-0.2967025	NAN	
10.99	0.79	0.149	0.55	-0.29128	NAN	
11	0.8	0.151	0.5455	-0.2858025	NAN	
11.01	0.805	0.153	0.5565	-0.2802925	NAN	
11.02	0.815	0.155	0.557	-0.274725	NAN	
11.03	0.82	0.157	0.5655	-0.2691125	NAN	
11.04	0.83	0.1595	0.565	-0.26346	NAN	
11.05	0.84	0.1615	0.573	-0.25777	NAN	
11.06	0.845	0.164	0.576	-0.252025	NAN	
11.07	0.855	0.1665	0.5845	-0.2462225	NAN	
11.08	0.86	0.1685	0.585	-0.240375	NAN	
11.09	0.87	0.171	0.5905	-0.2344975	NAN	
11.1	0.88	0.174	0.592	-0.228585	NAN	
11.11	0.885	0.1765	0.6005	-0.2226225	NAN	
11.12	0.895	0.179	0.6015	-0.2166125	NAN	
11.13	0.9	0.182	0.607	-0.21057	NAN	
11.14	0.91	0.1845	0.605	-0.20451	NAN	
11.15	0.92	0.1875	0.619	-0.19839	NAN	
11.16	0.925	0.1905	0.6165	-0.1922125	NAN	
11.17	0.935	0.1935	0.6225	-0.1860175	NAN	
11.18	0.94	0.1965	0.621	-0.1798	NAN	
11.19	0.95	0.2	0.632	-0.173535	NAN	
11.2	0.96	0.2035	0.618	-0.167285	NAN	
11.21	0.965	0.2065	0.634	-0.161025	NAN	
11.22	0.975	0.21	0.628	-0.154715	NAN	
11.23	0.98	0.214	0.632	-0.148415	NAN	
11.24	0.99	0.2175	0.6325	-0.1420925	NAN	
11.25	1	0.2215	0.634	-0.13576	NAN	
11.26	1.005	0.2255	0.635	-0.129415	NAN	
11.27	1.015	0.23	0.6405	-0.1230375	NAN	
11.28	1.02	0.2345	0.6345	-0.1166625	NAN	
11.29	1.03	0.2385	0.641	-0.110285	NAN	
11.3	1.04	0.2435	0.633	-0.103915	NAN	
11.31	1.045	0.248	0.622	-0.09764	NAN	
11.32	1.055	0.2535	0.638	-0.09134	NAN	
11.33	1.06	0.2585	0.64	-0.08495	NAN	
11.34	1.07	0.2645	0.6315	-0.0785925	NAN	
11.35	1.08	0.27	0.6245	-0.0723125	NAN	
11.36	1.085	0.2755	0.628	-0.06605	NAN	
11.37	1.095	0.282	0.634	-0.05974	NAN	
11.38	1.1	0.289	0.623	-0.053455	NAN	
11.39	1.11	0.296	0.623	-0.047225	NAN	
11.4	1.12	0.3025	0.6115	-0.0410525	NAN	
11.41	1.125	0.31	0.6115	-0.0349375	NAN	
11.42	1.135	0.318	0.6075	-0.0288425	NAN	
11.43	1.14	0.326	0.603	-0.02279	NAN	
11.44	1.15	0.334	0.5985	-0.0167825	NAN	
11.45	1.16	0.342	0.588	-0.01085	NAN	
11.46	1.165	0.3505	0.5855	-0.0049825	NAN	
11.47	1.175	0.359	0.581	0.00085	NAN	
11.48	1.18	0.368	0.571	0.00661	NAN	
11.49	1.19	0.3765	0.569	0.01231	NAN	
11.5	1.2	0.3855	0.557	0.01794	NAN	
11.51	1.205	0.395	0.552	0.023485	NAN	
11.52	1.215	0.4045	0.547	0.02898	NAN	
11.53	1.22	0.4135	0.532	0.034375	NAN	
11.54	1.23	0.423	0.53	0.039685	NAN	
11.55	1.24	0.4325	0.5215	0.0449425	NAN	
11.56	1.245	0.4425	0.511	0.050105	NAN	
11.57	1.255	0.452	0.5095	0.0552075	NAN	
11.58	1.26	0.4625	0.493	0.06022	NAN	
11.59	1.27	0.4725	0.4895	0.0651325	NAN	
11.6	1.28	0.4825	0.474	0.06995	NAN	
11.61	1.285	0.493	0.471	0.074675	NAN	
11.62	1.295	0.5035	0.458	0.07932	NAN	
11.63	1.3	0.5145	0.4545	0.0838825	NAN	
11.64	1.31	0.525	0.437	0.08834	NAN	
11.65	1.32	0.536	0.433	0.09269	NAN	
11.66	1.325	0.5465	0.417	0.09694	NAN	
11.67	1.335	0.558	0.416	0.101105	NAN	
11.68	1.34	0.5695	0.3975	0.1051725	NAN	
11.69	1.35	0.58	0.3955	0.1091375	NAN	
11.7	1.36	0.5915	0.3735	0.1129825	NAN	
11.71	1.365	0.6025	0.3745	0.1167225	NAN	
11.72	1.375	0.614	0.357	0.12038	NAN	
11.73	1.38	0.6255	0.3525	0.1239275	NAN	
11.74	1.39	0.6375	0.3395	0.1273875	NAN	
11.75	1.4	0.649	0.3305	0.1307375	NAN	
11.76	1.405	0.66	0.309	0.133935	NAN	
11.77	1.415	0.6715	0.311	0.137035	NAN	
11.78	1.42	0.6835	0.286	0.14002	NAN	
11.79	1.43	0.695	0.29	0.1429	NAN	
11.8	1.44	0.706	0.2715	0.1457075	NAN	
11.81	1.445	0.7175	0.2615	0.1483725	NAN	
11.82	1.455	0.729	0.2565	0.1509625	NAN	
11.83	1.46	0.7395	0.243	0.15346	NAN	
11.84	1.47	0.751	0.2335	0.1558425	NAN	
11.85	1.48	0.762	0.225	0.158135	NAN	
11.86	1.485	0.773	0.2145	0.1603325	NAN	
11.87	1.495	0.7835	0.211	0.16246	NAN	
11.88	1.5	0.794	0.194	0.164485	NAN	
11.89	1.51	0.804	0.193	0.16642	NAN	
11.9	1.52	0.814	0.1745	0.1682575	NAN	
11.91	1.525	0.824	0.178	0.17002	NAN	
11.92	1.535	0.8335	0.162	0.17172	NAN	
11.93	1.54	0.843	0.1625	0.1733425	NAN	
11.94	1.55	0.852	0.149	0.1749	NAN	
11.95	1.56	0.8615	0.146	0.176375	NAN	
11.96	1.565	0.8705	0.138	0.177795	NAN	
11.97	1.575	0.879	0.1355	0.1791625	NAN	
11.98	1.58	0.8875	0.127	0.180475	NAN	
11.99	1.59	0.896	0.1255	0.1817375	NAN	
12	1.6	0.904	0.114	0.182935	NAN	
12.01	1.605	0.9115	0.113	0.18407	NAN	
12.02	1.615	0.9195	0.108	0.185175	NAN	
12.03	1.62	0.927	0.106	0.186245	NAN	
12.04	1.63	0.9345	0.0975	0.1872625	NAN	
12.05	1.64	0.941	0.098	0.18824	NAN	
12.06	1.645	0.948	0.088	0.18917	NAN	
12.07	1.655	0.955	0.097	0.190095	NAN	
12.08	1.66	0.962	0.0825	0.1909925	NAN	
12.09	1.67	0.968	0.084	0.191825	NAN	
12.1	1.68	0.9745	0.077	0.19263	NAN	
12.11	1.685	0.981	0.0725	0.1933775	NAN	
12.12	1.695	0.987	0.0835	0.1941575	NAN	
12.13	1.7	0.993	0.074	0.194945	NAN	
12.14	1.71	0.999	0.068	0.195655	NAN	
12.15	1.72	1.005	0.075	0.19637	NAN	
12.16	1.725	1.011	0.0625	0.1970575	NAN	
12.17	1.735	1.0165	0.0735	0.1977375	NAN	
12.18	1.74	1.02	0.0615	0.1984125	NAN	
12.19	1.75	1.02	0.0665	0.1990525	NAN	
12.2	1.76	1.02	0.0615	0.1996925	NAN	
12.21	1.765	1.02	0.0635	0.2003175	NAN	
12.22	1.775	1.02	0.06	0.200935	NAN	
12.23	1.78	1.02	0.0615	0.2015425	NAN	
12.24	1.79	1.02	0.0555	0.2021275	NAN	
12.25	1.8	1.02	0.0595	0.2027025	NAN	
12.26	1.805	1.02	0.053	0.203265	NAN	
12.27	1.815	1.02	0.0615	0.2038375	NAN	
12.28	1.82	1.02	0.0515	0.2044025	NAN	
12.29	1.83	1.02	0.0575	0.2049475	NAN	
12.3	1.84	1.02	0.0505	0.2054875	NAN	
12.31	1.845	1.02	0.054	0.20601	NAN	
12.32	1.855	1.02	0.054	0.20655	NAN	
12.33	1.86	1.02	0.0525	0.2070825	NAN	
12.34	1.87	1.02	0.047	0.20758	NAN	
12.35	1.88	1.02	0.0525	0.2080775	NAN	
12.36	1.885	1.02	0.046	0.20857	NAN	
12.37	1.895	1.02	0.0605	0.2091025	NAN	
12.38	1.9	1.02	0.057	0.20969	NAN	
12.39	1.91	1.02	0.046	0.210205	NAN	
12.4	1.92	1.02	0.047	0.21067	NAN	
12.41	1.925	1.02	-0.012	0.210845	NAN	
12.42	1.935	1.02	0.022	0.210895	NAN	
12.43	1.94	1.02	-0.023	0.21089	NAN	
12.44	1.95	1.02	0.0075	0.2108125	NAN	
12.45	1.96	1.02	-0.005	0.210825	NAN	
12.46	1.965	1.02	0.0105	0.2108525	NAN	
12.47	1.975	1.02	-0.002	0.210895	NAN	
12.48	1.98	1.02	0.012	0.210945	NAN	
12.49	1.99	1.02	-0.0025	0.2109925	NAN	
12.5	2	1.02	0.009	0.211025	NAN	
