MIN=0	-10	-1	-1	-2	0	
MAX=12.5	10	1	1	2	50	
SCALE=5	5	0.5	0.5	1	10	
DEC=2	2	3	3	2	2	
DEF="Time" t / s	"Voltage" U_1 / V	"Current" I_1 / A	"Voltage" U_B2 / V	"Magnetic Flux" &F / Vs	"Frequency" f / Hz	
0	0	-0.0005	0.003	0	NAN	
0.01	0.005	-0.0005	0.0055	4.25E-5	NAN	
0.02	0.015	0.0005	0.015	0.000145	NAN	
0.03	0.02	0.0005	0.019	0.000315	NAN	
0.04	0.03	0.0015	0.0285	0.0005525	NAN	
0.05	0.04	0.0035	0.03	0.000845	NAN	
0.06	0.045	0.0035	0.039	0.00119	NAN	
0.07	0.055	0.0045	0.0465	0.0016175	NAN	
0.08	0.06	0.0055	0.049	0.002095	NAN	
0.09	0.07	0.007	0.0535	0.0026075	NAN	
0.1	0.08	0.0085	0.0585	0.0031675	NAN	
0.11	0.085	0.01	0.0645	0.0037825	NAN	
0.12	0.095	0.012	0.0715	0.0044625	NAN	
0.13	0.1	0.014	0.0715	0.0051775	NAN	
0.14	0.11	0.0155	0.082	0.005945	NAN	
0.15	0.12	0.0175	0.083	0.00677	NAN	
0.16	0.125	0.0195	0.09	0.007635	NAN	
0.17	0.135	0.022	0.0945	0.0085575	NAN	
0.18	0.14	0.0245	0.1	0.00953	NAN	
0.19	0.15	0.0265	0.106	0.01056	NAN	
0.2	0.16	0.029	0.108	0.01163	NAN	
0.21	0.165	0.0315	0.114	0.01274	NAN	
0.22	0.175	0.0335	0.1225	0.0139225	NAN	
0.23	0.18	0.036	0.1225	0.0151475	NAN	
0.24	0.19	0.0385	0.1275	0.0163975	NAN	
0.25	0.2	0.0415	0.126	0.017665	NAN	
0.26	0.205	0.0435	0.134	0.018965	NAN	
0.27	0.215	0.0465	0.137	0.02032	NAN	
0.28	0.22	0.0485	0.1385	0.0216975	NAN	
0.29	0.23	0.0515	0.143	0.023105	NAN	
0.3	0.24	0.054	0.1455	0.0245475	NAN	
0.31	0.245	0.057	0.1495	0.0260225	NAN	
0.32	0.255	0.0595	0.1575	0.0275575	NAN	
0.33	0.26	0.062	0.158	0.029135	NAN	
0.34	0.27	0.0645	0.168	0.030765	NAN	
0.35	0.28	0.067	0.167	0.03244	NAN	
0.36	0.285	0.0695	0.1745	0.0341475	NAN	
0.37	0.295	0.072	0.1805	0.0359225	NAN	
0.38	0.3	0.0745	0.1845	0.0377475	NAN	
0.39	0.31	0.0775	0.1855	0.0395975	NAN	
0.4	0.32	0.0795	0.188	0.041465	NAN	
0.41	0.325	0.0825	0.1895	0.0433525	NAN	
0.42	0.335	0.085	0.197	0.045285	NAN	
0.43	0.34	0.0875	0.194	0.04724	NAN	
0.44	0.35	0.09	0.204	0.04923	NAN	
0.45	0.36	0.0925	0.2035	0.0512675	NAN	
0.46	0.365	0.095	0.2125	0.0533475	NAN	
0.47	0.375	0.0975	0.215	0.055485	NAN	
0.48	0.38	0.1	0.2215	0.0576675	NAN	
0.49	0.39	0.103	0.225	0.0599	NAN	
0.5	0.4	0.1055	0.2275	0.0621625	NAN	
0.51	0.405	0.1085	0.229	0.064445	NAN	
0.52	0.415	0.111	0.237	0.066775	NAN	
0.53	0.42	0.114	0.233	0.069125	NAN	
0.54	0.43	0.117	0.24	0.07149	NAN	
0.55	0.44	0.1195	0.2375	0.0738775	NAN	
0.56	0.445	0.123	0.2465	0.0762975	NAN	
0.57	0.455	0.1255	0.2495	0.0787775	NAN	
0.58	0.46	0.1285	0.255	0.0813	NAN	
0.59	0.47	0.131	0.2585	0.0838675	NAN	
0.6	0.48	0.1335	0.2635	0.0864775	NAN	
0.61	0.485	0.136	0.2645	0.0891175	NAN	
0.62	0.495	0.1385	0.274	0.09181	NAN	
0.63	0.5	0.141	0.2705	0.0945325	NAN	
0.64	0.51	0.1435	0.28	0.097285	NAN	
0.65	0.52	0.1455	0.2755	0.1000625	NAN	
0.66	0.525	0.148	0.2845	0.1028625	NAN	
0.67	0.535	0.1505	0.289	0.10573	NAN	
0.68	0.54	0.1525	0.294	0.108645	NAN	
0.69	0.55	0.155	0.297	0.1116	NAN	
0.7	0.56	0.1575	0.304	0.114605	NAN	
0.71	0.565	0.1595	0.307	0.11766	NAN	
0.72	0.575	0.162	0.3175	0.1207825	NAN	
0.73	0.58	0.1645	0.3125	0.1239325	NAN	
0.74	0.59	0.167	0.3215	0.1271025	NAN	
0.75	0.6	0.169	0.318	0.1303	NAN	
0.76	0.605	0.1715	0.327	0.133525	NAN	
0.77	0.615	0.174	0.329	0.136805	NAN	
0.78	0.62	0.1765	0.336	0.14013	NAN	
0.79	0.63	0.179	0.3395	0.1435075	NAN	
0.8	0.64	0.1815	0.3455	0.1469325	NAN	
0.81	0.645	0.184	0.345	0.150385	NAN	
0.82	0.655	0.1865	0.3545	0.1538825	NAN	
0.83	0.66	0.1895	0.351	0.15741	NAN	
0.84	0.67	0.192	0.358	0.160955	NAN	
0.85	0.68	0.1945	0.3535	0.1645125	NAN	
0.86	0.685	0.1975	0.365	0.168105	NAN	
0.87	0.695	0.2005	0.369	0.171775	NAN	
0.88	0.7	0.2035	0.373	0.175485	NAN	
0.89	0.71	0.2065	0.375	0.179225	NAN	
0.9	0.72	0.2095	0.38	0.183	NAN	
0.91	0.725	0.213	0.3795	0.1867975	NAN	
0.92	0.735	0.216	0.385	0.19062	NAN	
0.93	0.74	0.2195	0.379	0.19444	NAN	
0.94	0.75	0.223	0.3885	0.1982775	NAN	
0.95	0.76	0.2265	0.385	0.202145	NAN	
0.96	0.765	0.23	0.394	0.20604	NAN	
0.97	0.775	0.234	0.394	0.20998	NAN	
0.98	0.78	0.238	0.398	0.21394	NAN	
0.99	0.79	0.242	0.397	0.217915	NAN	
1	0.8	0.2465	0.3955	0.2218775	NAN	
1.01	0.805	0.251	0.3945	0.2258275	NAN	
1.02	0.815	0.2555	0.402	0.22981	NAN	
1.03	0.82	0.26	0.395	0.233795	NAN	
1.04	0.83	0.265	0.401	0.237775	NAN	
1.05	0.84	0.27	0.396	0.24176	NAN	
1.06	0.845	0.275	0.4045	0.2457625	NAN	
1.07	0.855	0.2805	0.4	0.249785	NAN	
1.08	0.86	0.286	0.3985	0.2537775	NAN	
1.09	0.87	0.2915	0.395	0.257745	NAN	
1.1	0.88	0.297	0.3935	0.2616875	NAN	
1.11	0.885	0.3025	0.3895	0.2656025	NAN	
1.12	0.895	0.3085	0.397	0.269535	NAN	
1.13	0.9	0.3145	0.39	0.27347	NAN	
1.14	0.91	0.3205	0.397	0.277405	NAN	
1.15	0.92	0.3265	0.3865	0.2813225	NAN	
1.16	0.925	0.333	0.39	0.285205	NAN	
1.17	0.935	0.3395	0.3845	0.2890775	NAN	
1.18	0.94	0.3455	0.383	0.292915	NAN	
1.19	0.95	0.352	0.375	0.296705	NAN	
1.2	0.96	0.3585	0.376	0.30046	NAN	
1.21	0.965	0.365	0.3715	0.3041975	NAN	
1.22	0.975	0.3715	0.3765	0.3079375	NAN	
1.23	0.98	0.3785	0.3655	0.3116475	NAN	
1.24	0.99	0.384	0.3695	0.3153225	NAN	
1.25	1	0.392	0.357	0.318955	NAN	
1.26	1.005	0.3985	0.36	0.32254	NAN	
1.27	1.015	0.4055	0.352	0.3261	NAN	
1.28	1.02	0.4125	0.352	0.32962	NAN	
1.29	1.03	0.4195	0.3475	0.3331175	NAN	
1.3	1.04	0.4265	0.348	0.336595	NAN	
1.31	1.045	0.4335	0.3415	0.3400425	NAN	
1.32	1.055	0.441	0.3455	0.3434775	NAN	
1.33	1.06	0.4475	0.3335	0.3468725	NAN	
1.34	1.07	0.455	0.335	0.350215	NAN	
1.35	1.08	0.462	0.3205	0.3534925	NAN	
1.36	1.085	0.469	0.324	0.356715	NAN	
1.37	1.095	0.477	0.317	0.35992	NAN	
1.38	1.1	0.484	0.316	0.363085	NAN	
1.39	1.11	0.4915	0.309	0.36621	NAN	
1.4	1.12	0.499	0.31	0.369305	NAN	
1.41	1.125	0.507	0.303	0.37237	NAN	
1.42	1.135	0.5145	0.3045	0.3754075	NAN	
1.43	1.14	0.522	0.2895	0.3783775	NAN	
1.44	1.15	0.5295	0.2925	0.3812875	NAN	
1.45	1.16	0.5375	0.279	0.384145	NAN	
1.46	1.165	0.545	0.28	0.38694	NAN	
1.47	1.175	0.5525	0.272	0.3897	NAN	
1.48	1.18	0.5605	0.2725	0.3924225	NAN	
1.49	1.19	0.568	0.265	0.39511	NAN	
1.5	1.2	0.5755	0.263	0.39775	NAN	
1.51	1.205	0.5835	0.2565	0.4003475	NAN	
1.52	1.215	0.591	0.261	0.402935	NAN	
1.53	1.22	0.599	0.246	0.40547	NAN	
1.54	1.23	0.6065	0.248	0.40794	NAN	
1.55	1.24	0.6145	0.2335	0.4103475	NAN	
1.56	1.245	0.6225	0.2355	0.4126925	NAN	
1.57	1.255	0.6305	0.225	0.414995	NAN	
1.58	1.26	0.638	0.2235	0.4172375	NAN	
1.59	1.27	0.646	0.216	0.419435	NAN	
1.6	1.28	0.654	0.215	0.42159	NAN	
1.61	1.285	0.662	0.205	0.42369	NAN	
1.62	1.295	0.6695	0.21	0.425765	NAN	
1.63	1.3	0.6775	0.198	0.427805	NAN	
1.64	1.31	0.685	0.201	0.4298	NAN	
1.65	1.32	0.6935	0.1865	0.4317375	NAN	
1.66	1.325	0.7005	0.1905	0.4336225	NAN	
1.67	1.335	0.7085	0.1805	0.4354775	NAN	
1.68	1.34	0.716	0.1785	0.4372725	NAN	
1.69	1.35	0.7235	0.168	0.439005	NAN	
1.7	1.36	0.7315	0.167	0.44068	NAN	
1.71	1.365	0.739	0.159	0.44231	NAN	
1.72	1.375	0.7465	0.163	0.44392	NAN	
1.73	1.38	0.7545	0.1495	0.4454825	NAN	
1.74	1.39	0.7615	0.155	0.447005	NAN	
1.75	1.4	0.769	0.144	0.4485	NAN	
1.76	1.405	0.7765	0.149	0.449965	NAN	
1.77	1.415	0.784	0.14	0.45141	NAN	
1.78	1.42	0.791	0.1415	0.4528175	NAN	
1.79	1.43	0.7985	0.1345	0.4541975	NAN	
1.8	1.44	0.8055	0.1335	0.4555375	NAN	
1.81	1.445	0.8125	0.1255	0.4568325	NAN	
1.82	1.455	0.8195	0.13	0.45811	NAN	
1.83	1.46	0.8265	0.117	0.459345	NAN	
1.84	1.47	0.8335	0.1195	0.4605275	NAN	
1.85	1.48	0.8395	0.108	0.461665	NAN	
1.86	1.485	0.8465	0.113	0.46277	NAN	
1.87	1.495	0.8535	0.106	0.463865	NAN	
1.88	1.5	0.86	0.1045	0.4649175	NAN	
1.89	1.51	0.8665	0.099	0.465935	NAN	
1.9	1.52	0.873	0.1015	0.4669375	NAN	
1.91	1.525	0.8795	0.096	0.467925	NAN	
1.92	1.535	0.8855	0.101	0.46891	NAN	
1.93	1.54	0.892	0.0915	0.4698725	NAN	
1.94	1.55	0.8985	0.098	0.47082	NAN	
1.95	1.56	0.9045	0.088	0.47175	NAN	
1.96	1.565	0.9105	0.094	0.47266	NAN	
1.97	1.575	0.9165	0.0885	0.4735725	NAN	
1.98	1.58	0.9225	0.092	0.474475	NAN	
1.99	1.59	0.929	0.0835	0.4753525	NAN	
2	1.6	0.9345	0.0845	0.4761925	NAN	
2.01	1.605	0.9405	0.077	0.477	NAN	
2.02	1.615	0.946	0.083	0.4778	NAN	
2.03	1.62	0.9525	0.0715	0.4785725	NAN	
2.04	1.63	0.9575	0.077	0.479315	NAN	
2.05	1.64	0.9635	0.0675	0.4800375	NAN	
2.06	1.645	0.9685	0.074	0.480745	NAN	
2.07	1.655	0.9745	0.0675	0.4814525	NAN	
2.08	1.66	0.98	0.069	0.482135	NAN	
2.09	1.67	0.9855	0.0635	0.4827975	NAN	
2.1	1.68	0.9905	0.067	0.48345	NAN	
2.11	1.685	0.996	0.061	0.48409	NAN	
2.12	1.695	1.0015	0.069	0.48474	NAN	
2.13	1.7	1.007	0.0605	0.4853875	NAN	
2.14	1.71	1.012	0.0675	0.4860275	NAN	
2.15	1.72	1.0175	0.0585	0.4866575	NAN	
2.16	1.725	1.02	0.0655	0.4872775	NAN	
2.17	1.735	1.02	0.061	0.48791	NAN	
2.18	1.74	1.02	0.065	0.48854	NAN	
2.19	1.75	1.02	0.0585	0.4891575	NAN	
2.2	1.76	1.02	0.0625	0.4897625	NAN	
2.21	1.765	1.02	0.0585	0.4903675	NAN	
2.22	1.775	1.02	0.0655	0.4909875	NAN	
2.23	1.78	1.02	0.0545	0.4915875	NAN	
2.24	1.79	1.02	0.062	0.49217	NAN	
2.25	1.8	1.02	0.052	0.49274	NAN	
2.26	1.805	1.02	0.0585	0.4932925	NAN	
2.27	1.815	1.02	0.052	0.493845	NAN	
2.28	1.82	1.02	0.0555	0.4943825	NAN	
2.29	1.83	1.02	0.0505	0.4949125	NAN	
2.3	1.84	1.02	0.0545	0.4954375	NAN	
2.31	1.845	1.02	0.047	0.495945	NAN	
2.32	1.855	1.02	0.055	0.496455	NAN	
2.33	1.86	1.02	0.0455	0.4969575	NAN	
2.34	1.87	1.02	0.0535	0.4974525	NAN	
2.35	1.88	1.02	0.044	0.49794	NAN	
2.36	1.885	1.02	0.053	0.498425	NAN	
2.37	1.895	1.02	-0.0095	0.4986425	NAN	
2.38	1.9	1.02	-0.0045	0.4985725	NAN	
2.39	1.91	1.02	-0.0055	0.4985225	NAN	
2.4	1.92	1.02	-0.0085	0.4984525	NAN	
2.41	1.925	1.02	-0.002	0.4984	NAN	
2.42	1.935	1.02	-0.0085	0.4983475	NAN	
2.43	1.94	1.02	-0.0075	0.4982675	NAN	
2.44	1.95	1.02	-0.005	0.498205	NAN	
2.45	1.96	1.02	-0.006	0.49815	NAN	
2.46	1.965	1.02	-0.0065	0.4980875	NAN	
2.47	1.975	1.02	-0.0055	0.4980275	NAN	
2.48	1.98	1.02	-0.007	0.497965	NAN	
2.49	1.99	1.02	-0.0075	0.4978925	NAN	
2.5	2	1.02	-0.009	0.49781	NAN	
2.51	1.995	1.02	-0.0115	0.4977075	NAN	
2.52	1.985	1.02	-0.01	0.4976	NAN	
2.53	1.98	1.02	-0.0055	0.4975225	NAN	
2.54	1.97	1.02	-0.0125	0.4974325	NAN	
2.55	1.96	1.02	-0.0055	0.4973425	NAN	
2.56	1.955	1.02	-0.0055	0.4972875	NAN	
2.57	1.945	1.02	-0.0045	0.4972375	NAN	
2.58	1.94	1.02	-0.0055	0.4971875	NAN	
2.59	1.93	1.02	-0.004	0.49714	NAN	
2.6	1.92	1.02	-0.0075	0.4970825	NAN	
2.61	1.915	1.02	-0.009	0.497	NAN	
2.62	1.905	1.02	-0.01	0.496905	NAN	
2.63	1.9	1.02	-0.0095	0.4968075	NAN	
2.64	1.89	1.02	-0.013	0.496695	NAN	
2.65	1.88	1.02	-0.01	0.49658	NAN	
2.66	1.875	1.02	-0.01	0.49648	NAN	
2.67	1.865	1.02	-0.0025	0.4964175	NAN	
2.68	1.86	1.02	-0.0025	0.4963925	NAN	
2.69	1.85	1.02	-0.01	0.49633	NAN	
2.7	1.84	1.02	0.009	0.496325	NAN	
2.71	1.835	1.02	-0.005	0.496345	NAN	
2.72	1.825	1.02	0.0015	0.4963275	NAN	
2.73	1.82	1.02	-0.0075	0.4962975	NAN	
2.74	1.81	1.02	-0.0055	0.4962325	NAN	
2.75	1.8	1.02	-0.012	0.496145	NAN	
2.76	1.795	1.02	-0.009	0.49604	NAN	
2.77	1.785	1.02	-0.0195	0.4958975	NAN	
2.78	1.78	1.02	-0.012	0.49574	NAN	
2.79	1.77	1.02	-0.019	0.495585	NAN	
2.8	1.76	1.02	-0.01	0.49544	NAN	
2.81	1.755	1.02	-0.018	0.4953	NAN	
2.82	1.745	1.02	-0.011	0.495155	NAN	
2.83	1.74	1.02	-0.015	0.495025	NAN	
2.84	1.73	1.02	-0.0095	0.4949025	NAN	
2.85	1.72	1.02	-0.017	0.49477	NAN	
2.86	1.715	1.02	-0.0125	0.4946225	NAN	
2.87	1.705	1.02	-0.0215	0.4944525	NAN	
2.88	1.7	1.02	-0.015	0.49427	NAN	
2.89	1.69	1.02	-0.024	0.494075	NAN	
2.9	1.68	1.02	-0.015	0.49388	NAN	
2.91	1.675	1.02	-0.0215	0.4936975	NAN	
2.92	1.665	1.02	-0.0165	0.4935075	NAN	
2.93	1.66	1.02	-0.0195	0.4933275	NAN	
2.94	1.65	1.02	-0.011	0.493175	NAN	
2.95	1.64	1.02	-0.0175	0.4930325	NAN	
2.96	1.635	1.02	-0.013	0.49288	NAN	
2.97	1.625	1.02	-0.0225	0.4927025	NAN	
2.98	1.62	1.0175	-0.015	0.492515	NAN	
2.99	1.61	1.013	-0.024	0.49232	NAN	
3	1.6	1.0085	-0.0175	0.4921125	NAN	
3.01	1.595	1.004	-0.025	0.4919	NAN	
3.02	1.585	0.9995	-0.018	0.491685	NAN	
3.03	1.58	0.995	-0.023	0.49148	NAN	
3.04	1.57	0.99	-0.0175	0.4912775	NAN	
3.05	1.56	0.986	-0.0205	0.4910875	NAN	
3.06	1.555	0.9805	-0.015	0.49091	NAN	
3.07	1.545	0.976	-0.023	0.49072	NAN	
3.08	1.54	0.9715	-0.015	0.49053	NAN	
3.09	1.53	0.9665	-0.024	0.490335	NAN	
3.1	1.52	0.9615	-0.0165	0.4901325	NAN	
3.11	1.515	0.957	-0.027	0.489915	NAN	
3.12	1.505	0.952	-0.023	0.489665	NAN	
3.13	1.5	0.9475	-0.028	0.48941	NAN	
3.14	1.49	0.9425	-0.0225	0.4891575	NAN	
3.15	1.48	0.938	-0.0265	0.4889125	NAN	
3.16	1.475	0.933	-0.0195	0.4886825	NAN	
3.17	1.465	0.928	-0.0255	0.4884575	NAN	
3.18	1.46	0.9235	-0.0175	0.4882425	NAN	
3.19	1.45	0.9185	-0.025	0.48803	NAN	
3.2	1.44	0.914	-0.0165	0.4878225	NAN	
3.21	1.435	0.909	-0.0255	0.4876125	NAN	
3.22	1.425	0.904	-0.0225	0.4873725	NAN	
3.23	1.42	0.8995	-0.0285	0.4871175	NAN	
3.24	1.41	0.8945	-0.0245	0.4868525	NAN	
3.25	1.4	0.89	-0.0295	0.4865825	NAN	
3.26	1.395	0.885	-0.0215	0.4863275	NAN	
3.27	1.385	0.8805	-0.031	0.486065	NAN	
3.28	1.38	0.875	-0.0215	0.4858025	NAN	
3.29	1.37	0.8705	-0.0295	0.4855475	NAN	
3.3	1.36	0.8655	-0.0195	0.4853025	NAN	
3.31	1.355	0.861	-0.027	0.48507	NAN	
3.32	1.345	0.856	-0.0225	0.4848225	NAN	
3.33	1.34	0.8515	-0.0275	0.4845725	NAN	
3.34	1.33	0.8465	-0.024	0.484315	NAN	
3.35	1.32	0.842	-0.0295	0.4840475	NAN	
3.36	1.315	0.8365	-0.026	0.48377	NAN	
3.37	1.305	0.832	-0.036	0.48346	NAN	
3.38	1.3	0.8275	-0.027	0.483145	NAN	
3.39	1.29	0.8225	-0.035	0.482835	NAN	
3.4	1.28	0.8175	-0.0245	0.4825375	NAN	
3.41	1.275	0.813	-0.032	0.482255	NAN	
3.42	1.265	0.8085	-0.025	0.48197	NAN	
3.43	1.26	0.804	-0.0285	0.4817025	NAN	
3.44	1.25	0.799	-0.0235	0.4814425	NAN	
3.45	1.24	0.7945	-0.029	0.48118	NAN	
3.46	1.235	0.79	-0.0245	0.4809125	NAN	
3.47	1.225	0.7855	-0.034	0.48062	NAN	
3.48	1.22	0.7805	-0.0275	0.4803125	NAN	
3.49	1.21	0.776	-0.0375	0.4799875	NAN	
3.5	1.2	0.771	-0.0285	0.4796575	NAN	
3.51	1.195	0.7665	-0.036	0.479335	NAN	
3.52	1.185	0.7615	-0.0315	0.4789975	NAN	
3.53	1.18	0.757	-0.0355	0.4786625	NAN	
3.54	1.17	0.7525	-0.0285	0.4783425	NAN	
3.55	1.16	0.748	-0.0325	0.4780375	NAN	
3.56	1.155	0.743	-0.028	0.477735	NAN	
3.57	1.145	0.7385	-0.0365	0.4774125	NAN	
3.58	1.14	0.7335	-0.0275	0.4770925	NAN	
3.59	1.13	0.729	-0.038	0.476765	NAN	
3.6	1.12	0.7245	-0.031	0.47642	NAN	
3.61	1.115	0.7195	-0.0405	0.4760625	NAN	
3.62	1.105	0.7145	-0.0345	0.4756875	NAN	
3.63	1.1	0.7105	-0.0405	0.4753125	NAN	
3.64	1.09	0.7055	-0.034	0.47494	NAN	
3.65	1.08	0.701	-0.0375	0.4745825	NAN	
3.66	1.075	0.696	-0.0305	0.4742425	NAN	
3.67	1.065	0.692	-0.04	0.47389	NAN	
3.68	1.06	0.687	-0.0295	0.4735425	NAN	
3.69	1.05	0.6825	-0.0385	0.4732025	NAN	
3.7	1.04	0.678	-0.03	0.47286	NAN	
3.71	1.035	0.673	-0.043	0.472495	NAN	
3.72	1.025	0.6685	-0.0375	0.4720925	NAN	
3.73	1.02	0.664	-0.0435	0.4716875	NAN	
3.74	1.01	0.659	-0.039	0.471275	NAN	
3.75	1	0.6545	-0.045	0.470855	NAN	
3.76	0.995	0.6495	-0.038	0.47044	NAN	
3.77	0.985	0.645	-0.0465	0.4700175	NAN	
3.78	0.98	0.64	-0.036	0.469605	NAN	
3.79	0.97	0.6355	-0.045	0.4692	NAN	
3.8	0.96	0.631	-0.034	0.468805	NAN	
3.81	0.955	0.6265	-0.042	0.468425	NAN	
3.82	0.945	0.622	-0.039	0.46802	NAN	
3.83	0.94	0.617	-0.046	0.467595	NAN	
3.84	0.93	0.6125	-0.0405	0.4671625	NAN	
3.85	0.92	0.608	-0.047	0.466725	NAN	
3.86	0.915	0.6035	-0.045	0.466265	NAN	
3.87	0.905	0.5985	-0.054	0.46577	NAN	
3.88	0.9	0.594	-0.043	0.465285	NAN	
3.89	0.89	0.5895	-0.052	0.46481	NAN	
3.9	0.88	0.5845	-0.044	0.46433	NAN	
3.91	0.875	0.58	-0.051	0.463855	NAN	
3.92	0.865	0.575	-0.044	0.46338	NAN	
3.93	0.86	0.5705	-0.05	0.46291	NAN	
3.94	0.85	0.566	-0.0465	0.4624275	NAN	
3.95	0.84	0.5615	-0.051	0.46194	NAN	
3.96	0.835	0.5565	-0.047	0.46145	NAN	
3.97	0.825	0.552	-0.0585	0.4609225	NAN	
3.98	0.82	0.547	-0.0505	0.4603775	NAN	
3.99	0.81	0.5425	-0.0605	0.4598225	NAN	
4	0.8	0.538	-0.051	0.459265	NAN	
4.01	0.795	0.5335	-0.0615	0.4587025	NAN	
4.02	0.785	0.5285	-0.055	0.45812	NAN	
4.03	0.78	0.524	-0.059	0.45755	NAN	
4.04	0.77	0.519	-0.0535	0.4569875	NAN	
4.05	0.76	0.515	-0.059	0.456425	NAN	
4.06	0.755	0.51	-0.052	0.45587	NAN	
4.07	0.745	0.5055	-0.0605	0.4553075	NAN	
4.08	0.74	0.5005	-0.053	0.45474	NAN	
4.09	0.73	0.496	-0.0625	0.4541625	NAN	
4.1	0.72	0.4915	-0.054	0.45358	NAN	
4.11	0.715	0.487	-0.0655	0.4529825	NAN	
4.12	0.705	0.4825	-0.063	0.45234	NAN	
4.13	0.7	0.478	-0.068	0.451685	NAN	
4.14	0.69	0.473	-0.0635	0.4510275	NAN	
4.15	0.68	0.4685	-0.0695	0.4503625	NAN	
4.16	0.675	0.464	-0.065	0.44969	NAN	
4.17	0.665	0.4595	-0.073	0.449	NAN	
4.18	0.66	0.4545	-0.062	0.448325	NAN	
4.19	0.65	0.45	-0.0725	0.4476525	NAN	
4.2	0.64	0.4455	-0.0615	0.4469825	NAN	
4.21	0.635	0.441	-0.07	0.446325	NAN	
4.22	0.625	0.4365	-0.065	0.44565	NAN	
4.23	0.62	0.4325	-0.073	0.44496	NAN	
4.24	0.61	0.428	-0.068	0.444255	NAN	
4.25	0.6	0.4235	-0.075	0.44354	NAN	
4.26	0.595	0.419	-0.071	0.44281	NAN	
4.27	0.585	0.4145	-0.083	0.44204	NAN	
4.28	0.58	0.4105	-0.072	0.441265	NAN	
4.29	0.57	0.406	-0.0815	0.4404975	NAN	
4.3	0.56	0.4015	-0.0725	0.4397275	NAN	
4.31	0.555	0.397	-0.082	0.438955	NAN	
4.32	0.545	0.393	-0.0745	0.4381725	NAN	
4.33	0.54	0.3885	-0.079	0.437405	NAN	
4.34	0.53	0.3845	-0.077	0.436625	NAN	
4.35	0.52	0.38	-0.0815	0.4358325	NAN	
4.36	0.515	0.3755	-0.0775	0.4350375	NAN	
4.37	0.505	0.371	-0.089	0.434205	NAN	
4.38	0.5	0.367	-0.082	0.43335	NAN	
4.39	0.49	0.3625	-0.093	0.432475	NAN	
4.4	0.48	0.3585	-0.083	0.431595	NAN	
4.41	0.475	0.3545	-0.0945	0.4307075	NAN	
4.42	0.465	0.35	-0.09	0.429785	NAN	
4.43	0.46	0.346	-0.0945	0.4288625	NAN	
4.44	0.45	0.3415	-0.088	0.42795	NAN	
4.45	0.44	0.3375	-0.094	0.42704	NAN	
4.46	0.435	0.333	-0.089	0.426125	NAN	
4.47	0.425	0.329	-0.0985	0.4251875	NAN	
4.48	0.42	0.3245	-0.0875	0.4242575	NAN	
4.49	0.41	0.3205	-0.101	0.423315	NAN	
4.5	0.4	0.3165	-0.093	0.422345	NAN	
4.51	0.395	0.312	-0.104	0.42136	NAN	
4.52	0.385	0.308	-0.099	0.420345	NAN	
4.53	0.38	0.304	-0.1085	0.4193075	NAN	
4.54	0.37	0.301	-0.1055	0.4182375	NAN	
4.55	0.36	0.2955	-0.111	0.417155	NAN	
4.56	0.355	0.2915	-0.1035	0.4160825	NAN	
4.57	0.345	0.2875	-0.1155	0.4149875	NAN	
4.58	0.34	0.283	-0.1065	0.4138775	NAN	
4.59	0.33	0.279	-0.116	0.412765	NAN	
4.6	0.32	0.275	-0.1055	0.4116575	NAN	
4.61	0.315	0.271	-0.115	0.410555	NAN	
4.62	0.305	0.267	-0.112	0.40942	NAN	
4.63	0.3	0.263	-0.117	0.408275	NAN	
4.64	0.29	0.259	-0.114	0.40712	NAN	
4.65	0.28	0.255	-0.123	0.405935	NAN	
4.66	0.275	0.251	-0.119	0.404725	NAN	
4.67	0.265	0.2465	-0.13	0.40348	NAN	
4.68	0.26	0.2425	-0.122	0.40222	NAN	
4.69	0.25	0.2385	-0.1355	0.4009325	NAN	
4.7	0.24	0.2345	-0.1265	0.3996225	NAN	
4.71	0.235	0.231	-0.137	0.398305	NAN	
4.72	0.225	0.227	-0.131	0.396965	NAN	
4.73	0.22	0.223	-0.1375	0.3956225	NAN	
4.74	0.21	0.217	-0.132	0.394275	NAN	
4.75	0.2	0.2145	-0.1375	0.3929275	NAN	
4.76	0.195	0.2105	-0.1335	0.3915725	NAN	
4.77	0.185	0.207	-0.147	0.39017	NAN	
4.78	0.18	0.203	-0.138	0.388745	NAN	
4.79	0.17	0.199	-0.15	0.387305	NAN	
4.8	0.16	0.1955	-0.143	0.38584	NAN	
4.81	0.155	0.1915	-0.155	0.38435	NAN	
4.82	0.145	0.1885	-0.1515	0.3828175	NAN	
4.83	0.14	0.183	-0.1575	0.3812725	NAN	
4.84	0.13	0.1795	-0.1525	0.3797225	NAN	
4.85	0.12	0.1755	-0.1595	0.3781625	NAN	
4.86	0.115	0.1715	-0.1525	0.3766025	NAN	
4.87	0.105	0.168	-0.1635	0.3750225	NAN	
4.88	0.1	0.164	-0.1545	0.3734325	NAN	
4.89	0.09	0.16	-0.167	0.371825	NAN	
4.9	0.08	0.156	-0.158	0.3702	NAN	
4.91	0.075	0.152	-0.1715	0.3685525	NAN	
4.92	0.065	0.1485	-0.17	0.366845	NAN	
4.93	0.06	0.145	-0.178	0.365105	NAN	
4.94	0.05	0.141	-0.173	0.36335	NAN	
4.95	0.04	0.1375	-0.18	0.361585	NAN	
4.96	0.035	0.1335	-0.177	0.3598	NAN	
4.97	0.025	0.1295	-0.1865	0.3579825	NAN	
4.98	0.02	0.126	-0.1755	0.3561725	NAN	
4.99	0.01	0.122	-0.1885	0.3543525	NAN	
5	0	0.118	-0.179	0.352515	NAN	
5.01	-0.005	0.1145	-0.1885	0.3506775	NAN	
5.02	-0.015	0.1105	-0.1845	0.3488125	NAN	
5.03	-0.02	0.107	-0.195	0.346915	NAN	
5.04	-0.03	0.103	-0.191	0.344985	NAN	
5.05	-0.04	0.0995	-0.199	0.343035	NAN	
5.06	-0.045	0.096	-0.196	0.34106	NAN	
5.07	-0.055	0.0925	-0.2095	0.3390325	NAN	
5.08	-0.06	0.0885	-0.2	0.336985	NAN	
5.09	-0.07	0.085	-0.2105	0.3349325	NAN	
5.1	-0.08	0.0815	-0.2015	0.3328725	NAN	
5.11	-0.085	0.0775	-0.214	0.330795	NAN	
5.12	-0.095	0.074	-0.208	0.328685	NAN	
5.13	-0.1	0.0705	-0.2135	0.3265775	NAN	
5.14	-0.11	0.067	-0.2115	0.3244525	NAN	
5.15	-0.12	0.0635	-0.219	0.3223	NAN	
5.16	-0.125	0.0595	-0.2165	0.3201225	NAN	
5.17	-0.135	0.056	-0.228	0.3179	NAN	
5.18	-0.14	0.0525	-0.2235	0.3156425	NAN	
5.19	-0.15	0.049	-0.2355	0.3133475	NAN	
5.2	-0.16	0.0455	-0.225	0.311045	NAN	
5.21	-0.165	0.042	-0.238	0.30873	NAN	
5.22	-0.175	0.0385	-0.238	0.30635	NAN	
5.23	-0.18	0.035	-0.244	0.30394	NAN	
5.24	-0.19	0.0315	-0.2375	0.3015325	NAN	
5.25	-0.2	0.0275	-0.2435	0.2991275	NAN	
5.26	-0.205	0.0245	-0.24	0.29671	NAN	
5.27	-0.215	0.021	-0.2505	0.2942575	NAN	
5.28	-0.22	0.0175	-0.2425	0.2917925	NAN	
5.29	-0.23	0.014	-0.2545	0.2893075	NAN	
5.3	-0.24	0.0105	-0.25	0.286785	NAN	
5.31	-0.245	0.0075	-0.2615	0.2842275	NAN	
5.32	-0.255	0.0035	-0.26	0.28162	NAN	
5.33	-0.26	0.0005	-0.2695	0.2789725	NAN	
5.34	-0.27	-0.003	-0.2655	0.2762975	NAN	
5.35	-0.28	-0.007	-0.2715	0.2736125	NAN	
5.36	-0.285	-0.01	-0.2675	0.2709175	NAN	
5.37	-0.295	-0.0135	-0.2795	0.2681825	NAN	
5.38	-0.3	-0.0165	-0.2715	0.2654275	NAN	
5.39	-0.31	-0.02	-0.2835	0.2626525	NAN	
5.4	-0.32	-0.0235	-0.276	0.259855	NAN	
5.41	-0.325	-0.0265	-0.2885	0.2570325	NAN	
5.42	-0.335	-0.03	-0.2885	0.2541475	NAN	
5.43	-0.34	-0.033	-0.296	0.251225	NAN	
5.44	-0.35	-0.036	-0.292	0.248285	NAN	
5.45	-0.36	-0.039	-0.2995	0.2453275	NAN	
5.46	-0.365	-0.042	-0.298	0.24234	NAN	
5.47	-0.375	-0.0455	-0.309	0.239305	NAN	
5.48	-0.38	-0.048	-0.2995	0.2362625	NAN	
5.49	-0.39	-0.051	-0.313	0.2332	NAN	
5.5	-0.4	-0.0535	-0.307	0.2301	NAN	
5.51	-0.405	-0.0565	-0.32	0.226965	NAN	
5.52	-0.415	-0.0595	-0.3175	0.2237775	NAN	
5.53	-0.42	-0.0615	-0.3315	0.2205325	NAN	
5.54	-0.43	-0.0645	-0.3295	0.2172275	NAN	
5.55	-0.44	-0.067	-0.3375	0.2138925	NAN	
5.56	-0.445	-0.0695	-0.3345	0.2105325	NAN	
5.57	-0.455	-0.072	-0.348	0.20712	NAN	
5.58	-0.46	-0.074	-0.3405	0.2036775	NAN	
5.59	-0.47	-0.0765	-0.353	0.20021	NAN	
5.6	-0.48	-0.0785	-0.347	0.19671	NAN	
5.61	-0.485	-0.0805	-0.363	0.19316	NAN	
5.62	-0.495	-0.083	-0.362	0.189535	NAN	
5.63	-0.5	-0.085	-0.373	0.18586	NAN	
5.64	-0.51	-0.087	-0.3735	0.1821275	NAN	
5.65	-0.52	-0.089	-0.384	0.17834	NAN	
5.66	-0.525	-0.091	-0.3815	0.1745125	NAN	
5.67	-0.535	-0.093	-0.395	0.17063	NAN	
5.68	-0.54	-0.0945	-0.389	0.16671	NAN	
5.69	-0.55	-0.0965	-0.4025	0.1627525	NAN	
5.7	-0.56	-0.0985	-0.395	0.158765	NAN	
5.71	-0.565	-0.1	-0.41	0.15474	NAN	
5.72	-0.575	-0.102	-0.4135	0.1506225	NAN	
5.73	-0.58	-0.104	-0.423	0.14644	NAN	
5.74	-0.59	-0.1055	-0.4235	0.1422075	NAN	
5.75	-0.6	-0.1075	-0.4335	0.1379225	NAN	
5.76	-0.605	-0.109	-0.434	0.133585	NAN	
5.77	-0.615	-0.111	-0.4465	0.1291825	NAN	
5.78	-0.62	-0.113	-0.439	0.124755	NAN	
5.79	-0.63	-0.1145	-0.453	0.120295	NAN	
5.8	-0.64	-0.1165	-0.448	0.11579	NAN	
5.81	-0.645	-0.1185	-0.46	0.11125	NAN	
5.82	-0.655	-0.1205	-0.461	0.106645	NAN	
5.83	-0.66	-0.122	-0.4725	0.1019775	NAN	
5.84	-0.67	-0.124	-0.4705	0.0972625	NAN	
5.85	-0.68	-0.1255	-0.482	0.0925	NAN	
5.86	-0.685	-0.1275	-0.48	0.08769	NAN	
5.87	-0.695	-0.1295	-0.4935	0.0828225	NAN	
5.88	-0.7	-0.131	-0.4865	0.0779225	NAN	
5.89	-0.71	-0.1335	-0.499	0.072995	NAN	
5.9	-0.72	-0.1355	-0.494	0.06803	NAN	
5.91	-0.725	-0.1375	-0.5115	0.0630025	NAN	
5.92	-0.735	-0.139	-0.511	0.05789	NAN	
5.93	-0.74	-0.1415	-0.5215	0.0527275	NAN	
5.94	-0.75	-0.1435	-0.52	0.04752	NAN	
5.95	-0.76	-0.1455	-0.5305	0.0422675	NAN	
5.96	-0.765	-0.1475	-0.526	0.036985	NAN	
5.97	-0.775	-0.15	-0.5375	0.0316675	NAN	
5.98	-0.78	-0.152	-0.5325	0.0263175	NAN	
5.99	-0.79	-0.1545	-0.5495	0.0209075	NAN	
6	-0.8	-0.1565	-0.5435	0.0154425	NAN	
6.01	-0.805	-0.159	-0.558	0.009935	NAN	
6.02	-0.815	-0.1615	-0.556	0.004365	NAN	
6.03	-0.82	-0.1635	-0.564	-0.001235	NAN	
6.04	-0.83	-0.166	-0.559	-0.00685	NAN	
6.05	-0.84	-0.1685	-0.567	-0.01248	NAN	
6.06	-0.845	-0.171	-0.5665	-0.0181475	NAN	
6.07	-0.855	-0.174	-0.5815	-0.0238875	NAN	
6.08	-0.86	-0.1765	-0.5755	-0.0296725	NAN	
6.09	-0.87	-0.1795	-0.589	-0.035495	NAN	
6.1	-0.88	-0.182	-0.581	-0.041345	NAN	
6.11	-0.885	-0.185	-0.593	-0.047215	NAN	
6.12	-0.895	-0.1885	-0.587	-0.053115	NAN	
6.13	-0.9	-0.191	-0.595	-0.059025	NAN	
6.14	-0.91	-0.194	-0.595	-0.064975	NAN	
6.15	-0.92	-0.197	-0.6045	-0.0709725	NAN	
6.16	-0.925	-0.2005	-0.602	-0.077005	NAN	
6.17	-0.935	-0.2035	-0.613	-0.08308	NAN	
6.18	-0.94	-0.2075	-0.6045	-0.0891675	NAN	
6.19	-0.95	-0.2105	-0.615	-0.095265	NAN	
6.2	-0.96	-0.214	-0.6045	-0.1013625	NAN	
6.21	-0.965	-0.218	-0.6155	-0.1074625	NAN	
6.22	-0.975	-0.222	-0.6145	-0.1136125	NAN	
6.23	-0.98	-0.2255	-0.6215	-0.1197925	NAN	
6.24	-0.99	-0.2295	-0.6175	-0.1259875	NAN	
6.25	-1	-0.234	-0.621	-0.13218	NAN	
6.26	-1.005	-0.2385	-0.616	-0.138365	NAN	
6.27	-1.015	-0.2425	-0.6235	-0.1445625	NAN	
6.28	-1.02	-0.2475	-0.6125	-0.1507425	NAN	
6.29	-1.03	-0.252	-0.6245	-0.1569275	NAN	
6.3	-1.04	-0.257	-0.6165	-0.1631325	NAN	
6.31	-1.045	-0.2625	-0.625	-0.16934	NAN	
6.32	-1.055	-0.2685	-0.6175	-0.1755525	NAN	
6.33	-1.06	-0.2735	-0.62	-0.18174	NAN	
6.34	-1.07	-0.2795	-0.6095	-0.1878875	NAN	
6.35	-1.08	-0.286	-0.6105	-0.1939875	NAN	
6.36	-1.085	-0.2925	-0.602	-0.20005	NAN	
6.37	-1.095	-0.2995	-0.611	-0.206115	NAN	
6.38	-1.1	-0.3065	-0.598	-0.21216	NAN	
6.39	-1.11	-0.3135	-0.6025	-0.2181625	NAN	
6.4	-1.12	-0.3215	-0.586	-0.224105	NAN	
6.41	-1.125	-0.329	-0.59	-0.229985	NAN	
6.42	-1.135	-0.337	-0.577	-0.23582	NAN	
6.43	-1.14	-0.3455	-0.576	-0.241585	NAN	
6.44	-1.15	-0.354	-0.566	-0.247295	NAN	
6.45	-1.16	-0.362	-0.5685	-0.2529675	NAN	
6.46	-1.165	-0.3705	-0.5565	-0.2585925	NAN	
6.47	-1.175	-0.3795	-0.5585	-0.2641675	NAN	
6.48	-1.18	-0.3885	-0.5395	-0.2696575	NAN	
6.49	-1.19	-0.3975	-0.542	-0.275065	NAN	
6.5	-1.2	-0.4065	-0.5225	-0.2803875	NAN	
6.51	-1.205	-0.416	-0.5255	-0.2856275	NAN	
6.52	-1.215	-0.425	-0.516	-0.290835	NAN	
6.53	-1.22	-0.4345	-0.5135	-0.2959825	NAN	
6.54	-1.23	-0.4445	-0.501	-0.301055	NAN	
6.55	-1.24	-0.454	-0.497	-0.306045	NAN	
6.56	-1.245	-0.4635	-0.4825	-0.3109425	NAN	
6.57	-1.255	-0.4735	-0.4825	-0.3157675	NAN	
6.58	-1.26	-0.4835	-0.4625	-0.3204925	NAN	
6.59	-1.27	-0.4935	-0.4625	-0.3251175	NAN	
6.6	-1.28	-0.504	-0.445	-0.329655	NAN	
6.61	-1.285	-0.514	-0.445	-0.334105	NAN	
6.62	-1.295	-0.5245	-0.432	-0.33849	NAN	
6.63	-1.3	-0.535	-0.428	-0.34279	NAN	
6.64	-1.31	-0.5455	-0.416	-0.34701	NAN	
6.65	-1.32	-0.556	-0.41	-0.35114	NAN	
6.66	-1.325	-0.5665	-0.3925	-0.3551525	NAN	
6.67	-1.335	-0.577	-0.3905	-0.3590675	NAN	
6.68	-1.34	-0.588	-0.3725	-0.3628825	NAN	
6.69	-1.35	-0.5985	-0.3715	-0.3666025	NAN	
6.7	-1.36	-0.6095	-0.3525	-0.3702225	NAN	
6.71	-1.365	-0.62	-0.354	-0.373755	NAN	
6.72	-1.375	-0.631	-0.3425	-0.3772375	NAN	
6.73	-1.38	-0.6415	-0.3385	-0.3806425	NAN	
6.74	-1.39	-0.652	-0.3235	-0.3839525	NAN	
6.75	-1.4	-0.6625	-0.3185	-0.3871625	NAN	
6.76	-1.405	-0.6735	-0.304	-0.390275	NAN	
6.77	-1.415	-0.684	-0.302	-0.393305	NAN	
6.78	-1.42	-0.6945	-0.281	-0.39622	NAN	
6.79	-1.43	-0.705	-0.282	-0.399035	NAN	
6.8	-1.44	-0.7155	-0.263	-0.40176	NAN	
6.81	-1.445	-0.7255	-0.2645	-0.4043975	NAN	
6.82	-1.455	-0.736	-0.251	-0.406975	NAN	
6.83	-1.46	-0.7465	-0.25	-0.40948	NAN	
6.84	-1.47	-0.757	-0.2355	-0.4119075	NAN	
6.85	-1.48	-0.767	-0.2315	-0.4142425	NAN	
6.86	-1.485	-0.7775	-0.218	-0.41649	NAN	
6.87	-1.495	-0.787	-0.22	-0.41868	NAN	
6.88	-1.5	-0.7975	-0.1985	-0.4207725	NAN	
6.89	-1.51	-0.807	-0.199	-0.42276	NAN	
6.9	-1.52	-0.8165	-0.181	-0.42466	NAN	
6.91	-1.525	-0.826	-0.184	-0.426485	NAN	
6.92	-1.535	-0.8355	-0.171	-0.42826	NAN	
6.93	-1.54	-0.8445	-0.17	-0.429965	NAN	
6.94	-1.55	-0.854	-0.16	-0.431615	NAN	
6.95	-1.56	-0.863	-0.1595	-0.4332125	NAN	
6.96	-1.565	-0.872	-0.1485	-0.4347525	NAN	
6.97	-1.575	-0.8805	-0.153	-0.43626	NAN	
6.98	-1.58	-0.8895	-0.138	-0.437715	NAN	
6.99	-1.59	-0.8975	-0.141	-0.43911	NAN	
7	-1.6	-0.906	-0.1235	-0.4404325	NAN	
7.01	-1.605	-0.9135	-0.126	-0.44168	NAN	
7.02	-1.615	-0.9215	-0.1165	-0.4428925	NAN	
7.03	-1.62	-0.9295	-0.1145	-0.4440475	NAN	
7.04	-1.63	-0.937	-0.1055	-0.4451475	NAN	
7.05	-1.64	-0.9445	-0.107	-0.44621	NAN	
7.06	-1.645	-0.9515	-0.0985	-0.4472375	NAN	
7.07	-1.655	-0.959	-0.105	-0.448255	NAN	
7.08	-1.66	-0.966	-0.0925	-0.4492425	NAN	
7.09	-1.67	-0.973	-0.101	-0.45021	NAN	
7.1	-1.68	-0.98	-0.0885	-0.4511575	NAN	
7.11	-1.685	-0.9865	-0.0955	-0.4520775	NAN	
7.12	-1.695	-0.993	-0.088	-0.452995	NAN	
7.13	-1.7	-0.9995	-0.0905	-0.4538875	NAN	
7.14	-1.71	-1.0065	-0.081	-0.454745	NAN	
7.15	-1.72	-1.0125	-0.0815	-0.4555575	NAN	
7.16	-1.725	-1.019	-0.0745	-0.4563375	NAN	
7.17	-1.735	-1.025	-0.0805	-0.4571125	NAN	
7.18	-1.74	-1.0275	-0.068	-0.457855	NAN	
7.19	-1.75	-1.0275	-0.075	-0.45857	NAN	
7.2	-1.76	-1.0275	-0.066	-0.459275	NAN	
7.21	-1.765	-1.0275	-0.0745	-0.4599775	NAN	
7.22	-1.775	-1.0275	-0.0685	-0.4606925	NAN	
7.23	-1.78	-1.0275	-0.072	-0.461395	NAN	
7.24	-1.79	-1.0275	-0.068	-0.462095	NAN	
7.25	-1.8	-1.0275	-0.0695	-0.4627825	NAN	
7.26	-1.805	-1.0275	-0.0625	-0.4634425	NAN	
7.27	-1.815	-1.0275	-0.0685	-0.4640975	NAN	
7.28	-1.82	-1.0275	-0.058	-0.46473	NAN	
7.29	-1.83	-1.0275	-0.064	-0.46534	NAN	
7.3	-1.84	-1.0275	-0.0525	-0.4659225	NAN	
7.31	-1.845	-1.0275	-0.06	-0.466485	NAN	
7.32	-1.855	-1.0275	-0.054	-0.467055	NAN	
7.33	-1.86	-1.0275	-0.0015	-0.4673325	NAN	
7.34	-1.87	-1.0275	-0.001	-0.467345	NAN	
7.35	-1.88	-1.0275	0.002	-0.46734	NAN	
7.36	-1.885	-1.0275	-0.006	-0.46736	NAN	
7.37	-1.895	-1.0275	0.0045	-0.4673675	NAN	
7.38	-1.9	-1.0275	-0.014	-0.467415	NAN	
7.39	-1.91	-1.0275	0.0095	-0.4674375	NAN	
7.4	-1.92	-1.0275	0.0045	-0.4673675	NAN	
7.41	-1.925	-1.0275	0.0075	-0.4673075	NAN	
7.42	-1.935	-1.0275	-0.009	-0.467315	NAN	
7.43	-1.94	-1.0275	0.006	-0.46733	NAN	
7.44	-1.95	-1.0275	0.002	-0.46729	NAN	
7.45	-1.96	-1.0275	-0.0035	-0.4672975	NAN	
7.46	-1.965	-1.0275	0.01	-0.467265	NAN	
7.47	-1.975	-1.0275	-0.002	-0.467225	NAN	
7.48	-1.98	-1.0275	0.008	-0.467195	NAN	
7.49	-1.99	-1.0275	0.012	-0.467095	NAN	
7.5	-2	-1.0275	0.0055	-0.4670075	NAN	
7.51	-1.995	-1.0275	0.013	-0.466915	NAN	
7.52	-1.985	-1.0275	0.0015	-0.4668425	NAN	
7.53	-1.98	-1.0275	-0.001	-0.46684	NAN	
7.54	-1.97	-1.0275	-0.0155	-0.4669225	NAN	
7.55	-1.96	-1.0275	0.016	-0.46692	NAN	
7.56	-1.955	-1.0275	0.007	-0.466805	NAN	
7.57	-1.945	-1.0275	-0.0105	-0.4668225	NAN	
7.58	-1.94	-1.0275	0.0065	-0.4668425	NAN	
7.59	-1.93	-1.0275	0.002	-0.4668	NAN	
7.6	-1.92	-1.0275	-0.005	-0.466815	NAN	
7.61	-1.915	-1.0275	0.0035	-0.4668225	NAN	
7.62	-1.905	-1.0275	-0.0015	-0.4668125	NAN	
7.63	-1.9	-1.0275	-0.004	-0.46684	NAN	
7.64	-1.89	-1.0275	-0.004	-0.46688	NAN	
7.65	-1.88	-1.0275	0.0065	-0.4668675	NAN	
7.66	-1.875	-1.0275	0.002	-0.466825	NAN	
7.67	-1.865	-1.0275	0.0095	-0.4667675	NAN	
7.68	-1.86	-1.0275	0.002	-0.46671	NAN	
7.69	-1.85	-1.0275	0	-0.4667	NAN	
7.7	-1.84	-1.0275	0.0015	-0.4666925	NAN	
7.71	-1.835	-1.0275	0.0005	-0.4666825	NAN	
7.72	-1.825	-1.0275	0.0005	-0.4666775	NAN	
7.73	-1.82	-1.0275	-0.0035	-0.4666925	NAN	
7.74	-1.81	-1.0275	-0.0015	-0.4667175	NAN	
7.75	-1.8	-1.0275	0	-0.466725	NAN	
7.76	-1.795	-1.0275	0	-0.466725	NAN	
7.77	-1.785	-1.0275	0	-0.466725	NAN	
7.78	-1.78	-1.0275	0.0065	-0.4666925	NAN	
7.79	-1.77	-1.0275	0.007	-0.466625	NAN	
7.8	-1.76	-1.0275	0.011	-0.466535	NAN	
7.81	-1.755	-1.0275	0.0085	-0.4664375	NAN	
7.82	-1.745	-1.0275	0.0185	-0.4663025	NAN	
7.83	-1.74	-1.0275	0.012	-0.46615	NAN	
7.84	-1.73	-1.0275	0.0185	-0.4659975	NAN	
7.85	-1.72	-1.0275	0.012	-0.465845	NAN	
7.86	-1.715	-1.0275	0.021	-0.46568	NAN	
7.87	-1.705	-1.0275	0.017	-0.46549	NAN	
7.88	-1.7	-1.0275	0.0205	-0.4653025	NAN	
7.89	-1.69	-1.0275	0.0175	-0.4651125	NAN	
7.9	-1.68	-1.0275	0.021	-0.46492	NAN	
7.91	-1.675	-1.0275	0.0175	-0.4647275	NAN	
7.92	-1.665	-1.0275	0.022	-0.46453	NAN	
7.93	-1.66	-1.0275	0.0165	-0.4643375	NAN	
7.94	-1.65	-1.0275	0.023	-0.46414	NAN	
7.95	-1.64	-1.0275	0.016	-0.463945	NAN	
7.96	-1.635	-1.0275	0.021	-0.46376	NAN	
7.97	-1.625	-1.0275	0.018	-0.463565	NAN	
7.98	-1.62	-1.0235	0.021	-0.46337	NAN	
7.99	-1.61	-1.018	0.016	-0.463185	NAN	
8	-1.6	-1.013	0.019	-0.46301	NAN	
8.01	-1.595	-1.0085	0.015	-0.46284	NAN	
8.02	-1.585	-1.0045	0.022	-0.462655	NAN	
8.03	-1.58	-0.999	0.0135	-0.4624775	NAN	
8.04	-1.57	-0.994	0.02	-0.46231	NAN	
8.05	-1.56	-0.9895	0.014	-0.46214	NAN	
8.06	-1.555	-0.985	0.0215	-0.4619625	NAN	
8.07	-1.545	-0.9795	0.016	-0.461775	NAN	
8.08	-1.54	-0.975	0.02	-0.461595	NAN	
8.09	-1.53	-0.97	0.0175	-0.4614075	NAN	
8.1	-1.52	-0.965	0.0205	-0.4612175	NAN	
8.11	-1.515	-0.96	0.017	-0.46103	NAN	
8.12	-1.505	-0.9555	0.0245	-0.4608225	NAN	
8.13	-1.5	-0.95	0.0185	-0.4606075	NAN	
8.14	-1.49	-0.9455	0.0245	-0.4603925	NAN	
8.15	-1.48	-0.9405	0.017	-0.460185	NAN	
8.16	-1.475	-0.936	0.025	-0.459975	NAN	
8.17	-1.465	-0.9305	0.0245	-0.4597275	NAN	
8.18	-1.46	-0.9265	0.025	-0.45948	NAN	
8.19	-1.45	-0.921	0.022	-0.459245	NAN	
8.2	-1.44	-0.917	0.026	-0.459005	NAN	
8.21	-1.435	-0.911	0.024	-0.458755	NAN	
8.22	-1.425	-0.907	0.0295	-0.4584875	NAN	
8.23	-1.42	-0.9015	0.0235	-0.4582225	NAN	
8.24	-1.41	-0.8975	0.0305	-0.4579525	NAN	
8.25	-1.4	-0.8915	0.0235	-0.4576825	NAN	
8.26	-1.395	-0.887	0.029	-0.45742	NAN	
8.27	-1.385	-0.882	0.0265	-0.4571425	NAN	
8.28	-1.38	-0.8765	0.0285	-0.4568675	NAN	
8.29	-1.37	-0.872	0.0255	-0.4565975	NAN	
8.3	-1.36	-0.867	0.026	-0.45634	NAN	
8.31	-1.355	-0.8625	0.024	-0.45609	NAN	
8.32	-1.345	-0.8575	0.0305	-0.4558175	NAN	
8.33	-1.34	-0.8525	0.0225	-0.4555525	NAN	
8.34	-1.33	-0.8485	0.028	-0.4553	NAN	
8.35	-1.32	-0.843	0.0225	-0.4550475	NAN	
8.36	-1.315	-0.838	0.0285	-0.4547925	NAN	
8.37	-1.305	-0.8335	0.0245	-0.4545275	NAN	
8.38	-1.3	-0.8285	0.026	-0.454275	NAN	
8.39	-1.29	-0.8235	0.024	-0.454025	NAN	
8.4	-1.28	-0.8195	0.0255	-0.4537775	NAN	
8.41	-1.275	-0.8145	0.0215	-0.4535425	NAN	
8.42	-1.265	-0.8095	0.028	-0.453295	NAN	
8.43	-1.26	-0.805	0.0245	-0.4530325	NAN	
8.44	-1.25	-0.8	0.03	-0.45276	NAN	
8.45	-1.24	-0.7955	0.0235	-0.4524925	NAN	
8.46	-1.235	-0.791	0.0305	-0.4522225	NAN	
8.47	-1.225	-0.786	0.0295	-0.4519225	NAN	
8.48	-1.22	-0.7815	0.0315	-0.4516175	NAN	
8.49	-1.21	-0.7765	0.0295	-0.4513125	NAN	
8.5	-1.2	-0.772	0.032	-0.451005	NAN	
8.51	-1.195	-0.7675	0.0315	-0.4506875	NAN	
8.52	-1.185	-0.763	0.036	-0.45035	NAN	
8.53	-1.18	-0.758	0.0305	-0.4500175	NAN	
8.54	-1.17	-0.7535	0.0375	-0.4496775	NAN	
8.55	-1.16	-0.7485	0.0315	-0.4493325	NAN	
8.56	-1.155	-0.7435	0.036	-0.448995	NAN	
8.57	-1.145	-0.739	0.0345	-0.4486425	NAN	
8.58	-1.14	-0.7345	0.036	-0.44829	NAN	
8.59	-1.13	-0.7295	0.0345	-0.4479375	NAN	
8.6	-1.12	-0.725	0.034	-0.447595	NAN	
8.61	-1.115	-0.7205	0.0335	-0.4472575	NAN	
8.62	-1.105	-0.7155	0.0385	-0.4468975	NAN	
8.63	-1.1	-0.7105	0.032	-0.446545	NAN	
8.64	-1.09	-0.7065	0.035	-0.44621	NAN	
8.65	-1.08	-0.7015	0.03	-0.445885	NAN	
8.66	-1.075	-0.697	0.0355	-0.4455575	NAN	
8.67	-1.065	-0.6925	0.0335	-0.4452125	NAN	
8.68	-1.06	-0.6875	0.0345	-0.4448725	NAN	
8.69	-1.05	-0.683	0.034	-0.44453	NAN	
8.7	-1.04	-0.6785	0.035	-0.444185	NAN	
8.71	-1.035	-0.6735	0.032	-0.44385	NAN	
8.72	-1.025	-0.6695	0.0385	-0.4434975	NAN	
8.73	-1.02	-0.6645	0.0345	-0.4431325	NAN	
8.74	-1.01	-0.66	0.039	-0.442765	NAN	
8.75	-1	-0.655	0.0345	-0.4423975	NAN	
8.76	-0.995	-0.6505	0.0395	-0.4420275	NAN	
8.77	-0.985	-0.6455	0.0405	-0.4416275	NAN	
8.78	-0.98	-0.641	0.0415	-0.4412175	NAN	
8.79	-0.97	-0.6365	0.0405	-0.4408075	NAN	
8.8	-0.96	-0.632	0.042	-0.440395	NAN	
8.81	-0.955	-0.627	0.0415	-0.4399775	NAN	
8.82	-0.945	-0.623	0.047	-0.439535	NAN	
8.83	-0.94	-0.618	0.042	-0.43909	NAN	
8.84	-0.93	-0.6135	0.048	-0.43864	NAN	
8.85	-0.92	-0.609	0.044	-0.43818	NAN	
8.86	-0.915	-0.6045	0.0475	-0.4377225	NAN	
8.87	-0.905	-0.5995	0.047	-0.43725	NAN	
8.88	-0.9	-0.5945	0.047	-0.43678	NAN	
8.89	-0.89	-0.5905	0.047	-0.43631	NAN	
8.9	-0.88	-0.5855	0.046	-0.435845	NAN	
8.91	-0.875	-0.581	0.0465	-0.4353825	NAN	
8.92	-0.865	-0.5765	0.05	-0.4349	NAN	
8.93	-0.86	-0.5715	0.046	-0.43442	NAN	
8.94	-0.85	-0.567	0.048	-0.43395	NAN	
8.95	-0.84	-0.5625	0.044	-0.43349	NAN	
8.96	-0.835	-0.558	0.049	-0.433025	NAN	
8.97	-0.825	-0.5535	0.0495	-0.4325325	NAN	
8.98	-0.82	-0.5485	0.047	-0.43205	NAN	
8.99	-0.81	-0.544	0.0495	-0.4315675	NAN	
9	-0.8	-0.5395	0.049	-0.431075	NAN	
9.01	-0.795	-0.535	0.051	-0.430575	NAN	
9.02	-0.785	-0.5305	0.0545	-0.4300475	NAN	
9.03	-0.78	-0.5255	0.053	-0.42951	NAN	
9.04	-0.77	-0.521	0.0565	-0.4289625	NAN	
9.05	-0.76	-0.5165	0.054	-0.42841	NAN	
9.06	-0.755	-0.5125	0.056	-0.42786	NAN	
9.07	-0.745	-0.5075	0.061	-0.427275	NAN	
9.08	-0.74	-0.503	0.06	-0.42667	NAN	
9.09	-0.73	-0.4985	0.061	-0.426065	NAN	
9.1	-0.72	-0.4945	0.059	-0.425465	NAN	
9.11	-0.715	-0.4895	0.061	-0.424865	NAN	
9.12	-0.705	-0.485	0.064	-0.42424	NAN	
9.13	-0.7	-0.4805	0.0605	-0.4236175	NAN	
9.14	-0.69	-0.476	0.0615	-0.4230075	NAN	
9.15	-0.68	-0.4715	0.06	-0.4224	NAN	
9.16	-0.675	-0.467	0.063	-0.421785	NAN	
9.17	-0.665	-0.4625	0.0635	-0.4211525	NAN	
9.18	-0.66	-0.458	0.0615	-0.4205275	NAN	
9.19	-0.65	-0.4535	0.0645	-0.4198975	NAN	
9.2	-0.64	-0.449	0.0625	-0.4192625	NAN	
9.21	-0.635	-0.445	0.0625	-0.4186375	NAN	
9.22	-0.625	-0.4405	0.066	-0.417995	NAN	
9.23	-0.62	-0.436	0.066	-0.417335	NAN	
9.24	-0.61	-0.4315	0.068	-0.416665	NAN	
9.25	-0.6	-0.427	0.0665	-0.4159925	NAN	
9.26	-0.595	-0.423	0.0695	-0.4153125	NAN	
9.27	-0.585	-0.4185	0.074	-0.414595	NAN	
9.28	-0.58	-0.414	0.072	-0.413865	NAN	
9.29	-0.57	-0.4095	0.075	-0.41313	NAN	
9.3	-0.56	-0.405	0.074	-0.412385	NAN	
9.31	-0.555	-0.401	0.078	-0.411625	NAN	
9.32	-0.545	-0.397	0.0805	-0.4108325	NAN	
9.33	-0.54	-0.3925	0.0785	-0.4100375	NAN	
9.34	-0.53	-0.388	0.083	-0.40923	NAN	
9.35	-0.52	-0.3835	0.081	-0.40841	NAN	
9.36	-0.515	-0.379	0.082	-0.407595	NAN	
9.37	-0.505	-0.375	0.085	-0.40676	NAN	
9.38	-0.5	-0.371	0.0825	-0.4059225	NAN	
9.39	-0.49	-0.3665	0.086	-0.40508	NAN	
9.4	-0.48	-0.362	0.082	-0.40424	NAN	
9.41	-0.475	-0.3575	0.085	-0.403405	NAN	
9.42	-0.465	-0.3535	0.0865	-0.4025475	NAN	
9.43	-0.46	-0.3495	0.0855	-0.4016875	NAN	
9.44	-0.45	-0.345	0.086	-0.40083	NAN	
9.45	-0.44	-0.341	0.087	-0.399965	NAN	
9.46	-0.435	-0.3365	0.0895	-0.3990825	NAN	
9.47	-0.425	-0.3325	0.0945	-0.3981625	NAN	
9.48	-0.42	-0.328	0.0905	-0.3972375	NAN	
9.49	-0.41	-0.324	0.097	-0.3963	NAN	
9.5	-0.4	-0.3195	0.095	-0.39534	NAN	
9.51	-0.395	-0.3155	0.099	-0.39437	NAN	
9.52	-0.385	-0.3115	0.1015	-0.3933675	NAN	
9.53	-0.38	-0.3075	0.103	-0.392345	NAN	
9.54	-0.37	-0.303	0.1055	-0.3913025	NAN	
9.55	-0.36	-0.299	0.1045	-0.3902525	NAN	
9.56	-0.355	-0.295	0.1065	-0.3891975	NAN	
9.57	-0.345	-0.2905	0.111	-0.38811	NAN	
9.58	-0.34	-0.2865	0.108	-0.387015	NAN	
9.59	-0.33	-0.2825	0.11	-0.385925	NAN	
9.6	-0.32	-0.2785	0.1075	-0.3848375	NAN	
9.61	-0.315	-0.2745	0.1105	-0.3837475	NAN	
9.62	-0.305	-0.27	0.1115	-0.3826375	NAN	
9.63	-0.3	-0.266	0.111	-0.381525	NAN	
9.64	-0.29	-0.262	0.1125	-0.3804075	NAN	
9.65	-0.28	-0.258	0.115	-0.37927	NAN	
9.66	-0.275	-0.254	0.1185	-0.3781025	NAN	
9.67	-0.265	-0.25	0.122	-0.3769	NAN	
9.68	-0.26	-0.246	0.1225	-0.3756775	NAN	
9.69	-0.25	-0.242	0.128	-0.374425	NAN	
9.7	-0.24	-0.238	0.127	-0.37315	NAN	
9.71	-0.235	-0.234	0.13	-0.371865	NAN	
9.72	-0.225	-0.23	0.1345	-0.3705425	NAN	
9.73	-0.22	-0.226	0.1345	-0.3691975	NAN	
9.74	-0.21	-0.222	0.1335	-0.3678575	NAN	
9.75	-0.2	-0.218	0.1335	-0.3665225	NAN	
9.76	-0.195	-0.2145	0.1375	-0.3651675	NAN	
9.77	-0.185	-0.21	0.1405	-0.3637775	NAN	
9.78	-0.18	-0.2065	0.136	-0.362395	NAN	
9.79	-0.17	-0.2025	0.141	-0.36101	NAN	
9.8	-0.16	-0.1985	0.1385	-0.3596125	NAN	
9.81	-0.155	-0.1945	0.1455	-0.3581925	NAN	
9.82	-0.145	-0.1905	0.145	-0.35674	NAN	
9.83	-0.14	-0.1865	0.1475	-0.3552775	NAN	
9.84	-0.13	-0.183	0.1495	-0.3537925	NAN	
9.85	-0.12	-0.179	0.15	-0.352295	NAN	
9.86	-0.115	-0.1755	0.1535	-0.3507775	NAN	
9.87	-0.105	-0.1715	0.161	-0.349205	NAN	
9.88	-0.1	-0.1675	0.1575	-0.3476125	NAN	
9.89	-0.09	-0.1635	0.1655	-0.3459975	NAN	
9.9	-0.08	-0.1595	0.1605	-0.3443675	NAN	
9.91	-0.075	-0.1565	0.167	-0.34273	NAN	
9.92	-0.065	-0.1525	0.1685	-0.3410525	NAN	
9.93	-0.06	-0.1485	0.17	-0.33936	NAN	
9.94	-0.05	-0.145	0.169	-0.337665	NAN	
9.95	-0.04	-0.141	0.17	-0.33597	NAN	
9.96	-0.035	-0.137	0.171	-0.334265	NAN	
9.97	-0.025	-0.1335	0.1775	-0.3325225	NAN	
9.98	-0.02	-0.1295	0.173	-0.33077	NAN	
9.99	-0.01	-0.1255	0.1815	-0.3289975	NAN	
10	0	-0.122	0.1795	-0.3271925	NAN	
10.01	0.005	-0.118	0.186	-0.325365	NAN	
10.02	0.015	-0.115	0.1865	-0.3235025	NAN	
10.03	0.02	-0.111	0.1905	-0.3216175	NAN	
10.04	0.03	-0.107	0.1925	-0.3197025	NAN	
10.05	0.04	-0.1035	0.193	-0.317775	NAN	
10.06	0.045	-0.1	0.1935	-0.3158425	NAN	
10.07	0.055	-0.096	0.2	-0.313875	NAN	
10.08	0.06	-0.0925	0.1965	-0.3118925	NAN	
10.09	0.07	-0.089	0.202	-0.3099	NAN	
10.1	0.08	-0.0855	0.1965	-0.3079075	NAN	
10.11	0.085	-0.0815	0.205	-0.3059	NAN	
10.12	0.095	-0.078	0.2085	-0.3038325	NAN	
10.13	0.1	-0.0745	0.2095	-0.3017425	NAN	
10.14	0.11	-0.0705	0.212	-0.299635	NAN	
10.15	0.12	-0.067	0.217	-0.29749	NAN	
10.16	0.125	-0.0635	0.2185	-0.2953125	NAN	
10.17	0.135	-0.06	0.2255	-0.2930925	NAN	
10.18	0.14	-0.0565	0.222	-0.290855	NAN	
10.19	0.15	-0.053	0.228	-0.288605	NAN	
10.2	0.16	-0.0495	0.224	-0.286345	NAN	
10.21	0.165	-0.046	0.2275	-0.2840875	NAN	
10.22	0.175	-0.0425	0.2305	-0.2817975	NAN	
10.23	0.18	-0.039	0.2335	-0.2794775	NAN	
10.24	0.19	-0.0355	0.234	-0.27714	NAN	
10.25	0.2	-0.032	0.2375	-0.2747825	NAN	
10.26	0.205	-0.028	0.24	-0.272395	NAN	
10.27	0.215	-0.025	0.25	-0.269945	NAN	
10.28	0.22	-0.0215	0.2465	-0.2674625	NAN	
10.29	0.23	-0.018	0.2535	-0.2649625	NAN	
10.3	0.24	-0.0145	0.25	-0.262445	NAN	
10.31	0.245	-0.011	0.258	-0.259905	NAN	
10.32	0.255	-0.007	0.2555	-0.2573375	NAN	
10.33	0.26	-0.0045	0.259	-0.254765	NAN	
10.34	0.27	-0.001	0.261	-0.252165	NAN	
10.35	0.28	0.0025	0.2645	-0.2495375	NAN	
10.36	0.285	0.006	0.264	-0.246895	NAN	
10.37	0.295	0.0095	0.275	-0.2442	NAN	
10.38	0.3	0.013	0.2735	-0.2414575	NAN	
10.39	0.31	0.016	0.2825	-0.2386775	NAN	
10.4	0.32	0.0195	0.2785	-0.2358725	NAN	
10.41	0.325	0.0225	0.286	-0.23305	NAN	
10.42	0.335	0.0255	0.286	-0.23019	NAN	
10.43	0.34	0.029	0.2885	-0.2273175	NAN	
10.44	0.35	0.032	0.287	-0.22444	NAN	
10.45	0.36	0.035	0.292	-0.221545	NAN	
10.46	0.365	0.038	0.293	-0.21862	NAN	
10.47	0.375	0.0415	0.302	-0.215645	NAN	
10.48	0.38	0.0445	0.2985	-0.2126425	NAN	
10.49	0.39	0.0475	0.311	-0.209595	NAN	
10.5	0.4	0.0505	0.3085	-0.2064975	NAN	
10.51	0.405	0.053	0.3185	-0.2033625	NAN	
10.52	0.415	0.0555	0.318	-0.20018	NAN	
10.53	0.42	0.0585	0.3225	-0.1969775	NAN	
10.54	0.43	0.061	0.3235	-0.1937475	NAN	
10.55	0.44	0.0635	0.3265	-0.1904975	NAN	
10.56	0.445	0.0665	0.328	-0.187225	NAN	
10.57	0.455	0.0685	0.3395	-0.1838875	NAN	
10.58	0.46	0.071	0.3375	-0.1805025	NAN	
10.59	0.47	0.073	0.349	-0.17707	NAN	
10.6	0.48	0.0755	0.347	-0.17359	NAN	
10.61	0.485	0.078	0.3595	-0.1700575	NAN	
10.62	0.495	0.08	0.3615	-0.1664525	NAN	
10.63	0.5	0.082	0.364	-0.162825	NAN	
10.64	0.51	0.084	0.365	-0.15918	NAN	
10.65	0.52	0.086	0.372	-0.155495	NAN	
10.66	0.525	0.088	0.375	-0.15176	NAN	
10.67	0.535	0.09	0.386	-0.147955	NAN	
10.68	0.54	0.092	0.3865	-0.1440925	NAN	
10.69	0.55	0.094	0.3995	-0.1401625	NAN	
10.7	0.56	0.096	0.396	-0.136185	NAN	
10.71	0.565	0.0975	0.4045	-0.1321825	NAN	
10.72	0.575	0.0995	0.406	-0.12813	NAN	
10.73	0.58	0.101	0.4125	-0.1240375	NAN	
10.74	0.59	0.103	0.4155	-0.1198975	NAN	
10.75	0.6	0.1045	0.423	-0.115705	NAN	
10.76	0.605	0.1065	0.427	-0.111455	NAN	
10.77	0.615	0.1085	0.4405	-0.1071175	NAN	
10.78	0.62	0.11	0.4365	-0.1027325	NAN	
10.79	0.63	0.112	0.446	-0.09832	NAN	
10.8	0.64	0.1135	0.4425	-0.0938775	NAN	
10.81	0.645	0.1155	0.4525	-0.0894025	NAN	
10.82	0.655	0.1175	0.4545	-0.0848675	NAN	
10.83	0.66	0.119	0.464	-0.080275	NAN	
10.84	0.67	0.121	0.4685	-0.0756125	NAN	
10.85	0.68	0.123	0.4765	-0.0708875	NAN	
10.86	0.685	0.1245	0.476	-0.066125	NAN	
10.87	0.695	0.1265	0.487	-0.06131	NAN	
10.88	0.7	0.1285	0.483	-0.05646	NAN	
10.89	0.71	0.1305	0.497	-0.05156	NAN	
10.9	0.72	0.132	0.4945	-0.0466025	NAN	
10.91	0.725	0.134	0.509	-0.041585	NAN	
10.92	0.735	0.136	0.511	-0.036485	NAN	
10.93	0.74	0.138	0.5165	-0.0313475	NAN	
10.94	0.75	0.14	0.5145	-0.0261925	NAN	
10.95	0.76	0.142	0.522	-0.02101	NAN	
10.96	0.765	0.144	0.525	-0.015775	NAN	
10.97	0.775	0.146	0.539	-0.010455	NAN	
10.98	0.78	0.1485	0.535	-0.005085	NAN	
10.99	0.79	0.1505	0.549	0.000335	NAN	
11	0.8	0.153	0.543	0.005795	NAN	
11.01	0.805	0.155	0.5545	0.0112825	NAN	
11.02	0.815	0.157	0.5525	0.0168175	NAN	
11.03	0.82	0.1595	0.5605	0.0223825	NAN	
11.04	0.83	0.162	0.563	0.028	NAN	
11.05	0.84	0.1645	0.5725	0.0336775	NAN	
11.06	0.845	0.167	0.5715	0.0393975	NAN	
11.07	0.855	0.1695	0.5825	0.0451675	NAN	
11.08	0.86	0.172	0.5755	0.0509575	NAN	
11.09	0.87	0.1745	0.5865	0.0567675	NAN	
11.1	0.88	0.1775	0.5815	0.0626075	NAN	
11.11	0.885	0.18	0.5955	0.0684925	NAN	
11.12	0.895	0.183	0.5975	0.0744575	NAN	
11.13	0.9	0.1855	0.603	0.08046	NAN	
11.14	0.91	0.1885	0.5995	0.0864725	NAN	
11.15	0.92	0.1915	0.6045	0.0924925	NAN	
11.16	0.925	0.195	0.6055	0.0985425	NAN	
11.17	0.935	0.198	0.6155	0.1046475	NAN	
11.18	0.94	0.2015	0.612	0.110785	NAN	
11.19	0.95	0.2045	0.624	0.116965	NAN	
11.2	0.96	0.2085	0.615	0.12316	NAN	
11.21	0.965	0.212	0.621	0.12934	NAN	
11.22	0.975	0.2155	0.6185	0.1355375	NAN	
11.23	0.98	0.2195	0.6265	0.1417625	NAN	
11.24	0.99	0.223	0.6265	0.1480275	NAN	
11.25	1	0.2275	0.6285	0.1543025	NAN	
11.26	1.005	0.2315	0.6235	0.1605625	NAN	
11.27	1.015	0.236	0.631	0.166835	NAN	
11.28	1.02	0.24	0.625	0.173115	NAN	
11.29	1.03	0.245	0.6335	0.1794075	NAN	
11.3	1.04	0.2495	0.6265	0.1857075	NAN	
11.31	1.045	0.255	0.634	0.19201	NAN	
11.32	1.055	0.26	0.626	0.19831	NAN	
11.33	1.06	0.2655	0.626	0.20457	NAN	
11.34	1.07	0.271	0.6225	0.2108125	NAN	
11.35	1.08	0.277	0.6265	0.2170575	NAN	
11.36	1.085	0.2835	0.619	0.223285	NAN	
11.37	1.095	0.29	0.622	0.22949	NAN	
11.38	1.1	0.297	0.6085	0.2356425	NAN	
11.39	1.11	0.304	0.6115	0.2417425	NAN	
11.4	1.12	0.3115	0.598	0.24779	NAN	
11.41	1.125	0.319	0.604	0.2538	NAN	
11.42	1.135	0.327	0.5975	0.2598075	NAN	
11.43	1.14	0.335	0.5945	0.2657675	NAN	
11.44	1.15	0.343	0.5805	0.2716425	NAN	
11.45	1.16	0.3515	0.578	0.277435	NAN	
11.46	1.165	0.3605	0.5675	0.2831625	NAN	
11.47	1.175	0.369	0.572	0.28886	NAN	
11.48	1.18	0.3775	0.556	0.2945	NAN	
11.49	1.19	0.3865	0.558	0.30007	NAN	
11.5	1.2	0.3955	0.543	0.305575	NAN	
11.51	1.205	0.405	0.541	0.310995	NAN	
11.52	1.215	0.4145	0.5275	0.3163375	NAN	
11.53	1.22	0.4235	0.5255	0.3216025	NAN	
11.54	1.23	0.433	0.5145	0.3268025	NAN	
11.55	1.24	0.4425	0.511	0.33193	NAN	
11.56	1.245	0.4525	0.4995	0.3369825	NAN	
11.57	1.255	0.4625	0.5	0.34198	NAN	
11.58	1.26	0.4725	0.4815	0.3468875	NAN	
11.59	1.27	0.4825	0.4775	0.3516825	NAN	
11.6	1.28	0.493	0.459	0.356365	NAN	
11.61	1.285	0.503	0.46	0.36096	NAN	
11.62	1.295	0.5135	0.4485	0.3655025	NAN	
11.63	1.3	0.524	0.4425	0.3699575	NAN	
11.64	1.31	0.535	0.43	0.37432	NAN	
11.65	1.32	0.5455	0.4225	0.3785825	NAN	
11.66	1.325	0.5565	0.4065	0.3827275	NAN	
11.67	1.335	0.5675	0.4035	0.3867775	NAN	
11.68	1.34	0.5785	0.385	0.39072	NAN	
11.69	1.35	0.5895	0.3845	0.3945675	NAN	
11.7	1.36	0.601	0.366	0.39832	NAN	
11.71	1.365	0.6125	0.3655	0.4019775	NAN	
11.72	1.375	0.6235	0.3515	0.4055625	NAN	
11.73	1.38	0.635	0.345	0.409045	NAN	
11.74	1.39	0.6465	0.3255	0.4123975	NAN	
11.75	1.4	0.6575	0.32	0.415625	NAN	
11.76	1.405	0.669	0.3055	0.4187525	NAN	
11.77	1.415	0.6805	0.3015	0.4217875	NAN	
11.78	1.42	0.6915	0.281	0.4247	NAN	
11.79	1.43	0.703	0.281	0.42751	NAN	
11.8	1.44	0.7145	0.264	0.430235	NAN	
11.81	1.445	0.7255	0.263	0.43287	NAN	
11.82	1.455	0.7365	0.2485	0.4354275	NAN	
11.83	1.46	0.7475	0.244	0.43789	NAN	
11.84	1.47	0.7585	0.2305	0.4402625	NAN	
11.85	1.48	0.7695	0.2215	0.4425225	NAN	
11.86	1.485	0.78	0.208	0.44467	NAN	
11.87	1.495	0.7905	0.207	0.446745	NAN	
11.88	1.5	0.801	0.189	0.448725	NAN	
11.89	1.51	0.811	0.187	0.450605	NAN	
11.9	1.52	0.82	0.171	0.452395	NAN	
11.91	1.525	0.8305	0.173	0.454115	NAN	
11.92	1.535	0.8405	0.161	0.455785	NAN	
11.93	1.54	0.8495	0.1575	0.4573775	NAN	
11.94	1.55	0.859	0.149	0.45891	NAN	
11.95	1.56	0.868	0.1475	0.4603925	NAN	
11.96	1.565	0.8775	0.1375	0.4618175	NAN	
11.97	1.575	0.8855	0.14	0.463205	NAN	
11.98	1.58	0.8935	0.126	0.464535	NAN	
11.99	1.59	0.902	0.1305	0.4658175	NAN	
12	1.6	0.91	0.1145	0.4670425	NAN	
12.01	1.605	0.918	0.115	0.46819	NAN	
12.02	1.615	0.925	0.106	0.469295	NAN	
12.03	1.62	0.9325	0.106	0.470355	NAN	
12.04	1.63	0.94	0.095	0.47136	NAN	
12.05	1.64	0.947	0.0955	0.4723125	NAN	
12.06	1.645	0.954	0.087	0.473225	NAN	
12.07	1.655	0.9605	0.093	0.474125	NAN	
12.08	1.66	0.967	0.0805	0.4749925	NAN	
12.09	1.67	0.9735	0.086	0.475825	NAN	
12.1	1.68	0.98	0.0755	0.4766325	NAN	
12.11	1.685	0.9865	0.0825	0.4774225	NAN	
12.12	1.695	0.993	0.0745	0.4782075	NAN	
12.13	1.7	0.9985	0.0775	0.4789675	NAN	
12.14	1.71	1.005	0.072	0.479715	NAN	
12.15	1.72	1.011	0.075	0.48045	NAN	
12.16	1.725	1.0165	0.067	0.48116	NAN	
12.17	1.735	1.02	0.0745	0.4818675	NAN	
12.18	1.74	1.02	0.0645	0.4825625	NAN	
12.19	1.75	1.02	0.072	0.483245	NAN	
12.2	1.76	1.02	0.0605	0.4839075	NAN	
12.21	1.765	1.02	0.069	0.484555	NAN	
12.22	1.775	1.02	0.063	0.485215	NAN	
12.23	1.78	1.02	0.0645	0.4858525	NAN	
12.24	1.79	1.02	0.0575	0.4864625	NAN	
12.25	1.8	1.02	0.0615	0.4870575	NAN	
12.26	1.805	1.02	0.055	0.48764	NAN	
12.27	1.815	1.02	0.0605	0.4882175	NAN	
12.28	1.82	1.02	0.0505	0.4887725	NAN	
12.29	1.83	1.02	0.0585	0.4893175	NAN	
12.3	1.84	1.02	0.0475	0.4898475	NAN	
12.31	1.845	1.02	0.054	0.490355	NAN	
12.32	1.855	1.02	0.0485	0.4908675	NAN	
12.33	1.86	1.02	0.0535	0.4913775	NAN	
12.34	1.87	1.02	0.0485	0.4918875	NAN	
12.35	1.88	1.02	0.0515	0.4923875	NAN	
12.36	1.885	1.02	0.0465	0.4928775	NAN	
12.37	1.895	1.02	0.0555	0.4933875	NAN	
12.38	1.9	1.02	0.0455	0.4938925	NAN	
12.39	1.91	1.02	0.0005	0.4941225	NAN	
12.4	1.92	1.02	0.009	0.49417	NAN	
12.41	1.925	1.02	-0.001	0.49421	NAN	
12.42	1.935	1.02	-0.001	0.4942	NAN	
12.43	1.94	1.02	-0.002	0.494185	NAN	
12.44	1.95	1.02	-0.0085	0.4941325	NAN	
12.45	1.96	1.02	0.0025	0.4941025	NAN	
12.46	1.965	1.02	-0.007	0.49408	NAN	
12.47	1.975	1.02	-0.005	0.49402	NAN	
12.48	1.98	1.02	-0.0055	0.4939675	NAN	
12.49	1.99	1.02	-0.001	0.493935	NAN	
12.5	2	1.02	-0.0085	0.4938875	NAN	
