MIN=0	-10	-1	-1	-2	0	
MAX=12.5	10	1	1	2	50	
SCALE=5	5	0.5	0.5	1	10	
DEC=2	2	3	3	2	2	
DEF="Time" t / s	"Voltage" U_1 / V	"Current" I_1 / A	"Voltage" U_B2 / V	"Magnetic Flux" &F / Vs	"Frequency" f / Hz	
0	0	0.001	-0.004	0	NAN	
0.01	0.005	0	0.01	3E-5	NAN	
0.02	0.015	0.0015	0.01	0.00013	NAN	
0.03	0.02	0.003	0.0185	0.0002725	NAN	
0.04	0.03	0.005	0.0145	0.0004375	NAN	
0.05	0.04	0.0065	0.024	0.00063	NAN	
0.06	0.045	0.009	0.019	0.000845	NAN	
0.07	0.055	0.012	0.0335	0.0011075	NAN	
0.08	0.06	0.0155	0.029	0.00142	NAN	
0.09	0.07	0.0175	0.0425	0.0017775	NAN	
0.1	0.08	0.0205	0.0375	0.0021775	NAN	
0.11	0.085	0.024	0.047	0.0026	NAN	
0.12	0.095	0.026	0.044	0.003055	NAN	
0.13	0.1	0.0315	0.047	0.00351	NAN	
0.14	0.11	0.0355	0.0445	0.0039675	NAN	
0.15	0.12	0.0385	0.05	0.00444	NAN	
0.16	0.125	0.0425	0.05	0.00494	NAN	
0.17	0.135	0.046	0.06	0.00549	NAN	
0.18	0.14	0.05	0.0555	0.0060675	NAN	
0.19	0.15	0.054	0.064	0.006665	NAN	
0.2	0.16	0.058	0.0555	0.0072625	NAN	
0.21	0.165	0.0625	0.0625	0.0078525	NAN	
0.22	0.175	0.066	0.059	0.00846	NAN	
0.23	0.18	0.07	0.065	0.00908	NAN	
0.24	0.19	0.0745	0.062	0.009715	NAN	
0.25	0.2	0.079	0.0695	0.0103725	NAN	
0.26	0.205	0.0825	0.067	0.011055	NAN	
0.27	0.215	0.087	0.0765	0.0117725	NAN	
0.28	0.22	0.0915	0.066	0.012485	NAN	
0.29	0.23	0.096	0.0745	0.0131875	NAN	
0.3	0.24	0.1	0.065	0.013885	NAN	
0.31	0.245	0.1045	0.0755	0.0145875	NAN	
0.32	0.255	0.109	0.0735	0.0153325	NAN	
0.33	0.26	0.113	0.08	0.0161	NAN	
0.34	0.27	0.117	0.0785	0.0168925	NAN	
0.35	0.28	0.122	0.081	0.01769	NAN	
0.36	0.285	0.1265	0.077	0.01848	NAN	
0.37	0.295	0.1305	0.083	0.01928	NAN	
0.38	0.3	0.135	0.0765	0.0200775	NAN	
0.39	0.31	0.1395	0.083	0.020875	NAN	
0.4	0.32	0.144	0.081	0.021695	NAN	
0.41	0.325	0.148	0.087	0.022535	NAN	
0.42	0.335	0.1525	0.0875	0.0234075	NAN	
0.43	0.34	0.157	0.088	0.024285	NAN	
0.44	0.35	0.161	0.084	0.025145	NAN	
0.45	0.36	0.1655	0.086	0.025995	NAN	
0.46	0.365	0.17	0.085	0.02685	NAN	
0.47	0.375	0.1745	0.0935	0.0277425	NAN	
0.48	0.38	0.1785	0.089	0.028655	NAN	
0.49	0.39	0.183	0.0975	0.0295875	NAN	
0.5	0.4	0.1875	0.0895	0.0305225	NAN	
0.51	0.405	0.192	0.097	0.031455	NAN	
0.52	0.415	0.1965	0.092	0.0324	NAN	
0.53	0.42	0.2005	0.0955	0.0333375	NAN	
0.54	0.43	0.205	0.0935	0.0342825	NAN	
0.55	0.44	0.209	0.1005	0.0352525	NAN	
0.56	0.445	0.2135	0.0975	0.0362425	NAN	
0.57	0.455	0.218	0.1065	0.0372625	NAN	
0.58	0.46	0.222	0.096	0.038275	NAN	
0.59	0.47	0.2265	0.104	0.039275	NAN	
0.6	0.48	0.231	0.096	0.040275	NAN	
0.61	0.485	0.235	0.106	0.041285	NAN	
0.62	0.495	0.2395	0.1045	0.0423375	NAN	
0.63	0.5	0.2435	0.11	0.04341	NAN	
0.64	0.51	0.248	0.108	0.0445	NAN	
0.65	0.52	0.2525	0.1085	0.0455825	NAN	
0.66	0.525	0.2565	0.106	0.046655	NAN	
0.67	0.535	0.261	0.1105	0.0477375	NAN	
0.68	0.54	0.2655	0.1065	0.0488225	NAN	
0.69	0.55	0.2695	0.1135	0.0499225	NAN	
0.7	0.56	0.274	0.1115	0.0510475	NAN	
0.71	0.565	0.278	0.118	0.052195	NAN	
0.72	0.575	0.2825	0.116	0.053365	NAN	
0.73	0.58	0.2865	0.114	0.054515	NAN	
0.74	0.59	0.291	0.115	0.05566	NAN	
0.75	0.6	0.2955	0.1155	0.0568125	NAN	
0.76	0.605	0.3	0.1185	0.0579825	NAN	
0.77	0.615	0.304	0.1265	0.0592075	NAN	
0.78	0.62	0.3085	0.1205	0.0604425	NAN	
0.79	0.63	0.3125	0.125	0.06167	NAN	
0.8	0.64	0.317	0.117	0.06288	NAN	
0.81	0.645	0.3215	0.1225	0.0640775	NAN	
0.82	0.655	0.3255	0.122	0.0653	NAN	
0.83	0.66	0.33	0.1275	0.0665475	NAN	
0.84	0.67	0.334	0.1265	0.0678175	NAN	
0.85	0.68	0.3385	0.1295	0.0690975	NAN	
0.86	0.685	0.343	0.1255	0.0703725	NAN	
0.87	0.695	0.3475	0.132	0.07166	NAN	
0.88	0.7	0.3515	0.125	0.072945	NAN	
0.89	0.71	0.356	0.133	0.074235	NAN	
0.9	0.72	0.361	0.129	0.075545	NAN	
0.91	0.725	0.3655	0.137	0.076875	NAN	
0.92	0.735	0.3695	0.137	0.078245	NAN	
0.93	0.74	0.374	0.1355	0.0796075	NAN	
0.94	0.75	0.3785	0.134	0.080955	NAN	
0.95	0.76	0.383	0.1325	0.0822875	NAN	
0.96	0.765	0.3875	0.1335	0.0836175	NAN	
0.97	0.775	0.3925	0.14	0.084985	NAN	
0.98	0.78	0.397	0.1365	0.0863675	NAN	
0.99	0.79	0.4015	0.1425	0.0877625	NAN	
1	0.8	0.4065	0.1385	0.0891675	NAN	
1.01	0.805	0.411	0.1415	0.0905675	NAN	
1.02	0.815	0.4155	0.139	0.09197	NAN	
1.03	0.82	0.42	0.1395	0.0933625	NAN	
1.04	0.83	0.425	0.1395	0.0947575	NAN	
1.05	0.84	0.43	0.143	0.09617	NAN	
1.06	0.845	0.4345	0.141	0.09759	NAN	
1.07	0.855	0.4395	0.1485	0.0990375	NAN	
1.08	0.86	0.444	0.139	0.100475	NAN	
1.09	0.87	0.449	0.1445	0.1018925	NAN	
1.1	0.88	0.454	0.1355	0.1032925	NAN	
1.11	0.885	0.459	0.144	0.10469	NAN	
1.12	0.895	0.464	0.1435	0.1061275	NAN	
1.13	0.9	0.469	0.147	0.10758	NAN	
1.14	0.91	0.474	0.145	0.10904	NAN	
1.15	0.92	0.479	0.1455	0.1104925	NAN	
1.16	0.925	0.484	0.1405	0.1119225	NAN	
1.17	0.935	0.4895	0.144	0.113345	NAN	
1.18	0.94	0.4945	0.138	0.114755	NAN	
1.19	0.95	0.4995	0.1435	0.1161625	NAN	
1.2	0.96	0.5045	0.14	0.11758	NAN	
1.21	0.965	0.51	0.1435	0.1189975	NAN	
1.22	0.975	0.5155	0.141	0.12042	NAN	
1.23	0.98	0.521	0.1385	0.1218175	NAN	
1.24	0.99	0.526	0.136	0.12319	NAN	
1.25	1	0.5315	0.134	0.12454	NAN	
1.26	1.005	0.537	0.1335	0.1258775	NAN	
1.27	1.015	0.5425	0.14	0.127245	NAN	
1.28	1.02	0.5475	0.1345	0.1286175	NAN	
1.29	1.03	0.553	0.1385	0.1299825	NAN	
1.3	1.04	0.5585	0.13	0.131325	NAN	
1.31	1.045	0.5645	0.134	0.132645	NAN	
1.32	1.055	0.5695	0.1295	0.1339625	NAN	
1.33	1.06	0.5755	0.129	0.135255	NAN	
1.34	1.07	0.581	0.1255	0.1365275	NAN	
1.35	1.08	0.5865	0.13	0.137805	NAN	
1.36	1.085	0.5915	0.125	0.13908	NAN	
1.37	1.095	0.5975	0.132	0.140365	NAN	
1.38	1.1	0.603	0.119	0.14162	NAN	
1.39	1.11	0.6085	0.1245	0.1428375	NAN	
1.4	1.12	0.6145	0.114	0.14403	NAN	
1.41	1.125	0.62	0.1225	0.1452125	NAN	
1.42	1.135	0.6255	0.1185	0.1464175	NAN	
1.43	1.14	0.631	0.1225	0.1476225	NAN	
1.44	1.15	0.637	0.116	0.148815	NAN	
1.45	1.16	0.6425	0.1165	0.1499775	NAN	
1.46	1.165	0.648	0.11	0.15111	NAN	
1.47	1.175	0.6535	0.1155	0.1522375	NAN	
1.48	1.18	0.6595	0.107	0.15335	NAN	
1.49	1.19	0.665	0.114	0.154455	NAN	
1.5	1.2	0.6705	0.1085	0.1555675	NAN	
1.51	1.205	0.676	0.1125	0.1566725	NAN	
1.52	1.215	0.6815	0.106	0.157765	NAN	
1.53	1.22	0.6875	0.1065	0.1588275	NAN	
1.54	1.23	0.693	0.101	0.159865	NAN	
1.55	1.24	0.6985	0.102	0.16088	NAN	
1.56	1.245	0.704	0.101	0.161895	NAN	
1.57	1.255	0.7095	0.109	0.162945	NAN	
1.58	1.26	0.715	0.101	0.163995	NAN	
1.59	1.27	0.7205	0.1025	0.1650125	NAN	
1.6	1.28	0.726	0.0905	0.1659775	NAN	
1.61	1.285	0.7315	0.095	0.166905	NAN	
1.62	1.295	0.7365	0.092	0.16784	NAN	
1.63	1.3	0.7425	0.0955	0.1687775	NAN	
1.64	1.31	0.748	0.0935	0.1697225	NAN	
1.65	1.32	0.7535	0.0955	0.1706675	NAN	
1.66	1.325	0.7585	0.0905	0.1715975	NAN	
1.67	1.335	0.764	0.0955	0.1725275	NAN	
1.68	1.34	0.77	0.0835	0.1734225	NAN	
1.69	1.35	0.7755	0.0895	0.1742875	NAN	
1.7	1.36	0.7805	0.0825	0.1751475	NAN	
1.71	1.365	0.786	0.0915	0.1760175	NAN	
1.72	1.375	0.7915	0.0875	0.1769125	NAN	
1.73	1.38	0.797	0.091	0.177805	NAN	
1.74	1.39	0.802	0.083	0.178675	NAN	
1.75	1.4	0.808	0.0855	0.1795175	NAN	
1.76	1.405	0.8135	0.0775	0.1803325	NAN	
1.77	1.415	0.8185	0.085	0.181145	NAN	
1.78	1.42	0.824	0.0765	0.1819525	NAN	
1.79	1.43	0.8295	0.0865	0.1827675	NAN	
1.8	1.44	0.8345	0.077	0.183585	NAN	
1.81	1.445	0.84	0.085	0.184395	NAN	
1.82	1.455	0.8455	0.079	0.185215	NAN	
1.83	1.46	0.851	0.08	0.18601	NAN	
1.84	1.47	0.856	0.074	0.18678	NAN	
1.85	1.48	0.8615	0.074	0.18752	NAN	
1.86	1.485	0.867	0.071	0.188245	NAN	
1.87	1.495	0.8725	0.079	0.188995	NAN	
1.88	1.5	0.8775	0.073	0.189755	NAN	
1.89	1.51	0.883	0.0795	0.1905175	NAN	
1.9	1.52	0.888	0.0705	0.1912675	NAN	
1.91	1.525	0.8935	0.075	0.191995	NAN	
1.92	1.535	0.899	0.0705	0.1927225	NAN	
1.93	1.54	0.9045	0.071	0.19343	NAN	
1.94	1.55	0.9095	0.0665	0.1941175	NAN	
1.95	1.56	0.915	0.0715	0.1948075	NAN	
1.96	1.565	0.9205	0.067	0.1955	NAN	
1.97	1.575	0.9255	0.0765	0.1962175	NAN	
1.98	1.58	0.931	0.065	0.196925	NAN	
1.99	1.59	0.936	0.074	0.19762	NAN	
2	1.6	0.941	0.0605	0.1982925	NAN	
2.01	1.605	0.9465	0.067	0.19893	NAN	
2.02	1.615	0.9515	0.0595	0.1995625	NAN	
2.03	1.62	0.9565	0.064	0.20018	NAN	
2.04	1.63	0.9615	0.0605	0.2008025	NAN	
2.05	1.64	0.967	0.067	0.20144	NAN	
2.06	1.645	0.972	0.062	0.202085	NAN	
2.07	1.655	0.977	0.0695	0.2027425	NAN	
2.08	1.66	0.9825	0.058	0.20338	NAN	
2.09	1.67	0.9875	0.063	0.203985	NAN	
2.1	1.68	0.9925	0.0535	0.2045675	NAN	
2.11	1.685	0.9975	0.0605	0.2051375	NAN	
2.12	1.695	1.0025	0.0575	0.2057275	NAN	
2.13	1.7	1.0075	0.062	0.206325	NAN	
2.14	1.71	1.0125	0.0585	0.2069275	NAN	
2.15	1.72	1.0175	0.0615	0.2075275	NAN	
2.16	1.725	1.02	0.0565	0.2081175	NAN	
2.17	1.735	1.02	0.061	0.208705	NAN	
2.18	1.74	1.02	0.0495	0.2092575	NAN	
2.19	1.75	1.02	0.058	0.209795	NAN	
2.2	1.76	1.02	0.05	0.210335	NAN	
2.21	1.765	1.02	0.06	0.210885	NAN	
2.22	1.775	1.02	0.055	0.21146	NAN	
2.23	1.78	1.02	0.0605	0.2120375	NAN	
2.24	1.79	1.02	0.052	0.2126	NAN	
2.25	1.8	1.02	0.0565	0.2131425	NAN	
2.26	1.805	1.02	0.0485	0.2136675	NAN	
2.27	1.815	1.02	0.057	0.214195	NAN	
2.28	1.82	1.02	0.047	0.214715	NAN	
2.29	1.83	1.02	0.057	0.215235	NAN	
2.3	1.84	1.02	0.048	0.21576	NAN	
2.31	1.845	1.02	0.0595	0.2162975	NAN	
2.32	1.855	1.02	0.0525	0.2168575	NAN	
2.33	1.86	1.02	0.0565	0.2174025	NAN	
2.34	1.87	1.02	0.049	0.21793	NAN	
2.35	1.88	1.02	0.0495	0.2184225	NAN	
2.36	1.885	1.02	0.047	0.218905	NAN	
2.37	1.895	1.02	0.0545	0.2194125	NAN	
2.38	1.9	1.02	0.0475	0.2199225	NAN	
2.39	1.91	1.02	-0.0045	0.2201375	NAN	
2.4	1.92	1.02	0.0545	0.2203875	NAN	
2.41	1.925	1.02	0.001	0.220665	NAN	
2.42	1.935	1.02	0.015	0.220745	NAN	
2.43	1.94	1.02	-0.0095	0.2207725	NAN	
2.44	1.95	1.02	0.014	0.220795	NAN	
2.45	1.96	1.02	-0.0015	0.2208575	NAN	
2.46	1.965	1.02	0.0135	0.2209175	NAN	
2.47	1.975	1.02	0.002	0.220995	NAN	
2.48	1.98	1.02	0.01	0.221055	NAN	
2.49	1.99	1.02	-0.0055	0.2210775	NAN	
2.5	2	1.02	0.0065	0.2210825	NAN	
2.51	1.995	1.02	-0.0035	0.2210975	NAN	
2.52	1.985	1.02	0.012	0.22114	NAN	
2.53	1.98	1.02	0.0015	0.2212075	NAN	
2.54	1.97	1.02	0.016	0.221295	NAN	
2.55	1.96	1.02	0	0.221375	NAN	
2.56	1.955	1.02	0.0095	0.2214225	NAN	
2.57	1.945	1.02	-0.004	0.22145	NAN	
2.58	1.94	1.02	0.007	0.221465	NAN	
2.59	1.93	1.02	-0.0075	0.2214625	NAN	
2.6	1.92	1.02	0.014	0.221495	NAN	
2.61	1.915	1.02	-0.004	0.221545	NAN	
2.62	1.905	1.02	0.007	0.22156	NAN	
2.63	1.9	1.02	-0.0035	0.2215775	NAN	
2.64	1.89	1.02	0.0055	0.2215875	NAN	
2.65	1.88	1.02	-0.006	0.221585	NAN	
2.66	1.875	1.02	0.0165	0.2216375	NAN	
2.67	1.865	1.02	-0.0015	0.2217125	NAN	
2.68	1.86	1.02	0.0095	0.2217525	NAN	
2.69	1.85	1.02	0.001	0.221805	NAN	
2.7	1.84	1.02	-0.0025	0.2217975	NAN	
2.71	1.835	1.02	-0.0035	0.2217675	NAN	
2.72	1.825	1.02	-0.013	0.221685	NAN	
2.73	1.82	1.02	-0.0045	0.2215975	NAN	
2.74	1.81	1.02	-0.0125	0.2215125	NAN	
2.75	1.8	1.02	-0.006	0.22142	NAN	
2.76	1.795	1.02	-0.0165	0.2213075	NAN	
2.77	1.785	1.02	-0.015	0.22115	NAN	
2.78	1.78	1.02	-0.0185	0.2209825	NAN	
2.79	1.77	1.02	-0.013	0.220825	NAN	
2.8	1.76	1.02	-0.014	0.22069	NAN	
2.81	1.755	1.02	-0.013	0.220555	NAN	
2.82	1.745	1.02	-0.0195	0.2203925	NAN	
2.83	1.74	1.02	-0.017	0.22021	NAN	
2.84	1.73	1.02	-0.023	0.22001	NAN	
2.85	1.72	1.02	-0.014	0.219825	NAN	
2.86	1.715	1.02	-0.017	0.21967	NAN	
2.87	1.705	1.02	-0.014	0.219515	NAN	
2.88	1.7	1.02	-0.0185	0.2193525	NAN	
2.89	1.69	1.02	-0.0185	0.2191675	NAN	
2.9	1.68	1.02	-0.0235	0.2189575	NAN	
2.91	1.675	1.02	-0.017	0.218755	NAN	
2.92	1.665	1.02	-0.0225	0.2185575	NAN	
2.93	1.66	1.02	-0.013	0.21838	NAN	
2.94	1.65	1.02	-0.0235	0.2181975	NAN	
2.95	1.64	1.02	-0.0155	0.2180025	NAN	
2.96	1.635	1.02	-0.0265	0.2177925	NAN	
2.97	1.625	1.02	-0.019	0.217565	NAN	
2.98	1.62	1.016	-0.022	0.21736	NAN	
2.99	1.61	1.0115	-0.016	0.21717	NAN	
3	1.6	1.007	-0.02	0.21699	NAN	
3.01	1.595	1.0025	-0.0165	0.2168075	NAN	
3.02	1.585	0.998	-0.027	0.21659	NAN	
3.03	1.58	0.9935	-0.019	0.21636	NAN	
3.04	1.57	0.9885	-0.0265	0.2161325	NAN	
3.05	1.56	0.984	-0.017	0.215915	NAN	
3.06	1.555	0.9795	-0.0215	0.2157225	NAN	
3.07	1.545	0.9745	-0.0205	0.2155125	NAN	
3.08	1.54	0.9695	-0.0255	0.2152825	NAN	
3.09	1.53	0.9655	-0.024	0.215035	NAN	
3.1	1.52	0.9605	-0.0265	0.2147825	NAN	
3.11	1.515	0.9555	-0.021	0.214545	NAN	
3.12	1.505	0.9505	-0.0255	0.2143125	NAN	
3.13	1.5	0.946	-0.0175	0.2140975	NAN	
3.14	1.49	0.9415	-0.0285	0.2138675	NAN	
3.15	1.48	0.9365	-0.022	0.213615	NAN	
3.16	1.475	0.9315	-0.03	0.213355	NAN	
3.17	1.465	0.927	-0.024	0.213085	NAN	
3.18	1.46	0.922	-0.026	0.212835	NAN	
3.19	1.45	0.9175	-0.02	0.212605	NAN	
3.2	1.44	0.9125	-0.026	0.212375	NAN	
3.21	1.435	0.908	-0.022	0.212135	NAN	
3.22	1.425	0.903	-0.033	0.21186	NAN	
3.23	1.42	0.8985	-0.024	0.211575	NAN	
3.24	1.41	0.8935	-0.0305	0.2113025	NAN	
3.25	1.4	0.889	-0.0195	0.2110525	NAN	
3.26	1.395	0.8835	-0.0285	0.2108125	NAN	
3.27	1.385	0.8795	-0.025	0.210545	NAN	
3.28	1.38	0.8745	-0.031	0.210265	NAN	
3.29	1.37	0.87	-0.029	0.209965	NAN	
3.3	1.36	0.865	-0.0305	0.2096675	NAN	
3.31	1.355	0.86	-0.025	0.20939	NAN	
3.32	1.345	0.8555	-0.0305	0.2091125	NAN	
3.33	1.34	0.851	-0.0235	0.2088425	NAN	
3.34	1.33	0.846	-0.032	0.208565	NAN	
3.35	1.32	0.841	-0.027	0.20827	NAN	
3.36	1.315	0.836	-0.0345	0.2079625	NAN	
3.37	1.305	0.8315	-0.029	0.207645	NAN	
3.38	1.3	0.8265	-0.03	0.20735	NAN	
3.39	1.29	0.822	-0.026	0.20707	NAN	
3.4	1.28	0.817	-0.0295	0.2067925	NAN	
3.41	1.275	0.813	-0.027	0.20651	NAN	
3.42	1.265	0.808	-0.038	0.206185	NAN	
3.43	1.26	0.8035	-0.029	0.20585	NAN	
3.44	1.25	0.7985	-0.036	0.205525	NAN	
3.45	1.24	0.7945	-0.0245	0.2052225	NAN	
3.46	1.235	0.7895	-0.032	0.20494	NAN	
3.47	1.225	0.7855	-0.0295	0.2046325	NAN	
3.48	1.22	0.7805	-0.0355	0.2043075	NAN	
3.49	1.21	0.7755	-0.0335	0.2039625	NAN	
3.5	1.2	0.771	-0.0355	0.2036175	NAN	
3.51	1.195	0.7665	-0.029	0.203295	NAN	
3.52	1.185	0.7615	-0.035	0.202975	NAN	
3.53	1.18	0.757	-0.0285	0.2026575	NAN	
3.54	1.17	0.752	-0.0375	0.2023275	NAN	
3.55	1.16	0.7475	-0.033	0.201975	NAN	
3.56	1.155	0.743	-0.0395	0.2016125	NAN	
3.57	1.145	0.7385	-0.035	0.20124	NAN	
3.58	1.14	0.7335	-0.035	0.20089	NAN	
3.59	1.13	0.729	-0.034	0.200545	NAN	
3.6	1.12	0.7245	-0.0355	0.2001975	NAN	
3.61	1.115	0.7195	-0.038	0.19983	NAN	
3.62	1.105	0.715	-0.0435	0.1994225	NAN	
3.63	1.1	0.7105	-0.0365	0.1990225	NAN	
3.64	1.09	0.7055	-0.039	0.198645	NAN	
3.65	1.08	0.7015	-0.0345	0.1982775	NAN	
3.66	1.075	0.6965	-0.0375	0.1979175	NAN	
3.67	1.065	0.692	-0.0425	0.1975175	NAN	
3.68	1.06	0.6875	-0.042	0.197095	NAN	
3.69	1.05	0.683	-0.044	0.196665	NAN	
3.7	1.04	0.678	-0.0395	0.1962475	NAN	
3.71	1.035	0.674	-0.039	0.195855	NAN	
3.72	1.025	0.669	-0.041	0.195455	NAN	
3.73	1.02	0.6645	-0.04	0.19505	NAN	
3.74	1.01	0.6595	-0.046	0.19462	NAN	
3.75	1	0.6555	-0.045	0.194165	NAN	
3.76	0.995	0.651	-0.0455	0.1937125	NAN	
3.77	0.985	0.646	-0.0455	0.1932575	NAN	
3.78	0.98	0.641	-0.0425	0.1928175	NAN	
3.79	0.97	0.637	-0.0445	0.1923825	NAN	
3.8	0.96	0.632	-0.045	0.191935	NAN	
3.81	0.955	0.6275	-0.0475	0.1914725	NAN	
3.82	0.945	0.622	-0.0505	0.1909825	NAN	
3.83	0.94	0.6185	-0.0475	0.1904925	NAN	
3.84	0.93	0.6135	-0.0485	0.1900125	NAN	
3.85	0.92	0.609	-0.0455	0.1895425	NAN	
3.86	0.915	0.6045	-0.0475	0.1890775	NAN	
3.87	0.905	0.6	-0.053	0.188575	NAN	
3.88	0.9	0.5955	-0.0525	0.1880475	NAN	
3.89	0.89	0.591	-0.056	0.187505	NAN	
3.9	0.88	0.586	-0.0505	0.1869725	NAN	
3.91	0.875	0.5815	-0.053	0.186455	NAN	
3.92	0.865	0.5765	-0.0525	0.1859275	NAN	
3.93	0.86	0.572	-0.054	0.185395	NAN	
3.94	0.85	0.5675	-0.055	0.18485	NAN	
3.95	0.84	0.563	-0.059	0.18428	NAN	
3.96	0.835	0.5585	-0.0555	0.1837075	NAN	
3.97	0.825	0.5535	-0.0615	0.1831225	NAN	
3.98	0.82	0.549	-0.052	0.182555	NAN	
3.99	0.81	0.5445	-0.061	0.18199	NAN	
4	0.8	0.54	-0.0535	0.1814175	NAN	
4.01	0.795	0.5355	-0.0655	0.1808225	NAN	
4.02	0.785	0.5305	-0.0615	0.1801875	NAN	
4.03	0.78	0.526	-0.0665	0.1795475	NAN	
4.04	0.77	0.5215	-0.0595	0.1789175	NAN	
4.05	0.76	0.517	-0.063	0.178305	NAN	
4.06	0.755	0.5125	-0.057	0.177705	NAN	
4.07	0.745	0.508	-0.07	0.17707	NAN	
4.08	0.74	0.503	-0.0615	0.1764125	NAN	
4.09	0.73	0.4985	-0.073	0.17574	NAN	
4.1	0.72	0.4935	-0.063	0.17506	NAN	
4.11	0.715	0.4895	-0.071	0.17439	NAN	
4.12	0.705	0.4845	-0.0645	0.1737125	NAN	
4.13	0.7	0.48	-0.07	0.17304	NAN	
4.14	0.69	0.4755	-0.068	0.17235	NAN	
4.15	0.68	0.4715	-0.075	0.171635	NAN	
4.16	0.675	0.4665	-0.071	0.170905	NAN	
4.17	0.665	0.462	-0.0785	0.1701575	NAN	
4.18	0.66	0.458	-0.068	0.169425	NAN	
4.19	0.65	0.453	-0.077	0.1687	NAN	
4.2	0.64	0.4485	-0.07	0.167965	NAN	
4.21	0.635	0.444	-0.079	0.16722	NAN	
4.22	0.625	0.44	-0.0775	0.1664375	NAN	
4.23	0.62	0.4355	-0.081	0.165645	NAN	
4.24	0.61	0.431	-0.0755	0.1648625	NAN	
4.25	0.6	0.427	-0.078	0.164095	NAN	
4.26	0.595	0.4225	-0.0725	0.1633425	NAN	
4.27	0.585	0.418	-0.0855	0.1625525	NAN	
4.28	0.58	0.4135	-0.0775	0.1617375	NAN	
4.29	0.57	0.4095	-0.0905	0.1608975	NAN	
4.3	0.56	0.405	-0.079	0.16005	NAN	
4.31	0.555	0.4005	-0.0895	0.1592075	NAN	
4.32	0.545	0.396	-0.081	0.158355	NAN	
4.33	0.54	0.392	-0.0885	0.1575075	NAN	
4.34	0.53	0.3875	-0.0835	0.1566475	NAN	
4.35	0.52	0.3835	-0.0925	0.1557675	NAN	
4.36	0.515	0.379	-0.088	0.154865	NAN	
4.37	0.505	0.3745	-0.098	0.153935	NAN	
4.38	0.5	0.3705	-0.087	0.15301	NAN	
4.39	0.49	0.366	-0.0955	0.1520975	NAN	
4.4	0.48	0.362	-0.085	0.151195	NAN	
4.41	0.475	0.358	-0.098	0.15028	NAN	
4.42	0.465	0.3535	-0.096	0.14931	NAN	
4.43	0.46	0.349	-0.103	0.148315	NAN	
4.44	0.45	0.345	-0.098	0.14731	NAN	
4.45	0.44	0.341	-0.0995	0.1463225	NAN	
4.46	0.435	0.3365	-0.0955	0.1453475	NAN	
4.47	0.425	0.3325	-0.1055	0.1443425	NAN	
4.48	0.42	0.3285	-0.099	0.14332	NAN	
4.49	0.41	0.324	-0.1105	0.1422725	NAN	
4.5	0.4	0.3205	-0.111	0.141165	NAN	
4.51	0.395	0.316	-0.1145	0.1400375	NAN	
4.52	0.385	0.3115	-0.114	0.138895	NAN	
4.53	0.38	0.3075	-0.1155	0.1377475	NAN	
4.54	0.37	0.3035	-0.111	0.136615	NAN	
4.55	0.36	0.2995	-0.1145	0.1354875	NAN	
4.56	0.355	0.295	-0.113	0.13435	NAN	
4.57	0.345	0.291	-0.124	0.133165	NAN	
4.58	0.34	0.287	-0.112	0.131985	NAN	
4.59	0.33	0.2825	-0.1245	0.1308025	NAN	
4.6	0.32	0.2785	-0.1115	0.1296225	NAN	
4.61	0.315	0.2745	-0.121	0.12846	NAN	
4.62	0.305	0.2705	-0.117	0.12727	NAN	
4.63	0.3	0.2665	-0.127	0.12605	NAN	
4.64	0.29	0.262	-0.125	0.12479	NAN	
4.65	0.28	0.2585	-0.13	0.123515	NAN	
4.66	0.275	0.254	-0.124	0.122245	NAN	
4.67	0.265	0.25	-0.1325	0.1209625	NAN	
4.68	0.26	0.246	-0.1235	0.1196825	NAN	
4.69	0.25	0.242	-0.135	0.11839	NAN	
4.7	0.24	0.238	-0.1305	0.1170625	NAN	
4.71	0.235	0.234	-0.141	0.115705	NAN	
4.72	0.225	0.2295	-0.139	0.114305	NAN	
4.73	0.22	0.2255	-0.141	0.112905	NAN	
4.74	0.21	0.2215	-0.1365	0.1115175	NAN	
4.75	0.2	0.2175	-0.1405	0.1101325	NAN	
4.76	0.195	0.2135	-0.141	0.108725	NAN	
4.77	0.185	0.209	-0.1515	0.1072625	NAN	
4.78	0.18	0.2055	-0.1455	0.1057775	NAN	
4.79	0.17	0.201	-0.154	0.10428	NAN	
4.8	0.16	0.1975	-0.143	0.102795	NAN	
4.81	0.155	0.193	-0.1525	0.1013175	NAN	
4.82	0.145	0.189	-0.151	0.0998	NAN	
4.83	0.14	0.185	-0.16	0.098245	NAN	
4.84	0.13	0.181	-0.158	0.096655	NAN	
4.85	0.12	0.177	-0.1625	0.0950525	NAN	
4.86	0.115	0.1735	-0.1475	0.0935025	NAN	
4.87	0.105	0.169	-0.1495	0.0920175	NAN	
4.88	0.1	0.165	-0.1585	0.0904775	NAN	
4.89	0.09	0.161	-0.1715	0.0888275	NAN	
4.9	0.08	0.1575	-0.1605	0.0871675	NAN	
4.91	0.075	0.1535	-0.1725	0.0855025	NAN	
4.92	0.065	0.149	-0.1715	0.0837825	NAN	
4.93	0.06	0.1455	-0.174	0.082055	NAN	
4.94	0.05	0.1415	-0.1705	0.0803325	NAN	
4.95	0.04	0.1375	-0.176	0.0786	NAN	
4.96	0.035	0.1335	-0.176	0.07684	NAN	
4.97	0.025	0.1295	-0.187	0.075025	NAN	
4.98	0.02	0.1255	-0.181	0.073185	NAN	
4.99	0.01	0.1215	-0.1855	0.0713525	NAN	
5	0	0.118	-0.1805	0.0695225	NAN	
5.01	-0.005	0.1135	-0.186	0.06769	NAN	
5.02	-0.015	0.11	-0.1855	0.0658325	NAN	
5.03	-0.02	0.106	-0.189	0.06396	NAN	
5.04	-0.03	0.102	-0.193	0.06205	NAN	
5.05	-0.04	0.0985	-0.2005	0.0600825	NAN	
5.06	-0.045	0.0945	-0.1915	0.0581225	NAN	
5.07	-0.055	0.0905	-0.1995	0.0561675	NAN	
5.08	-0.06	0.087	-0.1905	0.0542175	NAN	
5.09	-0.07	0.083	-0.197	0.05228	NAN	
5.1	-0.08	0.079	-0.1995	0.0502975	NAN	
5.11	-0.085	0.075	-0.201	0.048295	NAN	
5.12	-0.095	0.0715	-0.2115	0.0462325	NAN	
5.13	-0.1	0.0675	-0.214	0.044105	NAN	
5.14	-0.11	0.0635	-0.1955	0.0420575	NAN	
5.15	-0.12	0.0595	-0.212	0.04002	NAN	
5.16	-0.125	0.056	-0.215	0.037885	NAN	
5.17	-0.135	0.052	-0.224	0.03569	NAN	
5.18	-0.14	0.048	-0.2165	0.0334875	NAN	
5.19	-0.15	0.0445	-0.225	0.03128	NAN	
5.2	-0.16	0.0405	-0.2115	0.0290975	NAN	
5.21	-0.165	0.037	-0.23	0.02689	NAN	
5.22	-0.175	0.033	-0.2195	0.0246425	NAN	
5.23	-0.18	0.029	-0.229	0.0224	NAN	
5.24	-0.19	0.0255	-0.2255	0.0201275	NAN	
5.25	-0.2	0.0215	-0.2305	0.0178475	NAN	
5.26	-0.205	0.018	-0.2275	0.0155575	NAN	
5.27	-0.215	0.0145	-0.243	0.013205	NAN	
5.28	-0.22	0.0105	-0.2355	0.0108125	NAN	
5.29	-0.23	0.007	-0.2555	0.0083575	NAN	
5.3	-0.24	0.0035	-0.25	0.00583	NAN	
5.31	-0.245	-0.0005	-0.243	0.003365	NAN	
5.32	-0.255	-0.0045	-0.268	0.00081	NAN	
5.33	-0.26	-0.007	-0.2405	-0.0017325	NAN	
5.34	-0.27	-0.01	-0.2475	-0.0041725	NAN	
5.35	-0.28	-0.014	-0.2425	-0.0066225	NAN	
5.36	-0.285	-0.017	-0.2605	-0.0091375	NAN	
5.37	-0.295	-0.0205	-0.264	-0.01176	NAN	
5.38	-0.3	-0.0235	-0.261	-0.014385	NAN	
5.39	-0.31	-0.0265	-0.276	-0.01707	NAN	
5.4	-0.32	-0.0295	-0.268	-0.01979	NAN	
5.41	-0.325	-0.0325	-0.272	-0.02249	NAN	
5.42	-0.335	-0.036	-0.2735	-0.0252175	NAN	
5.43	-0.34	-0.0385	-0.283	-0.028	NAN	
5.44	-0.35	-0.0415	-0.2905	-0.0308675	NAN	
5.45	-0.36	-0.044	-0.2935	-0.0337875	NAN	
5.46	-0.365	-0.0465	-0.288	-0.036695	NAN	
5.47	-0.375	-0.0505	-0.297	-0.03962	NAN	
5.48	-0.38	-0.052	-0.298	-0.042595	NAN	
5.49	-0.39	-0.0545	-0.3055	-0.0456125	NAN	
5.5	-0.4	-0.057	-0.309	-0.048685	NAN	
5.51	-0.405	-0.0595	-0.3155	-0.0518075	NAN	
5.52	-0.415	-0.062	-0.317	-0.05497	NAN	
5.53	-0.42	-0.065	-0.318	-0.058145	NAN	
5.54	-0.43	-0.0665	-0.3285	-0.0613775	NAN	
5.55	-0.44	-0.0705	-0.3205	-0.0646225	NAN	
5.56	-0.445	-0.0705	-0.3365	-0.0679075	NAN	
5.57	-0.455	-0.0725	-0.344	-0.07131	NAN	
5.58	-0.46	-0.075	-0.335	-0.074705	NAN	
5.59	-0.47	-0.077	-0.3535	-0.0781475	NAN	
5.6	-0.48	-0.079	-0.345	-0.08164	NAN	
5.61	-0.485	-0.08	-0.3635	-0.0851825	NAN	
5.62	-0.495	-0.083	-0.366	-0.08883	NAN	
5.63	-0.5	-0.0845	-0.373	-0.092525	NAN	
5.64	-0.51	-0.0865	-0.369	-0.096235	NAN	
5.65	-0.52	-0.088	-0.3715	-0.0999375	NAN	
5.66	-0.525	-0.0905	-0.38	-0.103695	NAN	
5.67	-0.535	-0.092	-0.3955	-0.1075725	NAN	
5.68	-0.54	-0.0935	-0.3885	-0.1114925	NAN	
5.69	-0.55	-0.0955	-0.3995	-0.1154325	NAN	
5.7	-0.56	-0.0965	-0.398	-0.11942	NAN	
5.71	-0.565	-0.099	-0.4105	-0.1234625	NAN	
5.72	-0.575	-0.1005	-0.411	-0.12757	NAN	
5.73	-0.58	-0.1025	-0.4235	-0.1317425	NAN	
5.74	-0.59	-0.104	-0.429	-0.136005	NAN	
5.75	-0.6	-0.1055	-0.431	-0.140305	NAN	
5.76	-0.605	-0.1075	-0.4315	-0.1446175	NAN	
5.77	-0.615	-0.1095	-0.4415	-0.1489825	NAN	
5.78	-0.62	-0.111	-0.442	-0.1534	NAN	
5.79	-0.63	-0.113	-0.455	-0.157885	NAN	
5.8	-0.64	-0.1145	-0.455	-0.162435	NAN	
5.81	-0.645	-0.1165	-0.461	-0.167015	NAN	
5.82	-0.655	-0.1185	-0.4635	-0.1716375	NAN	
5.83	-0.66	-0.1205	-0.4655	-0.1762825	NAN	
5.84	-0.67	-0.1225	-0.474	-0.18098	NAN	
5.85	-0.68	-0.1245	-0.48	-0.18575	NAN	
5.86	-0.685	-0.1265	-0.485	-0.190575	NAN	
5.87	-0.695	-0.1285	-0.4895	-0.1954475	NAN	
5.88	-0.7	-0.1305	-0.488	-0.200335	NAN	
5.89	-0.71	-0.133	-0.4955	-0.2052525	NAN	
5.9	-0.72	-0.1355	-0.4975	-0.2102175	NAN	
5.91	-0.725	-0.138	-0.5065	-0.2152375	NAN	
5.92	-0.735	-0.1405	-0.5095	-0.2203175	NAN	
5.93	-0.74	-0.143	-0.5095	-0.2254125	NAN	
5.94	-0.75	-0.146	-0.511	-0.230515	NAN	
5.95	-0.76	-0.149	-0.5145	-0.2356425	NAN	
5.96	-0.765	-0.152	-0.52	-0.240815	NAN	
5.97	-0.775	-0.1555	-0.5265	-0.2460475	NAN	
5.98	-0.78	-0.1585	-0.5235	-0.2512975	NAN	
5.99	-0.79	-0.1625	-0.5225	-0.2565275	NAN	
6	-0.8	-0.1665	-0.522	-0.26175	NAN	
6.01	-0.805	-0.1675	-0.5345	-0.2670325	NAN	
6.02	-0.815	-0.173	-0.528	-0.272345	NAN	
6.03	-0.82	-0.176	-0.5335	-0.2776525	NAN	
6.04	-0.83	-0.18	-0.54	-0.28302	NAN	
6.05	-0.84	-0.1835	-0.5435	-0.2884375	NAN	
6.06	-0.845	-0.1865	-0.5415	-0.2938625	NAN	
6.07	-0.855	-0.189	-0.5505	-0.2993225	NAN	
6.08	-0.86	-0.1925	-0.555	-0.30485	NAN	
6.09	-0.87	-0.1955	-0.551	-0.31038	NAN	
6.1	-0.88	-0.1985	-0.555	-0.31591	NAN	
6.11	-0.885	-0.2005	-0.562	-0.321495	NAN	
6.12	-0.895	-0.204	-0.567	-0.32714	NAN	
6.13	-0.9	-0.2065	-0.5615	-0.3327825	NAN	
6.14	-0.91	-0.21	-0.568	-0.33843	NAN	
6.15	-0.92	-0.213	-0.5705	-0.3441225	NAN	
6.16	-0.925	-0.2165	-0.576	-0.349855	NAN	
6.17	-0.935	-0.2195	-0.5825	-0.3556475	NAN	
6.18	-0.94	-0.223	-0.5795	-0.3614575	NAN	
6.19	-0.95	-0.2265	-0.584	-0.367275	NAN	
6.2	-0.96	-0.23	-0.583	-0.37311	NAN	
6.21	-0.965	-0.233	-0.5905	-0.3789775	NAN	
6.22	-0.975	-0.237	-0.5905	-0.3848825	NAN	
6.23	-0.98	-0.2405	-0.5885	-0.3907775	NAN	
6.24	-0.99	-0.2445	-0.59	-0.39667	NAN	
6.25	-1	-0.2485	-0.592	-0.40258	NAN	
6.26	-1.005	-0.253	-0.603	-0.408555	NAN	
6.27	-1.015	-0.257	-0.5995	-0.4145675	NAN	
6.28	-1.02	-0.262	-0.5915	-0.4205225	NAN	
6.29	-1.03	-0.266	-0.5945	-0.4264525	NAN	
6.3	-1.04	-0.2715	-0.591	-0.43238	NAN	
6.31	-1.045	-0.2765	-0.598	-0.438325	NAN	
6.32	-1.055	-0.282	-0.5925	-0.4442775	NAN	
6.33	-1.06	-0.2875	-0.589	-0.450185	NAN	
6.34	-1.07	-0.294	-0.584	-0.45605	NAN	
6.35	-1.08	-0.3	-0.5895	-0.4619175	NAN	
6.36	-1.085	-0.3065	-0.5785	-0.4677575	NAN	
6.37	-1.095	-0.3135	-0.586	-0.47358	NAN	
6.38	-1.1	-0.321	-0.5675	-0.4793475	NAN	
6.39	-1.11	-0.3285	-0.568	-0.485025	NAN	
6.4	-1.12	-0.337	-0.5605	-0.4906675	NAN	
6.41	-1.125	-0.3445	-0.56	-0.49627	NAN	
6.42	-1.135	-0.3535	-0.5495	-0.5018175	NAN	
6.43	-1.14	-0.362	-0.5445	-0.5072875	NAN	
6.44	-1.15	-0.371	-0.538	-0.5127	NAN	
6.45	-1.16	-0.38	-0.5315	-0.5180475	NAN	
6.46	-1.165	-0.3895	-0.5365	-0.5233875	NAN	
6.47	-1.175	-0.3985	-0.511	-0.528625	NAN	
6.48	-1.18	-0.408	-0.5035	-0.5336975	NAN	
6.49	-1.19	-0.4175	-0.508	-0.538755	NAN	
6.5	-1.2	-0.4275	-0.4885	-0.5437375	NAN	
6.51	-1.205	-0.4365	-0.4885	-0.5486225	NAN	
6.52	-1.215	-0.4465	-0.476	-0.553445	NAN	
6.53	-1.22	-0.456	-0.4615	-0.5581325	NAN	
6.54	-1.23	-0.466	-0.4605	-0.5627425	NAN	
6.55	-1.24	-0.4755	-0.451	-0.5673	NAN	
6.56	-1.245	-0.4855	-0.4465	-0.5717875	NAN	
6.57	-1.255	-0.495	-0.4445	-0.5762425	NAN	
6.58	-1.26	-0.5055	-0.426	-0.580595	NAN	
6.59	-1.27	-0.515	-0.4265	-0.5848575	NAN	
6.6	-1.28	-0.5255	-0.4065	-0.5890225	NAN	
6.61	-1.285	-0.535	-0.4055	-0.5930825	NAN	
6.62	-1.295	-0.545	-0.399	-0.597105	NAN	
6.63	-1.3	-0.5545	-0.3935	-0.6010675	NAN	
6.64	-1.31	-0.565	-0.377	-0.60492	NAN	
6.65	-1.32	-0.575	-0.3715	-0.6086625	NAN	
6.66	-1.325	-0.585	-0.36	-0.61232	NAN	
6.67	-1.335	-0.5945	-0.359	-0.615915	NAN	
6.68	-1.34	-0.605	-0.349	-0.619455	NAN	
6.69	-1.35	-0.6145	-0.3425	-0.6229125	NAN	
6.7	-1.36	-0.625	-0.328	-0.626265	NAN	
6.71	-1.365	-0.635	-0.3245	-0.6295275	NAN	
6.72	-1.375	-0.645	-0.312	-0.63271	NAN	
6.73	-1.38	-0.6545	-0.309	-0.635815	NAN	
6.74	-1.39	-0.6645	-0.3035	-0.6388775	NAN	
6.75	-1.4	-0.6745	-0.294	-0.641865	NAN	
6.76	-1.405	-0.6845	-0.2855	-0.6447625	NAN	
6.77	-1.415	-0.694	-0.2835	-0.6476075	NAN	
6.78	-1.42	-0.703	-0.264	-0.650345	NAN	
6.79	-1.43	-0.7135	-0.2645	-0.6529875	NAN	
6.8	-1.44	-0.723	-0.2515	-0.6555675	NAN	
6.81	-1.445	-0.7325	-0.25	-0.658075	NAN	
6.82	-1.455	-0.7425	-0.2415	-0.6605325	NAN	
6.83	-1.46	-0.7515	-0.235	-0.662915	NAN	
6.84	-1.47	-0.761	-0.2225	-0.6652025	NAN	
6.85	-1.48	-0.77	-0.2165	-0.6673975	NAN	
6.86	-1.485	-0.779	-0.204	-0.6695	NAN	
6.87	-1.495	-0.7885	-0.209	-0.671565	NAN	
6.88	-1.5	-0.797	-0.196	-0.67359	NAN	
6.89	-1.51	-0.806	-0.2065	-0.6756025	NAN	
6.9	-1.52	-0.815	-0.183	-0.67755	NAN	
6.91	-1.525	-0.8235	-0.183	-0.67938	NAN	
6.92	-1.535	-0.833	-0.172	-0.681155	NAN	
6.93	-1.54	-0.841	-0.1725	-0.6828775	NAN	
6.94	-1.55	-0.849	-0.164	-0.68456	NAN	
6.95	-1.56	-0.8575	-0.165	-0.686205	NAN	
6.96	-1.565	-0.8655	-0.154	-0.6878	NAN	
6.97	-1.575	-0.874	-0.156	-0.68935	NAN	
6.98	-1.58	-0.8825	-0.1385	-0.6908225	NAN	
6.99	-1.59	-0.89	-0.1395	-0.6922125	NAN	
7	-1.6	-0.8975	-0.1295	-0.6935575	NAN	
7.01	-1.605	-0.9055	-0.134	-0.694875	NAN	
7.02	-1.615	-0.914	-0.124	-0.696165	NAN	
7.03	-1.62	-0.921	-0.125	-0.69741	NAN	
7.04	-1.63	-0.9285	-0.119	-0.69863	NAN	
7.05	-1.64	-0.935	-0.114	-0.699795	NAN	
7.06	-1.645	-0.9425	-0.1095	-0.7009125	NAN	
7.07	-1.655	-0.9495	-0.113	-0.702025	NAN	
7.08	-1.66	-0.9565	-0.1095	-0.7031375	NAN	
7.09	-1.67	-0.9635	-0.11	-0.704235	NAN	
7.1	-1.68	-0.97	-0.098	-0.705275	NAN	
7.11	-1.685	-0.9765	-0.0975	-0.7062525	NAN	
7.12	-1.695	-0.9845	-0.0935	-0.7072075	NAN	
7.13	-1.7	-0.99	-0.093	-0.70814	NAN	
7.14	-1.71	-0.995	-0.089	-0.70905	NAN	
7.15	-1.72	-1.003	-0.0915	-0.7099525	NAN	
7.16	-1.725	-1.0075	-0.087	-0.710845	NAN	
7.17	-1.735	-1.0155	-0.092	-0.71174	NAN	
7.18	-1.74	-1.0215	-0.0795	-0.7125975	NAN	
7.19	-1.75	-1.0275	-0.0935	-0.7134625	NAN	
7.2	-1.76	-1.0275	-0.064	-0.71425	NAN	
7.21	-1.765	-1.0275	-0.081	-0.714975	NAN	
7.22	-1.775	-1.0275	-0.0815	-0.7157875	NAN	
7.23	-1.78	-1.0275	-0.082	-0.716605	NAN	
7.24	-1.79	-1.0275	-0.0735	-0.7173825	NAN	
7.25	-1.8	-1.0275	-0.0765	-0.7181325	NAN	
7.26	-1.805	-1.0275	-0.0675	-0.7188525	NAN	
7.27	-1.815	-1.0275	-0.0725	-0.7195525	NAN	
7.28	-1.82	-1.0275	-0.0625	-0.7202275	NAN	
7.29	-1.83	-1.0275	-0.074	-0.72091	NAN	
7.3	-1.84	-1.0275	-0.063	-0.721595	NAN	
7.31	-1.845	-1.0275	-0.071	-0.722265	NAN	
7.32	-1.855	-1.0275	-0.0635	-0.7229375	NAN	
7.33	-1.86	-1.0275	-0.0645	-0.7235775	NAN	
7.34	-1.87	-1.0275	-0.0595	-0.7241975	NAN	
7.35	-1.88	-1.0275	-0.002	-0.724505	NAN	
7.36	-1.885	-1.0275	0.005	-0.72449	NAN	
7.37	-1.895	-1.0275	-0.0045	-0.7244875	NAN	
7.38	-1.9	-1.0275	0.002	-0.7245	NAN	
7.39	-1.91	-1.0275	-0.013	-0.724555	NAN	
7.4	-1.92	-1.0275	0.008	-0.72458	NAN	
7.41	-1.925	-1.0275	-0.001	-0.724545	NAN	
7.42	-1.935	-1.0275	0.007	-0.724515	NAN	
7.43	-1.94	-1.0275	-0.0165	-0.7245625	NAN	
7.44	-1.95	-1.0275	-0.003	-0.72466	NAN	
7.45	-1.96	-1.0275	-0.0055	-0.7247025	NAN	
7.46	-1.965	-1.0275	0.0015	-0.7247225	NAN	
7.47	-1.975	-1.0275	-0.018	-0.724805	NAN	
7.48	-1.98	-1.0275	0.014	-0.724825	NAN	
7.49	-1.99	-1.0275	-0.009	-0.7248	NAN	
7.5	-2	-1.0275	0.02	-0.724745	NAN	
7.51	-1.995	-1.0275	-0.0085	-0.7246875	NAN	
7.52	-1.985	-1.0275	0.017	-0.724645	NAN	
7.53	-1.98	-1.0275	-0.005	-0.724585	NAN	
7.54	-1.97	-1.0275	0.036	-0.72443	NAN	
7.55	-1.96	-1.0275	-0.0155	-0.7243275	NAN	
7.56	-1.955	-1.0275	0.017	-0.72432	NAN	
7.57	-1.945	-1.0275	0	-0.724235	NAN	
7.58	-1.94	-1.0275	0.0175	-0.7241475	NAN	
7.59	-1.93	-1.0275	-0.0045	-0.7240825	NAN	
7.6	-1.92	-1.0275	0.0145	-0.7240325	NAN	
7.61	-1.915	-1.0275	0.0005	-0.7239575	NAN	
7.62	-1.905	-1.0275	0.0115	-0.7238975	NAN	
7.63	-1.9	-1.0275	-0.0115	-0.7238975	NAN	
7.64	-1.89	-1.0275	0.004	-0.723935	NAN	
7.65	-1.88	-1.0275	-0.0045	-0.7239375	NAN	
7.66	-1.875	-1.0275	0.008	-0.72392	NAN	
7.67	-1.865	-1.0275	0	-0.72388	NAN	
7.68	-1.86	-1.0275	0.012	-0.72382	NAN	
7.69	-1.85	-1.0275	-0.004	-0.72378	NAN	
7.7	-1.84	-1.0275	0.015	-0.723725	NAN	
7.71	-1.835	-1.0275	-0.0055	-0.7236775	NAN	
7.72	-1.825	-1.0275	0.0075	-0.7236675	NAN	
7.73	-1.82	-1.0275	-0.0055	-0.7236575	NAN	
7.74	-1.81	-1.0275	0.0125	-0.7236225	NAN	
7.75	-1.8	-1.0275	-0.0055	-0.7235875	NAN	
7.76	-1.795	-1.0275	0.0085	-0.7235725	NAN	
7.77	-1.785	-1.0275	0.0045	-0.7235075	NAN	
7.78	-1.78	-1.0275	0.0115	-0.7234275	NAN	
7.79	-1.77	-1.0275	0.0065	-0.7233375	NAN	
7.8	-1.76	-1.0275	0.0125	-0.7232425	NAN	
7.81	-1.755	-1.0275	0.0065	-0.7231475	NAN	
7.82	-1.745	-1.0275	0.0165	-0.7230325	NAN	
7.83	-1.74	-1.0275	0.008	-0.72291	NAN	
7.84	-1.73	-1.0275	0.0185	-0.7227775	NAN	
7.85	-1.72	-1.0275	0.011	-0.72263	NAN	
7.86	-1.715	-1.0275	0.021	-0.72247	NAN	
7.87	-1.705	-1.0275	0.018	-0.722275	NAN	
7.88	-1.7	-1.0275	0.023	-0.72207	NAN	
7.89	-1.69	-1.0275	0.016	-0.721875	NAN	
7.9	-1.68	-1.0275	0.019	-0.7217	NAN	
7.91	-1.675	-1.0275	0.015	-0.72153	NAN	
7.92	-1.665	-1.0275	0.02	-0.721355	NAN	
7.93	-1.66	-1.0275	0.0125	-0.7211925	NAN	
7.94	-1.65	-1.0275	0.0195	-0.7210325	NAN	
7.95	-1.64	-1.0275	0.014	-0.720865	NAN	
7.96	-1.635	-1.0275	0.022	-0.720685	NAN	
7.97	-1.625	-1.026	0.0195	-0.7204775	NAN	
7.98	-1.62	-1.0205	0.0235	-0.7202625	NAN	
7.99	-1.61	-1.016	0.0215	-0.7200375	NAN	
8	-1.6	-1.011	0.0235	-0.7198125	NAN	
8.01	-1.595	-1.0065	0.0185	-0.7196025	NAN	
8.02	-1.585	-1.0015	0.024	-0.71939	NAN	
8.03	-1.58	-0.9975	0.0155	-0.7191925	NAN	
8.04	-1.57	-0.9925	0.022	-0.719005	NAN	
8.05	-1.56	-0.9875	0.0155	-0.7188175	NAN	
8.06	-1.555	-0.9825	0.023	-0.718625	NAN	
8.07	-1.545	-0.978	0.021	-0.718405	NAN	
8.08	-1.54	-0.973	0.0265	-0.7181675	NAN	
8.09	-1.53	-0.968	0.021	-0.71793	NAN	
8.1	-1.52	-0.963	0.028	-0.717685	NAN	
8.11	-1.515	-0.9585	0.0215	-0.7174375	NAN	
8.12	-1.505	-0.953	0.028	-0.71719	NAN	
8.13	-1.5	-0.9485	0.019	-0.716955	NAN	
8.14	-1.49	-0.9435	0.026	-0.71673	NAN	
8.15	-1.48	-0.9385	0.0165	-0.7165175	NAN	
8.16	-1.475	-0.9335	0.0245	-0.7163125	NAN	
8.17	-1.465	-0.929	0.0225	-0.7160775	NAN	
8.18	-1.46	-0.924	0.027	-0.71583	NAN	
8.19	-1.45	-0.9195	0.025	-0.71557	NAN	
8.2	-1.44	-0.9145	0.028	-0.715305	NAN	
8.21	-1.435	-0.91	0.0265	-0.7150325	NAN	
8.22	-1.425	-0.9045	0.0305	-0.7147475	NAN	
8.23	-1.42	-0.8995	0.024	-0.714475	NAN	
8.24	-1.41	-0.895	0.026	-0.714225	NAN	
8.25	-1.4	-0.8905	0.0225	-0.7139825	NAN	
8.26	-1.395	-0.885	0.025	-0.713745	NAN	
8.27	-1.385	-0.8805	0.026	-0.71349	NAN	
8.28	-1.38	-0.8755	0.0265	-0.7132275	NAN	
8.29	-1.37	-0.871	0.029	-0.71295	NAN	
8.3	-1.36	-0.866	0.029	-0.71266	NAN	
8.31	-1.355	-0.861	0.0305	-0.7123625	NAN	
8.32	-1.345	-0.856	0.031	-0.712055	NAN	
8.33	-1.34	-0.8515	0.028	-0.71176	NAN	
8.34	-1.33	-0.8465	0.03	-0.71147	NAN	
8.35	-1.32	-0.842	0.0255	-0.7111925	NAN	
8.36	-1.315	-0.837	0.0275	-0.7109275	NAN	
8.37	-1.305	-0.8325	0.0295	-0.7106425	NAN	
8.38	-1.3	-0.827	0.028	-0.710355	NAN	
8.39	-1.29	-0.8225	0.03	-0.710065	NAN	
8.4	-1.28	-0.8175	0.032	-0.709755	NAN	
8.41	-1.275	-0.8135	0.0325	-0.7094325	NAN	
8.42	-1.265	-0.8085	0.034	-0.7091	NAN	
8.43	-1.26	-0.804	0.0225	-0.7088175	NAN	
8.44	-1.25	-0.799	0.0355	-0.7085275	NAN	
8.45	-1.24	-0.795	0.007	-0.708315	NAN	
8.46	-1.235	-0.79	0.0275	-0.7081425	NAN	
8.47	-1.225	-0.7855	0.0295	-0.7078575	NAN	
8.48	-1.22	-0.7805	0.029	-0.707565	NAN	
8.49	-1.21	-0.776	0.035	-0.707245	NAN	
8.5	-1.2	-0.771	0.032	-0.70691	NAN	
8.51	-1.195	-0.7665	0.039	-0.706555	NAN	
8.52	-1.185	-0.7615	0.0395	-0.7061625	NAN	
8.53	-1.18	-0.757	0.037	-0.70578	NAN	
8.54	-1.17	-0.7525	0.035	-0.70542	NAN	
8.55	-1.16	-0.748	0.0375	-0.7050575	NAN	
8.56	-1.155	-0.743	0.041	-0.704665	NAN	
8.57	-1.145	-0.739	0.0395	-0.7042625	NAN	
8.58	-1.14	-0.734	0.018	-0.703975	NAN	
8.59	-1.13	-0.7295	0.037	-0.7037	NAN	
8.6	-1.12	-0.7245	0.031	-0.70336	NAN	
8.61	-1.115	-0.72	0.037	-0.70302	NAN	
8.62	-1.105	-0.7155	0.041	-0.70263	NAN	
8.63	-1.1	-0.711	0.039	-0.70223	NAN	
8.64	-1.09	-0.706	0.037	-0.70185	NAN	
8.65	-1.08	-0.7015	0.0475	-0.7014275	NAN	
8.66	-1.075	-0.6965	0.0335	-0.7010225	NAN	
8.67	-1.065	-0.6925	0.0435	-0.7006375	NAN	
8.68	-1.06	-0.6875	0.0345	-0.7002475	NAN	
8.69	-1.05	-0.683	0.0415	-0.6998675	NAN	
8.7	-1.04	-0.6785	0.035	-0.699485	NAN	
8.71	-1.035	-0.674	0.0445	-0.6990875	NAN	
8.72	-1.025	-0.669	0.0425	-0.6986525	NAN	
8.73	-1.02	-0.6645	0.047	-0.698205	NAN	
8.74	-1.01	-0.66	0.037	-0.697785	NAN	
8.75	-1	-0.6555	0.045	-0.697375	NAN	
8.76	-0.995	-0.6505	0.042	-0.69694	NAN	
8.77	-0.985	-0.6465	0.049	-0.696485	NAN	
8.78	-0.98	-0.6415	0.0395	-0.6960425	NAN	
8.79	-0.97	-0.637	0.047	-0.69561	NAN	
8.8	-0.96	-0.632	0.039	-0.69518	NAN	
8.81	-0.955	-0.6275	0.048	-0.694745	NAN	
8.82	-0.945	-0.6235	0.045	-0.69428	NAN	
8.83	-0.94	-0.6185	0.052	-0.693795	NAN	
8.84	-0.93	-0.614	0.049	-0.69329	NAN	
8.85	-0.92	-0.61	0.052	-0.692785	NAN	
8.86	-0.915	-0.605	0.0465	-0.6922925	NAN	
8.87	-0.905	-0.601	0.0525	-0.6917975	NAN	
8.88	-0.9	-0.596	0.038	-0.691345	NAN	
8.89	-0.89	-0.5915	0.0515	-0.6908975	NAN	
8.9	-0.88	-0.5865	0.0385	-0.6904475	NAN	
8.91	-0.875	-0.582	0.054	-0.689985	NAN	
8.92	-0.865	-0.5775	0.053	-0.68945	NAN	
8.93	-0.86	-0.5725	0.0595	-0.6888875	NAN	
8.94	-0.85	-0.5685	0.0555	-0.6883125	NAN	
8.95	-0.84	-0.564	0.058	-0.687745	NAN	
8.96	-0.835	-0.5595	0.0535	-0.6871875	NAN	
8.97	-0.825	-0.5545	0.0595	-0.6866225	NAN	
8.98	-0.82	-0.55	0.05	-0.686075	NAN	
8.99	-0.81	-0.5455	0.0595	-0.6855275	NAN	
9	-0.8	-0.541	0.05	-0.68498	NAN	
9.01	-0.795	-0.5365	0.061	-0.684425	NAN	
9.02	-0.785	-0.532	0.0625	-0.6838075	NAN	
9.03	-0.78	-0.5275	0.061	-0.68319	NAN	
9.04	-0.77	-0.523	0.065	-0.68256	NAN	
9.05	-0.76	-0.5185	0.063	-0.68192	NAN	
9.06	-0.755	-0.514	0.06	-0.681305	NAN	
9.07	-0.745	-0.51	0.0675	-0.6806675	NAN	
9.08	-0.74	-0.505	0.0565	-0.6800475	NAN	
9.09	-0.73	-0.5005	0.065	-0.67944	NAN	
9.1	-0.72	-0.4965	0.0595	-0.6788175	NAN	
9.11	-0.715	-0.4915	0.0705	-0.6781675	NAN	
9.12	-0.705	-0.4875	0.0655	-0.6774875	NAN	
9.13	-0.7	-0.4825	0.069	-0.676815	NAN	
9.14	-0.69	-0.4785	0.0665	-0.6761375	NAN	
9.15	-0.68	-0.474	0.078	-0.675415	NAN	
9.16	-0.675	-0.4695	0.066	-0.674695	NAN	
9.17	-0.665	-0.4645	0.0745	-0.6739925	NAN	
9.18	-0.66	-0.4605	0.067	-0.673285	NAN	
9.19	-0.65	-0.4565	0.075	-0.672575	NAN	
9.2	-0.64	-0.4515	0.066	-0.67187	NAN	
9.21	-0.635	-0.4475	0.074	-0.67117	NAN	
9.22	-0.625	-0.443	0.071	-0.670445	NAN	
9.23	-0.62	-0.439	0.079	-0.669695	NAN	
9.24	-0.61	-0.4345	0.075	-0.668925	NAN	
9.25	-0.6	-0.4305	0.082	-0.66814	NAN	
9.26	-0.595	-0.426	0.0755	-0.6673525	NAN	
9.27	-0.585	-0.4215	0.085	-0.66655	NAN	
9.28	-0.58	-0.417	0.0745	-0.6657525	NAN	
9.29	-0.57	-0.413	0.0825	-0.6649675	NAN	
9.3	-0.56	-0.4085	0.0745	-0.6641825	NAN	
9.31	-0.555	-0.404	0.085	-0.663385	NAN	
9.32	-0.545	-0.4	0.083	-0.662545	NAN	
9.33	-0.54	-0.3955	0.088	-0.66169	NAN	
9.34	-0.53	-0.3915	0.086	-0.66082	NAN	
9.35	-0.52	-0.387	0.091	-0.659935	NAN	
9.36	-0.515	-0.3825	0.09	-0.65903	NAN	
9.37	-0.505	-0.3785	0.094	-0.65811	NAN	
9.38	-0.5	-0.374	0.087	-0.657205	NAN	
9.39	-0.49	-0.3695	0.0935	-0.6563025	NAN	
9.4	-0.48	-0.3655	0.0865	-0.6554025	NAN	
9.41	-0.475	-0.3615	0.0965	-0.6544875	NAN	
9.42	-0.465	-0.357	0.0955	-0.6535275	NAN	
9.43	-0.46	-0.353	0.101	-0.652545	NAN	
9.44	-0.45	-0.3485	0.097	-0.651555	NAN	
9.45	-0.44	-0.3445	0.1035	-0.6505525	NAN	
9.46	-0.435	-0.3405	0.0965	-0.6495525	NAN	
9.47	-0.425	-0.336	0.106	-0.64854	NAN	
9.48	-0.42	-0.332	0.0965	-0.6475275	NAN	
9.49	-0.41	-0.328	0.106	-0.646515	NAN	
9.5	-0.4	-0.3235	0.097	-0.6455	NAN	
9.51	-0.395	-0.319	0.109	-0.64447	NAN	
9.52	-0.385	-0.315	0.1085	-0.6433825	NAN	
9.53	-0.38	-0.311	0.114	-0.64227	NAN	
9.54	-0.37	-0.3065	0.1115	-0.6411425	NAN	
9.55	-0.36	-0.303	0.115	-0.64001	NAN	
9.56	-0.355	-0.2985	0.1105	-0.6388825	NAN	
9.57	-0.345	-0.2945	0.1175	-0.6377425	NAN	
9.58	-0.34	-0.2905	0.1105	-0.6366025	NAN	
9.59	-0.33	-0.2865	0.12	-0.63545	NAN	
9.6	-0.32	-0.282	0.1155	-0.6342725	NAN	
9.61	-0.315	-0.2785	0.123	-0.63308	NAN	
9.62	-0.305	-0.274	0.123	-0.63185	NAN	
9.63	-0.3	-0.27	0.125	-0.63061	NAN	
9.64	-0.29	-0.266	0.1235	-0.6293675	NAN	
9.65	-0.28	-0.2615	0.1245	-0.6281275	NAN	
9.66	-0.275	-0.2575	0.1235	-0.6268875	NAN	
9.67	-0.265	-0.2535	0.132	-0.62561	NAN	
9.68	-0.26	-0.2495	0.129	-0.624305	NAN	
9.69	-0.25	-0.245	0.1365	-0.6229775	NAN	
9.7	-0.24	-0.2415	0.132	-0.621635	NAN	
9.71	-0.235	-0.2375	0.141	-0.62027	NAN	
9.72	-0.225	-0.2335	0.1375	-0.6188775	NAN	
9.73	-0.22	-0.2295	0.141	-0.617485	NAN	
9.74	-0.21	-0.225	0.1365	-0.6160975	NAN	
9.75	-0.2	-0.2215	0.1415	-0.6147075	NAN	
9.76	-0.195	-0.217	0.139	-0.613305	NAN	
9.77	-0.185	-0.2135	0.1495	-0.6118625	NAN	
9.78	-0.18	-0.2095	0.1425	-0.6104025	NAN	
9.79	-0.17	-0.205	0.154	-0.60892	NAN	
9.8	-0.16	-0.201	0.148	-0.60741	NAN	
9.81	-0.155	-0.1975	0.155	-0.605895	NAN	
9.82	-0.145	-0.1935	0.153	-0.604355	NAN	
9.83	-0.14	-0.1895	0.154	-0.60282	NAN	
9.84	-0.13	-0.1855	0.153	-0.601285	NAN	
9.85	-0.12	-0.1815	0.155	-0.599745	NAN	
9.86	-0.115	-0.1775	0.1565	-0.5981875	NAN	
9.87	-0.105	-0.1735	0.166	-0.596575	NAN	
9.88	-0.1	-0.1695	0.1635	-0.5949275	NAN	
9.89	-0.09	-0.1655	0.1685	-0.5932675	NAN	
9.9	-0.08	-0.1615	0.165	-0.5916	NAN	
9.91	-0.075	-0.1575	0.169	-0.58993	NAN	
9.92	-0.065	-0.1535	0.168	-0.588245	NAN	
9.93	-0.06	-0.1495	0.169	-0.58656	NAN	
9.94	-0.05	-0.146	0.172	-0.584855	NAN	
9.95	-0.04	-0.142	0.175	-0.58312	NAN	
9.96	-0.035	-0.138	0.179	-0.58135	NAN	
9.97	-0.025	-0.134	0.186	-0.579525	NAN	
9.98	-0.02	-0.13	0.18	-0.577695	NAN	
9.99	-0.01	-0.1265	0.185	-0.57587	NAN	
10	0	-0.1225	0.1805	-0.5740425	NAN	
10.01	0.005	-0.1185	0.1845	-0.5722175	NAN	
10.02	0.015	-0.1145	0.185	-0.57037	NAN	
10.03	0.02	-0.1105	0.1915	-0.5684875	NAN	
10.04	0.03	-0.107	0.1905	-0.5665775	NAN	
10.05	0.04	-0.103	0.195	-0.56465	NAN	
10.06	0.045	-0.099	0.192	-0.562715	NAN	
10.07	0.055	-0.0955	0.1995	-0.5607575	NAN	
10.08	0.06	-0.0915	0.193	-0.558795	NAN	
10.09	0.07	-0.0875	0.201	-0.556825	NAN	
10.1	0.08	-0.0835	0.1975	-0.5548325	NAN	
10.11	0.085	-0.08	0.208	-0.552805	NAN	
10.12	0.095	-0.076	0.2085	-0.5507225	NAN	
10.13	0.1	-0.0725	0.211	-0.548625	NAN	
10.14	0.11	-0.0685	0.211	-0.546515	NAN	
10.15	0.12	-0.065	0.21	-0.54441	NAN	
10.16	0.125	-0.061	0.211	-0.542305	NAN	
10.17	0.135	-0.057	0.217	-0.540165	NAN	
10.18	0.14	-0.0535	0.2165	-0.5379975	NAN	
10.19	0.15	-0.05	0.2245	-0.5357925	NAN	
10.2	0.16	-0.046	0.2215	-0.5335625	NAN	
10.21	0.165	-0.042	0.2265	-0.5313225	NAN	
10.22	0.175	-0.0385	0.227	-0.529055	NAN	
10.23	0.18	-0.0345	0.2265	-0.5267875	NAN	
10.24	0.19	-0.031	0.229	-0.52451	NAN	
10.25	0.2	-0.0275	0.2295	-0.5222175	NAN	
10.26	0.205	-0.024	0.251	-0.519815	NAN	
10.27	0.215	-0.0205	0.245	-0.517335	NAN	
10.28	0.22	-0.0165	0.2255	-0.5149825	NAN	
10.29	0.23	-0.013	0.2425	-0.5126425	NAN	
10.3	0.24	-0.0115	0.2375	-0.5102425	NAN	
10.31	0.245	-0.006	0.2485	-0.5078125	NAN	
10.32	0.255	-0.001	0.2535	-0.5053025	NAN	
10.33	0.26	0.0015	0.2555	-0.5027575	NAN	
10.34	0.27	0.0045	0.2535	-0.5002125	NAN	
10.35	0.28	0.008	0.257	-0.49766	NAN	
10.36	0.285	0.0105	0.26	-0.495075	NAN	
10.37	0.295	0.015	0.265	-0.49245	NAN	
10.38	0.3	0.0185	0.2685	-0.4897825	NAN	
10.39	0.31	0.0215	0.278	-0.48705	NAN	
10.4	0.32	0.0245	0.2725	-0.4842975	NAN	
10.41	0.325	0.0275	0.2825	-0.4815225	NAN	
10.42	0.335	0.0295	0.277	-0.478725	NAN	
10.43	0.34	0.0335	0.275	-0.475965	NAN	
10.44	0.35	0.037	0.288	-0.47315	NAN	
10.45	0.36	0.039	0.285	-0.470285	NAN	
10.46	0.365	0.042	0.2935	-0.4673925	NAN	
10.47	0.375	0.0445	0.302	-0.464415	NAN	
10.48	0.38	0.0475	0.3005	-0.4614025	NAN	
10.49	0.39	0.0495	0.305	-0.458375	NAN	
10.5	0.4	0.0525	0.309	-0.455305	NAN	
10.51	0.405	0.0555	0.3125	-0.4521975	NAN	
10.52	0.415	0.0575	0.314	-0.449065	NAN	
10.53	0.42	0.06	0.3235	-0.4458775	NAN	
10.54	0.43	0.062	0.329	-0.442615	NAN	
10.55	0.44	0.064	0.3305	-0.4393175	NAN	
10.56	0.445	0.0665	0.332	-0.436005	NAN	
10.57	0.455	0.069	0.3405	-0.4326425	NAN	
10.58	0.46	0.071	0.34	-0.42924	NAN	
10.59	0.47	0.073	0.3495	-0.4257925	NAN	
10.6	0.48	0.075	0.354	-0.422275	NAN	
10.61	0.485	0.077	0.357	-0.41872	NAN	
10.62	0.495	0.079	0.3525	-0.4151725	NAN	
10.63	0.5	0.081	0.3695	-0.4115625	NAN	
10.64	0.51	0.0825	0.373	-0.40785	NAN	
10.65	0.52	0.0845	0.377	-0.4041	NAN	
10.66	0.525	0.086	0.385	-0.40029	NAN	
10.67	0.535	0.0875	0.3985	-0.3963725	NAN	
10.68	0.54	0.0895	0.388	-0.39244	NAN	
10.69	0.55	0.0915	0.394	-0.38853	NAN	
10.7	0.56	0.093	0.402	-0.38455	NAN	
10.71	0.565	0.095	0.4085	-0.3804975	NAN	
10.72	0.575	0.0965	0.4195	-0.3763575	NAN	
10.73	0.58	0.0985	0.4175	-0.3721725	NAN	
10.74	0.59	0.1	0.4225	-0.3679725	NAN	
10.75	0.6	0.102	0.426	-0.36373	NAN	
10.76	0.605	0.1035	0.434	-0.35943	NAN	
10.77	0.615	0.1055	0.446	-0.35503	NAN	
10.78	0.62	0.107	0.4425	-0.3505875	NAN	
10.79	0.63	0.109	0.449	-0.34613	NAN	
10.8	0.64	0.111	0.447	-0.34165	NAN	
10.81	0.645	0.1125	0.4565	-0.3371325	NAN	
10.82	0.655	0.1145	0.465	-0.332525	NAN	
10.83	0.66	0.1165	0.47	-0.32785	NAN	
10.84	0.67	0.1185	0.4705	-0.3231475	NAN	
10.85	0.68	0.1205	0.477	-0.31841	NAN	
10.86	0.685	0.1225	0.4795	-0.3136275	NAN	
10.87	0.695	0.1245	0.494	-0.30876	NAN	
10.88	0.7	0.1265	0.49	-0.30384	NAN	
10.89	0.71	0.129	0.498	-0.2989	NAN	
10.9	0.72	0.131	0.495	-0.293935	NAN	
10.91	0.725	0.1335	0.507	-0.288925	NAN	
10.92	0.735	0.136	0.511	-0.283835	NAN	
10.93	0.74	0.139	0.508	-0.27874	NAN	
10.94	0.75	0.142	0.5115	-0.2736425	NAN	
10.95	0.76	0.1445	0.533	-0.26842	NAN	
10.96	0.765	0.148	0.522	-0.263145	NAN	
10.97	0.775	0.151	0.5405	-0.2578325	NAN	
10.98	0.78	0.1545	0.5225	-0.2525175	NAN	
10.99	0.79	0.158	0.53	-0.247255	NAN	
11	0.8	0.1615	0.525	-0.24198	NAN	
11.01	0.805	0.165	0.5355	-0.2366775	NAN	
11.02	0.815	0.1685	0.54	-0.2313	NAN	
11.03	0.82	0.1725	0.5405	-0.2258975	NAN	
11.04	0.83	0.1755	0.542	-0.220485	NAN	
11.05	0.84	0.179	0.5415	-0.2150675	NAN	
11.06	0.845	0.182	0.546	-0.20963	NAN	
11.07	0.855	0.185	0.5575	-0.2041125	NAN	
11.08	0.86	0.188	0.5525	-0.1985625	NAN	
11.09	0.87	0.1905	0.5615	-0.1929925	NAN	
11.1	0.88	0.1935	0.553	-0.18742	NAN	
11.11	0.885	0.196	0.5675	-0.1818175	NAN	
11.12	0.895	0.199	0.5725	-0.1761175	NAN	
11.13	0.9	0.202	0.581	-0.17035	NAN	
11.14	0.91	0.2045	0.5735	-0.1645775	NAN	
11.15	0.92	0.208	0.578	-0.15882	NAN	
11.16	0.925	0.211	0.581	-0.153025	NAN	
11.17	0.935	0.2145	0.593	-0.147155	NAN	
11.18	0.94	0.2175	0.5865	-0.1412575	NAN	
11.19	0.95	0.2215	0.5915	-0.1353675	NAN	
11.2	0.96	0.2245	0.5875	-0.1294725	NAN	
11.21	0.965	0.228	0.597	-0.12355	NAN	
11.22	0.975	0.232	0.599	-0.11757	NAN	
11.23	0.98	0.2355	0.5975	-0.1115875	NAN	
11.24	0.99	0.239	0.594	-0.10563	NAN	
11.25	1	0.243	0.598	-0.09967	NAN	
11.26	1.005	0.2475	0.6015	-0.0936725	NAN	
11.27	1.015	0.2515	0.6065	-0.0876325	NAN	
11.28	1.02	0.2565	0.597	-0.081615	NAN	
11.29	1.03	0.261	0.6035	-0.0756125	NAN	
11.3	1.04	0.266	0.6005	-0.0695925	NAN	
11.31	1.045	0.2715	0.605	-0.063565	NAN	
11.32	1.055	0.277	0.6005	-0.0575375	NAN	
11.33	1.06	0.2825	0.597	-0.05155	NAN	
11.34	1.07	0.2885	0.5955	-0.0455875	NAN	
11.35	1.08	0.295	0.5955	-0.0396325	NAN	
11.36	1.085	0.302	0.5705	-0.0338025	NAN	
11.37	1.095	0.309	0.5885	-0.0280075	NAN	
11.38	1.1	0.3165	0.5735	-0.0221975	NAN	
11.39	1.11	0.3245	0.5735	-0.0164625	NAN	
11.4	1.12	0.3325	0.5635	-0.0107775	NAN	
11.41	1.125	0.341	0.5625	-0.0051475	NAN	
11.42	1.135	0.35	0.551	0.00042	NAN	
11.43	1.14	0.3585	0.549	0.00592	NAN	
11.44	1.15	0.3675	0.5475	0.0114025	NAN	
11.45	1.16	0.377	0.537	0.016825	NAN	
11.46	1.165	0.3865	0.5275	0.0221475	NAN	
11.47	1.175	0.396	0.525	0.02741	NAN	
11.48	1.18	0.4055	0.508	0.032575	NAN	
11.49	1.19	0.415	0.5095	0.0376625	NAN	
11.5	1.2	0.425	0.4965	0.0426925	NAN	
11.51	1.205	0.434	0.492	0.047635	NAN	
11.52	1.215	0.444	0.4795	0.0524925	NAN	
11.53	1.22	0.454	0.474	0.05726	NAN	
11.54	1.23	0.4635	0.4665	0.0619625	NAN	
11.55	1.24	0.4735	0.4625	0.0666075	NAN	
11.56	1.245	0.4835	0.4475	0.0711575	NAN	
11.57	1.255	0.4935	0.4435	0.0756125	NAN	
11.58	1.26	0.5035	0.435	0.080005	NAN	
11.59	1.27	0.514	0.426	0.08431	NAN	
11.6	1.28	0.524	0.414	0.08851	NAN	
11.61	1.285	0.534	0.408	0.09262	NAN	
11.62	1.295	0.544	0.399	0.096655	NAN	
11.63	1.3	0.5545	0.387	0.100585	NAN	
11.64	1.31	0.5645	0.375	0.104395	NAN	
11.65	1.32	0.5745	0.369	0.108115	NAN	
11.66	1.325	0.585	0.364	0.11178	NAN	
11.67	1.335	0.5955	0.3595	0.1153975	NAN	
11.68	1.34	0.6055	0.3345	0.1188675	NAN	
11.69	1.35	0.6155	0.3385	0.1222325	NAN	
11.7	1.36	0.626	0.323	0.12554	NAN	
11.71	1.365	0.6365	0.326	0.128785	NAN	
11.72	1.375	0.647	0.313	0.13198	NAN	
11.73	1.38	0.6565	0.3065	0.1350775	NAN	
11.74	1.39	0.667	0.293	0.138075	NAN	
11.75	1.4	0.677	0.2855	0.1409675	NAN	
11.76	1.405	0.6875	0.2785	0.1437875	NAN	
11.77	1.415	0.6975	0.2715	0.1465375	NAN	
11.78	1.42	0.7075	0.257	0.14918	NAN	
11.79	1.43	0.7175	0.261	0.15177	NAN	
11.8	1.44	0.727	0.2415	0.1542825	NAN	
11.81	1.445	0.737	0.242	0.1567	NAN	
11.82	1.455	0.747	0.23	0.15906	NAN	
11.83	1.46	0.7565	0.2215	0.1613175	NAN	
11.84	1.47	0.7665	0.2115	0.1634825	NAN	
11.85	1.48	0.7755	0.2085	0.1655825	NAN	
11.86	1.485	0.785	0.1965	0.1676075	NAN	
11.87	1.495	0.7945	0.2015	0.1695975	NAN	
11.88	1.5	0.8035	0.189	0.17155	NAN	
11.89	1.51	0.8125	0.1895	0.1734425	NAN	
11.9	1.52	0.8215	0.1645	0.1752125	NAN	
11.91	1.525	0.8305	0.1725	0.1768975	NAN	
11.92	1.535	0.839	0.1615	0.1785675	NAN	
11.93	1.54	0.8475	0.161	0.18018	NAN	
11.94	1.55	0.8555	0.1535	0.1817525	NAN	
11.95	1.56	0.864	0.151	0.183275	NAN	
11.96	1.565	0.872	0.141	0.184735	NAN	
11.97	1.575	0.8805	0.146	0.18617	NAN	
11.98	1.58	0.888	0.1275	0.1875375	NAN	
11.99	1.59	0.896	0.1325	0.1888375	NAN	
12	1.6	0.904	0.1175	0.1900875	NAN	
12.01	1.605	0.911	0.122	0.191285	NAN	
12.02	1.615	0.918	0.114	0.192465	NAN	
12.03	1.62	0.9255	0.117	0.19362	NAN	
12.04	1.63	0.9325	0.1085	0.1947475	NAN	
12.05	1.64	0.9395	0.11	0.19584	NAN	
12.06	1.645	0.946	0.095	0.196865	NAN	
12.07	1.655	0.953	0.099	0.197835	NAN	
12.08	1.66	0.9595	0.0955	0.1988075	NAN	
12.09	1.67	0.966	0.096	0.199765	NAN	
12.1	1.68	0.972	0.086	0.200675	NAN	
12.11	1.685	0.9785	0.091	0.20156	NAN	
12.12	1.695	0.985	0.08	0.202415	NAN	
12.13	1.7	0.991	0.0905	0.2032675	NAN	
12.14	1.71	0.997	0.084	0.20414	NAN	
12.15	1.72	1.003	0.085	0.204985	NAN	
12.16	1.725	1.009	0.0775	0.2057975	NAN	
12.17	1.735	1.0145	0.08	0.206585	NAN	
12.18	1.74	1.02	0.07	0.207335	NAN	
12.19	1.75	1.02	0.075	0.20806	NAN	
12.2	1.76	1.02	0.066	0.208765	NAN	
12.21	1.765	1.02	0.0715	0.2094525	NAN	
12.22	1.775	1.02	0.069	0.210155	NAN	
12.23	1.78	1.02	0.073	0.210865	NAN	
12.24	1.79	1.02	0.069	0.211575	NAN	
12.25	1.8	1.02	0.067	0.212255	NAN	
12.26	1.805	1.02	0.0665	0.2129225	NAN	
12.27	1.815	1.02	0.073	0.21362	NAN	
12.28	1.82	1.02	0.061	0.21429	NAN	
12.29	1.83	1.02	0.066	0.214925	NAN	
12.3	1.84	1.02	0.0535	0.2155225	NAN	
12.31	1.845	1.02	0.062	0.2161	NAN	
12.32	1.855	1.02	0.055	0.216685	NAN	
12.33	1.86	1.02	0.061	0.217265	NAN	
12.34	1.87	1.02	0.0525	0.2178325	NAN	
12.35	1.88	1.02	0.062	0.218405	NAN	
12.36	1.885	1.02	0.0555	0.2189925	NAN	
12.37	1.895	1.02	0.0725	0.2196325	NAN	
12.38	1.9	1.02	0.0545	0.2202675	NAN	
12.39	1.91	1.02	0.0605	0.2208425	NAN	
12.4	1.92	1.02	0.049	0.22139	NAN	
12.41	1.925	1.02	-0.0075	0.2215975	NAN	
12.42	1.935	1.02	-0.009	0.221515	NAN	
12.43	1.94	1.02	-0.0025	0.2214575	NAN	
12.44	1.95	1.02	-0.0175	0.2213575	NAN	
12.45	1.96	1.02	0.0025	0.2212825	NAN	
12.46	1.965	1.02	-0.012	0.221235	NAN	
12.47	1.975	1.02	0.0025	0.2211875	NAN	
12.48	1.98	1.02	-0.014	0.22113	NAN	
12.49	1.99	1.02	-0.0025	0.2210475	NAN	
12.5	2	1.02	-0.0155	0.2209575	NAN	
