MIN=0	-10	-1	-1	-2	0	
MAX=12.5	10	1	1	2	50	
SCALE=5	5	0.5	0.5	1	10	
DEC=2	2	3	3	2	2	
DEF="Time" t / s	"Voltage" U_1 / V	"Current" I_1 / A	"Voltage" U_B2 / V	"Magnetic Flux" &F / Vs	"Frequency" f / Hz	
0	0	0	-0.0005	0	NAN	
0.01	0.005	0	0.0075	3.5E-5	NAN	
0.02	0.015	0.0005	0.011	0.0001275	NAN	
0.03	0.02	0.0015	0.017	0.0002675	NAN	
0.04	0.03	0.002	0.021	0.0004575	NAN	
0.05	0.04	0.0025	0.033	0.0007275	NAN	
0.06	0.045	0.004	0.037	0.0010775	NAN	
0.07	0.055	0.005	0.051	0.0015175	NAN	
0.08	0.06	0.0065	0.045	0.0019975	NAN	
0.09	0.07	0.0075	0.0575	0.00251	NAN	
0.1	0.08	0.0095	0.0545	0.00307	NAN	
0.11	0.085	0.0105	0.0715	0.0037	NAN	
0.12	0.095	0.013	0.071	0.0044125	NAN	
0.13	0.1	0.015	0.0785	0.00516	NAN	
0.14	0.11	0.017	0.0755	0.00593	NAN	
0.15	0.12	0.0185	0.0855	0.006735	NAN	
0.16	0.125	0.021	0.0875	0.0076	NAN	
0.17	0.135	0.023	0.1025	0.00855	NAN	
0.18	0.14	0.0255	0.0945	0.009535	NAN	
0.19	0.15	0.0275	0.1045	0.01053	NAN	
0.2	0.16	0.03	0.102	0.0115625	NAN	
0.21	0.165	0.0325	0.115	0.0126475	NAN	
0.22	0.175	0.035	0.1165	0.013805	NAN	
0.23	0.18	0.0375	0.12	0.0149875	NAN	
0.24	0.19	0.04	0.119	0.0161825	NAN	
0.25	0.2	0.043	0.128	0.0174175	NAN	
0.26	0.205	0.0455	0.131	0.0187125	NAN	
0.27	0.215	0.0475	0.142	0.0200775	NAN	
0.28	0.22	0.0505	0.132	0.0214475	NAN	
0.29	0.23	0.054	0.1455	0.022835	NAN	
0.3	0.24	0.056	0.141	0.0242675	NAN	
0.31	0.245	0.0585	0.156	0.0257525	NAN	
0.32	0.255	0.0615	0.1535	0.0273	NAN	
0.33	0.26	0.0635	0.1595	0.028865	NAN	
0.34	0.27	0.0665	0.1565	0.030445	NAN	
0.35	0.28	0.0695	0.168	0.0320675	NAN	
0.36	0.285	0.072	0.168	0.0337475	NAN	
0.37	0.295	0.075	0.1795	0.035485	NAN	
0.38	0.3	0.0775	0.1705	0.037235	NAN	
0.39	0.31	0.08	0.185	0.0390125	NAN	
0.4	0.32	0.083	0.1825	0.04085	NAN	
0.41	0.325	0.0855	0.1905	0.042715	NAN	
0.42	0.335	0.0885	0.1885	0.04461	NAN	
0.43	0.34	0.091	0.194	0.0465225	NAN	
0.44	0.35	0.0935	0.197	0.0484775	NAN	
0.45	0.36	0.0965	0.2045	0.050485	NAN	
0.46	0.365	0.099	0.202	0.0525175	NAN	
0.47	0.375	0.102	0.2115	0.054585	NAN	
0.48	0.38	0.1045	0.208	0.0566825	NAN	
0.49	0.39	0.1075	0.2225	0.058835	NAN	
0.5	0.4	0.1105	0.214	0.0610175	NAN	
0.51	0.405	0.1135	0.224	0.0632075	NAN	
0.52	0.415	0.1165	0.2215	0.065435	NAN	
0.53	0.42	0.1195	0.2335	0.06771	NAN	
0.54	0.43	0.1225	0.23	0.0700275	NAN	
0.55	0.44	0.1255	0.2355	0.072355	NAN	
0.56	0.445	0.129	0.2305	0.074685	NAN	
0.57	0.455	0.1315	0.248	0.0770775	NAN	
0.58	0.46	0.1345	0.241	0.0795225	NAN	
0.59	0.47	0.1375	0.251	0.0819825	NAN	
0.6	0.48	0.1405	0.2435	0.084455	NAN	
0.61	0.485	0.143	0.2575	0.08696	NAN	
0.62	0.495	0.1455	0.2595	0.089545	NAN	
0.63	0.5	0.1485	0.2635	0.09216	NAN	
0.64	0.51	0.151	0.2625	0.09479	NAN	
0.65	0.52	0.1535	0.269	0.0974475	NAN	
0.66	0.525	0.156	0.273	0.1001575	NAN	
0.67	0.535	0.1585	0.2835	0.10294	NAN	
0.68	0.54	0.161	0.275	0.1057325	NAN	
0.69	0.55	0.1635	0.2875	0.108545	NAN	
0.7	0.56	0.1665	0.285	0.1114075	NAN	
0.71	0.565	0.169	0.2985	0.114325	NAN	
0.72	0.575	0.1715	0.293	0.1172825	NAN	
0.73	0.58	0.174	0.3015	0.120255	NAN	
0.74	0.59	0.1765	0.3025	0.123275	NAN	
0.75	0.6	0.1795	0.3125	0.12635	NAN	
0.76	0.605	0.182	0.305	0.1294375	NAN	
0.77	0.615	0.1845	0.318	0.1325525	NAN	
0.78	0.62	0.1875	0.3135	0.13571	NAN	
0.79	0.63	0.19	0.329	0.1389225	NAN	
0.8	0.64	0.1925	0.3185	0.14216	NAN	
0.81	0.645	0.1955	0.328	0.1453925	NAN	
0.82	0.655	0.1985	0.331	0.1486875	NAN	
0.83	0.66	0.201	0.338	0.1520325	NAN	
0.84	0.67	0.2045	0.3345	0.155395	NAN	
0.85	0.68	0.2075	0.339	0.1587625	NAN	
0.86	0.685	0.2105	0.342	0.1621675	NAN	
0.87	0.695	0.2135	0.353	0.1656425	NAN	
0.88	0.7	0.2165	0.3445	0.16913	NAN	
0.89	0.71	0.22	0.3535	0.17262	NAN	
0.9	0.72	0.2235	0.351	0.1761425	NAN	
0.91	0.725	0.227	0.362	0.1797075	NAN	
0.92	0.735	0.2305	0.3565	0.1833	NAN	
0.93	0.74	0.234	0.364	0.1869025	NAN	
0.94	0.75	0.238	0.3625	0.190535	NAN	
0.95	0.76	0.242	0.368	0.1941875	NAN	
0.96	0.765	0.246	0.3605	0.19783	NAN	
0.97	0.775	0.25	0.374	0.2015025	NAN	
0.98	0.78	0.2545	0.3655	0.2052	NAN	
0.99	0.79	0.259	0.374	0.2088975	NAN	
1	0.8	0.2635	0.3605	0.21257	NAN	
1.01	0.805	0.2685	0.3755	0.21625	NAN	
1.02	0.815	0.273	0.371	0.2199825	NAN	
1.03	0.82	0.278	0.3715	0.223695	NAN	
1.04	0.83	0.2835	0.364	0.2273725	NAN	
1.05	0.84	0.289	0.371	0.2310475	NAN	
1.06	0.845	0.2945	0.366	0.2347325	NAN	
1.07	0.855	0.3005	0.368	0.2384025	NAN	
1.08	0.86	0.3065	0.358	0.2420325	NAN	
1.09	0.87	0.3125	0.3675	0.24566	NAN	
1.1	0.88	0.3185	0.355	0.2492725	NAN	
1.11	0.885	0.325	0.3575	0.252835	NAN	
1.12	0.895	0.3315	0.353	0.2563875	NAN	
1.13	0.9	0.338	0.3575	0.25994	NAN	
1.14	0.91	0.345	0.3465	0.26346	NAN	
1.15	0.92	0.351	0.346	0.2669225	NAN	
1.16	0.925	0.3585	0.3395	0.27035	NAN	
1.17	0.935	0.3655	0.3495	0.273795	NAN	
1.18	0.94	0.3725	0.3315	0.2772	NAN	
1.19	0.95	0.3795	0.337	0.2805425	NAN	
1.2	0.96	0.387	0.3245	0.28385	NAN	
1.21	0.965	0.394	0.3315	0.28713	NAN	
1.22	0.975	0.4015	0.318	0.2903775	NAN	
1.23	0.98	0.4085	0.319	0.2935625	NAN	
1.24	0.99	0.4155	0.311	0.2967125	NAN	
1.25	1	0.423	0.3155	0.299845	NAN	
1.26	1.005	0.43	0.303	0.3029375	NAN	
1.27	1.015	0.4375	0.307	0.3059875	NAN	
1.28	1.02	0.444	0.2975	0.30901	NAN	
1.29	1.03	0.4515	0.304	0.3120175	NAN	
1.3	1.04	0.4585	0.288	0.3149775	NAN	
1.31	1.045	0.4655	0.291	0.3178725	NAN	
1.32	1.055	0.4725	0.2855	0.320755	NAN	
1.33	1.06	0.48	0.2875	0.32362	NAN	
1.34	1.07	0.4865	0.2775	0.326445	NAN	
1.35	1.08	0.4935	0.275	0.3292075	NAN	
1.36	1.085	0.501	0.2685	0.331925	NAN	
1.37	1.095	0.5075	0.278	0.3346575	NAN	
1.38	1.1	0.5145	0.262	0.3373575	NAN	
1.39	1.11	0.522	0.266	0.3399975	NAN	
1.4	1.12	0.529	0.2505	0.34258	NAN	
1.41	1.125	0.536	0.2615	0.34514	NAN	
1.42	1.135	0.543	0.2515	0.347705	NAN	
1.43	1.14	0.55	0.251	0.3502175	NAN	
1.44	1.15	0.557	0.2395	0.35267	NAN	
1.45	1.16	0.5635	0.246	0.3550975	NAN	
1.46	1.165	0.571	0.2375	0.357515	NAN	
1.47	1.175	0.577	0.24	0.3599025	NAN	
1.48	1.18	0.5845	0.2255	0.36223	NAN	
1.49	1.19	0.5915	0.2315	0.364515	NAN	
1.5	1.2	0.5985	0.2245	0.366795	NAN	
1.51	1.205	0.605	0.225	0.3690425	NAN	
1.52	1.215	0.6115	0.2165	0.37125	NAN	
1.53	1.22	0.6185	0.2185	0.373425	NAN	
1.54	1.23	0.625	0.2225	0.37563	NAN	
1.55	1.24	0.632	0.213	0.3778075	NAN	
1.56	1.245	0.6385	0.202	0.3798825	NAN	
1.57	1.255	0.6455	0.208	0.3819325	NAN	
1.58	1.26	0.652	0.1995	0.38397	NAN	
1.59	1.27	0.6585	0.2085	0.38601	NAN	
1.6	1.28	0.6655	0.1895	0.388	NAN	
1.61	1.285	0.672	0.196	0.3899275	NAN	
1.62	1.295	0.6785	0.1855	0.391835	NAN	
1.63	1.3	0.685	0.1935	0.39373	NAN	
1.64	1.31	0.6915	0.182	0.3956075	NAN	
1.65	1.32	0.698	0.1825	0.39743	NAN	
1.66	1.325	0.7045	0.17	0.3991925	NAN	
1.67	1.335	0.7115	0.1835	0.40096	NAN	
1.68	1.34	0.7175	0.1715	0.402735	NAN	
1.69	1.35	0.7245	0.1765	0.404475	NAN	
1.7	1.36	0.731	0.162	0.4061675	NAN	
1.71	1.365	0.7375	0.17	0.4078275	NAN	
1.72	1.375	0.744	0.164	0.4094975	NAN	
1.73	1.38	0.7505	0.1665	0.41115	NAN	
1.74	1.39	0.757	0.1565	0.412765	NAN	
1.75	1.4	0.7635	0.156	0.4143275	NAN	
1.76	1.405	0.77	0.1505	0.41586	NAN	
1.77	1.415	0.7765	0.1595	0.41741	NAN	
1.78	1.42	0.7825	0.1465	0.41894	NAN	
1.79	1.43	0.789	0.151	0.4204275	NAN	
1.8	1.44	0.7955	0.1375	0.42187	NAN	
1.81	1.445	0.802	0.148	0.4232975	NAN	
1.82	1.455	0.8085	0.1395	0.424735	NAN	
1.83	1.46	0.8145	0.144	0.4261525	NAN	
1.84	1.47	0.821	0.1305	0.427525	NAN	
1.85	1.48	0.827	0.134	0.4288475	NAN	
1.86	1.485	0.8335	0.127	0.4301525	NAN	
1.87	1.495	0.8395	0.139	0.4314825	NAN	
1.88	1.5	0.8455	0.1245	0.4328	NAN	
1.89	1.51	0.852	0.128	0.4340625	NAN	
1.9	1.52	0.858	0.1155	0.43528	NAN	
1.91	1.525	0.8645	0.126	0.4364875	NAN	
1.92	1.535	0.8705	0.121	0.4377225	NAN	
1.93	1.54	0.8765	0.1205	0.43893	NAN	
1.94	1.55	0.8825	0.1115	0.44009	NAN	
1.95	1.56	0.889	0.114	0.4412175	NAN	
1.96	1.565	0.895	0.1105	0.44234	NAN	
1.97	1.575	0.901	0.118	0.4434825	NAN	
1.98	1.58	0.907	0.1055	0.4446	NAN	
1.99	1.59	0.913	0.11	0.4456775	NAN	
2	1.6	0.919	0.099	0.4467225	NAN	
2.01	1.605	0.9245	0.109	0.4477625	NAN	
2.02	1.615	0.9305	0.1015	0.448815	NAN	
2.03	1.62	0.9365	0.1035	0.44984	NAN	
2.04	1.63	0.9415	0.0925	0.45082	NAN	
2.05	1.64	0.9475	0.0975	0.45177	NAN	
2.06	1.645	0.9535	0.091	0.4527125	NAN	
2.07	1.655	0.959	0.1025	0.45368	NAN	
2.08	1.66	0.965	0.087	0.4546275	NAN	
2.09	1.67	0.9705	0.094	0.4555325	NAN	
2.1	1.68	0.976	0.083	0.4564175	NAN	
2.11	1.685	0.9815	0.0935	0.4573	NAN	
2.12	1.695	0.987	0.0875	0.458205	NAN	
2.13	1.7	0.9925	0.0885	0.459085	NAN	
2.14	1.71	0.998	0.08	0.4599275	NAN	
2.15	1.72	1.0035	0.0825	0.46074	NAN	
2.16	1.725	1.009	0.08	0.4615525	NAN	
2.17	1.735	1.0145	0.088	0.4623925	NAN	
2.18	1.74	1.02	0.076	0.4632125	NAN	
2.19	1.75	1.02	0.0795	0.46399	NAN	
2.2	1.76	1.02	0.07	0.4647375	NAN	
2.21	1.765	1.02	0.08	0.4654875	NAN	
2.22	1.775	1.02	0.076	0.4662675	NAN	
2.23	1.78	1.02	0.08	0.4670475	NAN	
2.24	1.79	1.02	0.0685	0.46779	NAN	
2.25	1.8	1.02	0.0725	0.468495	NAN	
2.26	1.805	1.02	0.067	0.4691925	NAN	
2.27	1.815	1.02	0.079	0.4699225	NAN	
2.28	1.82	1.02	0.0665	0.47065	NAN	
2.29	1.83	1.02	0.0735	0.47135	NAN	
2.3	1.84	1.02	0.061	0.4720225	NAN	
2.31	1.845	1.02	0.07	0.4726775	NAN	
2.32	1.855	1.02	0.067	0.4733625	NAN	
2.33	1.86	1.02	0.072	0.4740575	NAN	
2.34	1.87	1.02	0.064	0.4747375	NAN	
2.35	1.88	1.02	0.064	0.4753775	NAN	
2.36	1.885	1.02	0.059	0.4759925	NAN	
2.37	1.895	1.02	0.068	0.4766275	NAN	
2.38	1.9	1.02	0.0615	0.477275	NAN	
2.39	1.91	1.02	0.0675	0.47792	NAN	
2.4	1.92	1.02	-0.01	0.4782075	NAN	
2.41	1.925	1.02	-0.014	0.4780875	NAN	
2.42	1.935	1.02	-0.001	0.4780125	NAN	
2.43	1.94	1.02	-0.0095	0.47796	NAN	
2.44	1.95	1.02	-0.008	0.4778725	NAN	
2.45	1.96	1.02	-0.011	0.4777775	NAN	
2.46	1.965	1.02	-0.008	0.4776825	NAN	
2.47	1.975	1.02	-0.009	0.4775975	NAN	
2.48	1.98	1.02	-0.007	0.4775175	NAN	
2.49	1.99	1.02	-0.0125	0.47742	NAN	
2.5	2	1.02	-0.0115	0.4773	NAN	
2.51	1.995	1.02	-0.008	0.4772025	NAN	
2.52	1.985	1.02	-0.003	0.4771475	NAN	
2.53	1.98	1.02	-0.0105	0.47708	NAN	
2.54	1.97	1.02	-0.012	0.4769675	NAN	
2.55	1.96	1.02	-0.011	0.4768525	NAN	
2.56	1.955	1.02	-0.0075	0.47676	NAN	
2.57	1.945	1.02	-0.008	0.4766825	NAN	
2.58	1.94	1.02	-0.006	0.4766125	NAN	
2.59	1.93	1.02	-0.011	0.4765275	NAN	
2.6	1.92	1.02	-0.0055	0.476445	NAN	
2.61	1.915	1.02	-0.008	0.4763775	NAN	
2.62	1.905	1.02	-0.0045	0.476315	NAN	
2.63	1.9	1.02	-0.0125	0.47623	NAN	
2.64	1.89	1.02	-0.011	0.4761125	NAN	
2.65	1.88	1.02	-0.009	0.4760125	NAN	
2.66	1.875	1.02	-0.008	0.4759275	NAN	
2.67	1.865	1.02	-0.0115	0.47583	NAN	
2.68	1.86	1.02	-0.0045	0.47575	NAN	
2.69	1.85	1.02	0.01	0.4757775	NAN	
2.7	1.84	1.02	-0.009	0.4757825	NAN	
2.71	1.835	1.02	0.0045	0.47576	NAN	
2.72	1.825	1.02	-0.0105	0.47573	NAN	
2.73	1.82	1.02	-0.0065	0.475645	NAN	
2.74	1.81	1.02	-0.0135	0.475545	NAN	
2.75	1.8	1.02	-0.0055	0.47545	NAN	
2.76	1.795	1.02	-0.0155	0.475345	NAN	
2.77	1.785	1.02	-0.016	0.4751875	NAN	
2.78	1.78	1.02	-0.018	0.4750175	NAN	
2.79	1.77	1.02	-0.012	0.4748675	NAN	
2.8	1.76	1.02	-0.0155	0.47473	NAN	
2.81	1.755	1.02	-0.016	0.4745725	NAN	
2.82	1.745	1.02	-0.0225	0.47438	NAN	
2.83	1.74	1.02	-0.0155	0.47419	NAN	
2.84	1.73	1.02	-0.019	0.4740175	NAN	
2.85	1.72	1.02	-0.015	0.4738475	NAN	
2.86	1.715	1.02	-0.022	0.4736625	NAN	
2.87	1.705	1.02	-0.0155	0.473475	NAN	
2.88	1.7	1.02	-0.02	0.4732975	NAN	
2.89	1.69	1.02	-0.015	0.4731225	NAN	
2.9	1.68	1.02	-0.026	0.4729175	NAN	
2.91	1.675	1.02	-0.0175	0.4727	NAN	
2.92	1.665	1.02	-0.0215	0.472505	NAN	
2.93	1.66	1.02	-0.017	0.4723125	NAN	
2.94	1.65	1.02	-0.0265	0.472095	NAN	
2.95	1.64	1.02	-0.0195	0.471865	NAN	
2.96	1.635	1.02	-0.0235	0.47165	NAN	
2.97	1.625	1.02	-0.0195	0.471435	NAN	
2.98	1.62	1.0185	-0.023	0.4712225	NAN	
2.99	1.61	1.014	-0.0245	0.470985	NAN	
3	1.6	1.0095	-0.0245	0.47074	NAN	
3.01	1.595	1.005	-0.0185	0.470525	NAN	
3.02	1.585	1.0005	-0.024	0.4703125	NAN	
3.03	1.58	0.9955	-0.023	0.4700775	NAN	
3.04	1.57	0.9915	-0.0285	0.46982	NAN	
3.05	1.56	0.9865	-0.0185	0.469585	NAN	
3.06	1.555	0.982	-0.0235	0.469375	NAN	
3.07	1.545	0.9775	-0.025	0.4691325	NAN	
3.08	1.54	0.9725	-0.0295	0.46886	NAN	
3.09	1.53	0.968	-0.0245	0.46859	NAN	
3.1	1.52	0.963	-0.023	0.4683525	NAN	
3.11	1.515	0.958	-0.023	0.4681225	NAN	
3.12	1.505	0.954	-0.033	0.4678425	NAN	
3.13	1.5	0.949	-0.0255	0.46755	NAN	
3.14	1.49	0.944	-0.0285	0.46728	NAN	
3.15	1.48	0.9395	-0.02	0.4670375	NAN	
3.16	1.475	0.9345	-0.0295	0.46679	NAN	
3.17	1.465	0.93	-0.031	0.4664875	NAN	
3.18	1.46	0.9255	-0.026	0.4662025	NAN	
3.19	1.45	0.9205	-0.026	0.4659425	NAN	
3.2	1.44	0.916	-0.027	0.4656775	NAN	
3.21	1.435	0.911	-0.0305	0.46539	NAN	
3.22	1.425	0.9065	-0.033	0.4650725	NAN	
3.23	1.42	0.9015	-0.0265	0.464775	NAN	
3.24	1.41	0.8965	-0.029	0.4644975	NAN	
3.25	1.4	0.8915	-0.029	0.4642075	NAN	
3.26	1.395	0.887	-0.0335	0.463895	NAN	
3.27	1.385	0.882	-0.03	0.4635775	NAN	
3.28	1.38	0.8775	-0.0285	0.463285	NAN	
3.29	1.37	0.873	-0.0295	0.462995	NAN	
3.3	1.36	0.868	-0.034	0.4626775	NAN	
3.31	1.355	0.863	-0.0315	0.46235	NAN	
3.32	1.345	0.859	-0.033	0.4620275	NAN	
3.33	1.34	0.8535	-0.0285	0.46172	NAN	
3.34	1.33	0.849	-0.037	0.4613925	NAN	
3.35	1.32	0.8445	-0.0325	0.461045	NAN	
3.36	1.315	0.84	-0.034	0.4607125	NAN	
3.37	1.305	0.8345	-0.031	0.4603875	NAN	
3.38	1.3	0.83	-0.0335	0.460065	NAN	
3.39	1.29	0.8255	-0.0375	0.45971	NAN	
3.4	1.28	0.8205	-0.034	0.4593525	NAN	
3.41	1.275	0.816	-0.031	0.4590275	NAN	
3.42	1.265	0.8115	-0.034	0.4587025	NAN	
3.43	1.26	0.807	-0.036	0.4583525	NAN	
3.44	1.25	0.8025	-0.0375	0.457985	NAN	
3.45	1.24	0.7975	-0.0325	0.457635	NAN	
3.46	1.235	0.793	-0.0335	0.457305	NAN	
3.47	1.225	0.7885	-0.039	0.4569425	NAN	
3.48	1.22	0.784	-0.0385	0.456555	NAN	
3.49	1.21	0.779	-0.039	0.4561675	NAN	
3.5	1.2	0.775	-0.033	0.4558075	NAN	
3.51	1.195	0.77	-0.0365	0.45546	NAN	
3.52	1.185	0.7655	-0.043	0.4550625	NAN	
3.53	1.18	0.7605	-0.039	0.4546525	NAN	
3.54	1.17	0.756	-0.039	0.4542625	NAN	
3.55	1.16	0.7515	-0.035	0.4538925	NAN	
3.56	1.155	0.747	-0.041	0.4535125	NAN	
3.57	1.145	0.7425	-0.0435	0.45309	NAN	
3.58	1.14	0.738	-0.041	0.4526675	NAN	
3.59	1.13	0.733	-0.0395	0.452265	NAN	
3.6	1.12	0.7285	-0.04	0.4518675	NAN	
3.61	1.115	0.724	-0.0435	0.45145	NAN	
3.62	1.105	0.7195	-0.0465	0.451	NAN	
3.63	1.1	0.7145	-0.042	0.4505575	NAN	
3.64	1.09	0.71	-0.042	0.4501375	NAN	
3.65	1.08	0.7055	-0.0425	0.449715	NAN	
3.66	1.075	0.701	-0.0455	0.449275	NAN	
3.67	1.065	0.6965	-0.0485	0.448805	NAN	
3.68	1.06	0.692	-0.0425	0.44835	NAN	
3.69	1.05	0.687	-0.046	0.4479075	NAN	
3.7	1.04	0.683	-0.0455	0.44745	NAN	
3.71	1.035	0.678	-0.0515	0.446965	NAN	
3.72	1.025	0.6735	-0.0485	0.446465	NAN	
3.73	1.02	0.669	-0.0465	0.44599	NAN	
3.74	1.01	0.6645	-0.048	0.4455175	NAN	
3.75	1	0.66	-0.0515	0.44502	NAN	
3.76	0.995	0.655	-0.052	0.4445025	NAN	
3.77	0.985	0.6505	-0.052	0.4439825	NAN	
3.78	0.98	0.646	-0.048	0.4434825	NAN	
3.79	0.97	0.6415	-0.0545	0.44297	NAN	
3.8	0.96	0.637	-0.0535	0.44243	NAN	
3.81	0.955	0.632	-0.0535	0.441895	NAN	
3.82	0.945	0.628	-0.052	0.4413675	NAN	
3.83	0.94	0.6235	-0.052	0.4408475	NAN	
3.84	0.93	0.6185	-0.057	0.4403025	NAN	
3.85	0.92	0.614	-0.0555	0.43974	NAN	
3.86	0.915	0.6095	-0.0545	0.43919	NAN	
3.87	0.905	0.6045	-0.057	0.4386325	NAN	
3.88	0.9	0.6005	-0.055	0.4380725	NAN	
3.89	0.89	0.596	-0.0625	0.437485	NAN	
3.9	0.88	0.5915	-0.0565	0.43689	NAN	
3.91	0.875	0.587	-0.059	0.4363125	NAN	
3.92	0.865	0.5825	-0.057	0.4357325	NAN	
3.93	0.86	0.5775	-0.062	0.4351375	NAN	
3.94	0.85	0.5735	-0.0655	0.4345	NAN	
3.95	0.84	0.567	-0.065	0.4338475	NAN	
3.96	0.835	0.564	-0.061	0.4332175	NAN	
3.97	0.825	0.5595	-0.063	0.4325975	NAN	
3.98	0.82	0.555	-0.065	0.4319575	NAN	
3.99	0.81	0.5505	-0.0715	0.431275	NAN	
4	0.8	0.546	-0.063	0.4306025	NAN	
4.01	0.795	0.541	-0.0665	0.429955	NAN	
4.02	0.785	0.5365	-0.0695	0.429275	NAN	
4.03	0.78	0.5315	-0.0705	0.428575	NAN	
4.04	0.77	0.5275	-0.0705	0.42787	NAN	
4.05	0.76	0.523	-0.0685	0.427175	NAN	
4.06	0.755	0.5185	-0.07	0.4264825	NAN	
4.07	0.745	0.5155	-0.077	0.4257475	NAN	
4.08	0.74	0.5095	-0.075	0.4249875	NAN	
4.09	0.73	0.505	-0.079	0.4242175	NAN	
4.1	0.72	0.5005	-0.07	0.4234725	NAN	
4.11	0.715	0.4955	-0.077	0.4227375	NAN	
4.12	0.705	0.4915	-0.079	0.4219575	NAN	
4.13	0.7	0.487	-0.077	0.4211775	NAN	
4.14	0.69	0.4825	-0.078	0.4204025	NAN	
4.15	0.68	0.478	-0.0795	0.419615	NAN	
4.16	0.675	0.4735	-0.08	0.4188175	NAN	
4.17	0.665	0.4685	-0.088	0.4179775	NAN	
4.18	0.66	0.4645	-0.0795	0.41714	NAN	
4.19	0.65	0.46	-0.0855	0.416315	NAN	
4.2	0.64	0.4555	-0.08	0.4154875	NAN	
4.21	0.635	0.451	-0.0895	0.41464	NAN	
4.22	0.625	0.4465	-0.087	0.4137575	NAN	
4.23	0.62	0.4425	-0.087	0.4128875	NAN	
4.24	0.61	0.438	-0.084	0.4120325	NAN	
4.25	0.6	0.4335	-0.0885	0.41117	NAN	
4.26	0.595	0.4295	-0.0905	0.410275	NAN	
4.27	0.585	0.425	-0.0935	0.409355	NAN	
4.28	0.58	0.4205	-0.087	0.4084525	NAN	
4.29	0.57	0.4165	-0.093	0.4075525	NAN	
4.3	0.56	0.412	-0.0915	0.40663	NAN	
4.31	0.555	0.4075	-0.0985	0.40568	NAN	
4.32	0.545	0.4035	-0.0955	0.40471	NAN	
4.33	0.54	0.399	-0.094	0.4037625	NAN	
4.34	0.53	0.3945	-0.095	0.4028175	NAN	
4.35	0.52	0.3905	-0.099	0.4018475	NAN	
4.36	0.515	0.386	-0.1	0.4008525	NAN	
4.37	0.505	0.382	-0.106	0.3998225	NAN	
4.38	0.5	0.3775	-0.0955	0.398815	NAN	
4.39	0.49	0.373	-0.104	0.3978175	NAN	
4.4	0.48	0.369	-0.102	0.3967875	NAN	
4.41	0.475	0.365	-0.109	0.3957325	NAN	
4.42	0.465	0.3605	-0.103	0.3946725	NAN	
4.43	0.46	0.3565	-0.1075	0.39362	NAN	
4.44	0.45	0.352	-0.1075	0.392545	NAN	
4.45	0.44	0.3475	-0.1145	0.391435	NAN	
4.46	0.435	0.3435	-0.1085	0.39032	NAN	
4.47	0.425	0.3395	-0.1135	0.38921	NAN	
4.48	0.42	0.3355	-0.107	0.3881075	NAN	
4.49	0.41	0.331	-0.118	0.3869825	NAN	
4.5	0.4	0.327	-0.114	0.3858225	NAN	
4.51	0.395	0.3225	-0.1195	0.384655	NAN	
4.52	0.385	0.3185	-0.116	0.3834775	NAN	
4.53	0.38	0.3145	-0.1175	0.38231	NAN	
4.54	0.37	0.31	-0.121	0.3811175	NAN	
4.55	0.36	0.306	-0.1255	0.379885	NAN	
4.56	0.355	0.3015	-0.1205	0.378655	NAN	
4.57	0.345	0.2975	-0.1265	0.37742	NAN	
4.58	0.34	0.2935	-0.1205	0.376185	NAN	
4.59	0.33	0.289	-0.133	0.3749175	NAN	
4.6	0.32	0.285	-0.1255	0.373625	NAN	
4.61	0.315	0.281	-0.131	0.3723425	NAN	
4.62	0.305	0.277	-0.126	0.3710575	NAN	
4.63	0.3	0.2725	-0.1345	0.369755	NAN	
4.64	0.29	0.2685	-0.133	0.3684175	NAN	
4.65	0.28	0.2645	-0.1375	0.367065	NAN	
4.66	0.275	0.26	-0.131	0.3657225	NAN	
4.67	0.265	0.2555	-0.14	0.3643675	NAN	
4.68	0.26	0.2515	-0.137	0.3629825	NAN	
4.69	0.25	0.248	-0.146	0.3615675	NAN	
4.7	0.24	0.2435	-0.137	0.3601525	NAN	
4.71	0.235	0.2395	-0.143	0.3587525	NAN	
4.72	0.225	0.235	-0.145	0.3573125	NAN	
4.73	0.22	0.231	-0.15	0.3558375	NAN	
4.74	0.21	0.227	-0.1485	0.354345	NAN	
4.75	0.2	0.2225	-0.1495	0.352855	NAN	
4.76	0.195	0.2185	-0.1455	0.35138	NAN	
4.77	0.185	0.214	-0.1585	0.34986	NAN	
4.78	0.18	0.21	-0.152	0.3483075	NAN	
4.79	0.17	0.206	-0.1605	0.346745	NAN	
4.8	0.16	0.202	-0.148	0.3452025	NAN	
4.81	0.155	0.1975	-0.1615	0.343655	NAN	
4.82	0.145	0.1935	-0.16	0.3420475	NAN	
4.83	0.14	0.1895	-0.1655	0.34042	NAN	
4.84	0.13	0.1855	-0.159	0.3387975	NAN	
4.85	0.12	0.181	-0.163	0.3371875	NAN	
4.86	0.115	0.177	-0.163	0.3355575	NAN	
4.87	0.105	0.173	-0.174	0.3338725	NAN	
4.88	0.1	0.169	-0.1655	0.332175	NAN	
4.89	0.09	0.165	-0.171	0.3304925	NAN	
4.9	0.08	0.1605	-0.165	0.3288125	NAN	
4.91	0.075	0.1565	-0.1765	0.327105	NAN	
4.92	0.065	0.1525	-0.1775	0.325335	NAN	
4.93	0.06	0.1485	-0.1775	0.32356	NAN	
4.94	0.05	0.144	-0.1725	0.32181	NAN	
4.95	0.04	0.14	-0.18	0.3200475	NAN	
4.96	0.035	0.136	-0.179	0.3182525	NAN	
4.97	0.025	0.1315	-0.1895	0.31641	NAN	
4.98	0.02	0.1275	-0.178	0.3145725	NAN	
4.99	0.01	0.1235	-0.1885	0.31274	NAN	
5	0	0.1195	-0.181	0.3108925	NAN	
5.01	-0.005	0.115	-0.192	0.3090275	NAN	
5.02	-0.015	0.1115	-0.188	0.3071275	NAN	
5.03	-0.02	0.107	-0.1925	0.305225	NAN	
5.04	-0.03	0.1035	-0.1855	0.303335	NAN	
5.05	-0.04	0.099	-0.197	0.3014225	NAN	
5.06	-0.045	0.095	-0.193	0.2994725	NAN	
5.07	-0.055	0.091	-0.202	0.2974975	NAN	
5.08	-0.06	0.087	-0.193	0.2955225	NAN	
5.09	-0.07	0.083	-0.2025	0.293545	NAN	
5.1	-0.08	0.079	-0.199	0.2915375	NAN	
5.11	-0.085	0.075	-0.2075	0.289505	NAN	
5.12	-0.095	0.071	-0.2045	0.287445	NAN	
5.13	-0.1	0.067	-0.2065	0.28539	NAN	
5.14	-0.11	0.063	-0.208	0.2833175	NAN	
5.15	-0.12	0.059	-0.2145	0.281205	NAN	
5.16	-0.125	0.055	-0.209	0.2790875	NAN	
5.17	-0.135	0.0515	-0.216	0.2769625	NAN	
5.18	-0.14	0.0475	-0.2075	0.274845	NAN	
5.19	-0.15	0.0435	-0.224	0.2726875	NAN	
5.2	-0.16	0.04	-0.2145	0.270495	NAN	
5.21	-0.165	0.036	-0.2255	0.268295	NAN	
5.22	-0.175	0.032	-0.22	0.2660675	NAN	
5.23	-0.18	0.0285	-0.2275	0.26383	NAN	
5.24	-0.19	0.0245	-0.2265	0.26156	NAN	
5.25	-0.2	0.0205	-0.2325	0.259265	NAN	
5.26	-0.205	0.0175	-0.228	0.2569625	NAN	
5.27	-0.215	0.0135	-0.236	0.2546425	NAN	
5.28	-0.22	0.0095	-0.2325	0.2523	NAN	
5.29	-0.23	0.0075	-0.244	0.2499175	NAN	
5.3	-0.24	0.0025	-0.2385	0.247505	NAN	
5.31	-0.245	-0.0015	-0.2445	0.24509	NAN	
5.32	-0.255	-0.0045	-0.2445	0.242645	NAN	
5.33	-0.26	-0.0085	-0.2515	0.240165	NAN	
5.34	-0.27	-0.011	-0.253	0.2376425	NAN	
5.35	-0.28	-0.015	-0.2565	0.235095	NAN	
5.36	-0.285	-0.0175	-0.251	0.2325575	NAN	
5.37	-0.295	-0.021	-0.2645	0.22998	NAN	
5.38	-0.3	-0.024	-0.262	0.2273475	NAN	
5.39	-0.31	-0.0275	-0.2745	0.224665	NAN	
5.4	-0.32	-0.0305	-0.2635	0.221975	NAN	
5.41	-0.325	-0.0335	-0.2755	0.21928	NAN	
5.42	-0.335	-0.036	-0.276	0.2165225	NAN	
5.43	-0.34	-0.039	-0.2845	0.21372	NAN	
5.44	-0.35	-0.043	-0.28	0.2108975	NAN	
5.45	-0.36	-0.045	-0.285	0.2080725	NAN	
5.46	-0.365	-0.0465	-0.2885	0.205205	NAN	
5.47	-0.375	-0.05	-0.302	0.2022525	NAN	
5.48	-0.38	-0.0525	-0.295	0.1992675	NAN	
5.49	-0.39	-0.0555	-0.3035	0.196275	NAN	
5.5	-0.4	-0.0575	-0.3035	0.19324	NAN	
5.51	-0.405	-0.06	-0.316	0.1901425	NAN	
5.52	-0.415	-0.062	-0.317	0.1869775	NAN	
5.53	-0.42	-0.0645	-0.32	0.1837925	NAN	
5.54	-0.43	-0.067	-0.3205	0.18059	NAN	
5.55	-0.44	-0.069	-0.332	0.1773275	NAN	
5.56	-0.445	-0.071	-0.332	0.1740075	NAN	
5.57	-0.455	-0.073	-0.3415	0.17064	NAN	
5.58	-0.46	-0.0755	-0.3365	0.16725	NAN	
5.59	-0.47	-0.0775	-0.354	0.1637975	NAN	
5.6	-0.48	-0.08	-0.3495	0.16028	NAN	
5.61	-0.485	-0.082	-0.3605	0.15673	NAN	
5.62	-0.495	-0.085	-0.359	0.1531325	NAN	
5.63	-0.5	-0.0855	-0.3685	0.149495	NAN	
5.64	-0.51	-0.0885	-0.3715	0.145795	NAN	
5.65	-0.52	-0.09	-0.3765	0.142055	NAN	
5.66	-0.525	-0.0925	-0.376	0.1382925	NAN	
5.67	-0.535	-0.094	-0.3875	0.134475	NAN	
5.68	-0.54	-0.097	-0.3885	0.130595	NAN	
5.69	-0.55	-0.098	-0.399	0.1266575	NAN	
5.7	-0.56	-0.1	-0.3935	0.122695	NAN	
5.71	-0.565	-0.1025	-0.405	0.1187025	NAN	
5.72	-0.575	-0.1045	-0.41	0.1146275	NAN	
5.73	-0.58	-0.1065	-0.417	0.1104925	NAN	
5.74	-0.59	-0.108	-0.4125	0.106345	NAN	
5.75	-0.6	-0.1105	-0.42	0.1021825	NAN	
5.76	-0.605	-0.1125	-0.4255	0.097955	NAN	
5.77	-0.615	-0.1145	-0.4375	0.09364	NAN	
5.78	-0.62	-0.1175	-0.432	0.0892925	NAN	
5.79	-0.63	-0.1195	-0.4415	0.084925	NAN	
5.8	-0.64	-0.1215	-0.441	0.0805125	NAN	
5.81	-0.645	-0.1235	-0.4535	0.07604	NAN	
5.82	-0.655	-0.1255	-0.4495	0.071525	NAN	
5.83	-0.66	-0.1285	-0.4555	0.067	NAN	
5.84	-0.67	-0.1305	-0.457	0.0624375	NAN	
5.85	-0.68	-0.1325	-0.47	0.0578025	NAN	
5.86	-0.685	-0.1345	-0.466	0.0531225	NAN	
5.87	-0.695	-0.1375	-0.4755	0.048415	NAN	
5.88	-0.7	-0.1395	-0.473	0.0436725	NAN	
5.89	-0.71	-0.1425	-0.4865	0.038875	NAN	
5.9	-0.72	-0.1445	-0.4825	0.03403	NAN	
5.91	-0.725	-0.1475	-0.4895	0.02917	NAN	
5.92	-0.735	-0.1495	-0.4925	0.02426	NAN	
5.93	-0.74	-0.1525	-0.4995	0.0193	NAN	
5.94	-0.75	-0.1545	-0.501	0.0142975	NAN	
5.95	-0.76	-0.1575	-0.503	0.0092775	NAN	
5.96	-0.765	-0.1595	-0.5055	0.004235	NAN	
5.97	-0.775	-0.1625	-0.5175	-0.00088	NAN	
5.98	-0.78	-0.165	-0.5145	-0.00604	NAN	
5.99	-0.79	-0.168	-0.52	-0.0112125	NAN	
6	-0.8	-0.171	-0.5165	-0.016395	NAN	
6.01	-0.805	-0.174	-0.5305	-0.02163	NAN	
6.02	-0.815	-0.176	-0.528	-0.0269225	NAN	
6.03	-0.82	-0.1795	-0.533	-0.0322275	NAN	
6.04	-0.83	-0.183	-0.5325	-0.037555	NAN	
6.05	-0.84	-0.186	-0.541	-0.0429225	NAN	
6.06	-0.845	-0.1895	-0.536	-0.0483075	NAN	
6.07	-0.855	-0.1925	-0.547	-0.0537225	NAN	
6.08	-0.86	-0.196	-0.542	-0.0591675	NAN	
6.09	-0.87	-0.1995	-0.5535	-0.064645	NAN	
6.1	-0.88	-0.202	-0.542	-0.0701225	NAN	
6.11	-0.885	-0.2065	-0.5535	-0.0756	NAN	
6.12	-0.895	-0.21	-0.5545	-0.08114	NAN	
6.13	-0.9	-0.2135	-0.5575	-0.0867	NAN	
6.14	-0.91	-0.2175	-0.554	-0.0922575	NAN	
6.15	-0.92	-0.2215	-0.5595	-0.097825	NAN	
6.16	-0.925	-0.2245	-0.5615	-0.10343	NAN	
6.17	-0.935	-0.2295	-0.565	-0.1090625	NAN	
6.18	-0.94	-0.2335	-0.5585	-0.11468	NAN	
6.19	-0.95	-0.238	-0.568	-0.1203125	NAN	
6.2	-0.96	-0.2425	-0.5635	-0.12597	NAN	
6.21	-0.965	-0.2465	-0.5645	-0.13161	NAN	
6.22	-0.975	-0.252	-0.5625	-0.137245	NAN	
6.23	-0.98	-0.2565	-0.566	-0.1428875	NAN	
6.24	-0.99	-0.2615	-0.5635	-0.148535	NAN	
6.25	-1	-0.2665	-0.561	-0.1541575	NAN	
6.26	-1.005	-0.2725	-0.5575	-0.15975	NAN	
6.27	-1.015	-0.2775	-0.567	-0.1653725	NAN	
6.28	-1.02	-0.284	-0.553	-0.1709725	NAN	
6.29	-1.03	-0.2895	-0.5575	-0.176525	NAN	
6.3	-1.04	-0.2955	-0.548	-0.1820525	NAN	
6.31	-1.045	-0.3025	-0.555	-0.1875675	NAN	
6.32	-1.055	-0.31	-0.5435	-0.19306	NAN	
6.33	-1.06	-0.317	-0.5405	-0.19848	NAN	
6.34	-1.07	-0.3245	-0.535	-0.2038575	NAN	
6.35	-1.08	-0.333	-0.5325	-0.209195	NAN	
6.36	-1.085	-0.3415	-0.5195	-0.214455	NAN	
6.37	-1.095	-0.3495	-0.5195	-0.21965	NAN	
6.38	-1.1	-0.3595	-0.5095	-0.224795	NAN	
6.39	-1.11	-0.3675	-0.5075	-0.22988	NAN	
6.4	-1.12	-0.3765	-0.493	-0.2348825	NAN	
6.41	-1.125	-0.386	-0.4885	-0.23979	NAN	
6.42	-1.135	-0.397	-0.485	-0.2446575	NAN	
6.43	-1.14	-0.4055	-0.4785	-0.249475	NAN	
6.44	-1.15	-0.413	-0.4655	-0.254195	NAN	
6.45	-1.16	-0.4245	-0.4565	-0.258805	NAN	
6.46	-1.165	-0.4345	-0.4505	-0.26334	NAN	
6.47	-1.175	-0.444	-0.4495	-0.26784	NAN	
6.48	-1.18	-0.4535	-0.4315	-0.272245	NAN	
6.49	-1.19	-0.4635	-0.4285	-0.276545	NAN	
6.5	-1.2	-0.473	-0.416	-0.2807675	NAN	
6.51	-1.205	-0.483	-0.418	-0.2849375	NAN	
6.52	-1.215	-0.493	-0.404	-0.2890475	NAN	
6.53	-1.22	-0.502	-0.3975	-0.293055	NAN	
6.54	-1.23	-0.511	-0.3875	-0.29698	NAN	
6.55	-1.24	-0.521	-0.387	-0.3008525	NAN	
6.56	-1.245	-0.5305	-0.373	-0.3046525	NAN	
6.57	-1.255	-0.54	-0.3705	-0.30837	NAN	
6.58	-1.26	-0.5495	-0.3555	-0.312	NAN	
6.59	-1.27	-0.559	-0.3585	-0.31557	NAN	
6.6	-1.28	-0.5685	-0.3425	-0.319075	NAN	
6.61	-1.285	-0.5775	-0.338	-0.3224775	NAN	
6.62	-1.295	-0.5875	-0.3275	-0.325805	NAN	
6.63	-1.3	-0.5965	-0.3255	-0.32907	NAN	
6.64	-1.31	-0.6055	-0.318	-0.3322875	NAN	
6.65	-1.32	-0.6145	-0.31	-0.3354275	NAN	
6.66	-1.325	-0.6235	-0.3	-0.3384775	NAN	
6.67	-1.335	-0.633	-0.3015	-0.341485	NAN	
6.68	-1.34	-0.6415	-0.2915	-0.34445	NAN	
6.69	-1.35	-0.651	-0.2885	-0.34735	NAN	
6.7	-1.36	-0.6595	-0.273	-0.3501575	NAN	
6.71	-1.365	-0.6685	-0.274	-0.3528925	NAN	
6.72	-1.375	-0.6775	-0.267	-0.3555975	NAN	
6.73	-1.38	-0.6855	-0.2645	-0.358255	NAN	
6.74	-1.39	-0.6945	-0.252	-0.3608375	NAN	
6.75	-1.4	-0.7025	-0.2495	-0.363345	NAN	
6.76	-1.405	-0.711	-0.2415	-0.3658	NAN	
6.77	-1.415	-0.7195	-0.247	-0.3682425	NAN	
6.78	-1.42	-0.7275	-0.231	-0.3706325	NAN	
6.79	-1.43	-0.7355	-0.2315	-0.372945	NAN	
6.8	-1.44	-0.744	-0.217	-0.3751875	NAN	
6.81	-1.445	-0.752	-0.2215	-0.37738	NAN	
6.82	-1.455	-0.7605	-0.215	-0.3795625	NAN	
6.83	-1.46	-0.768	-0.211	-0.3816925	NAN	
6.84	-1.47	-0.776	-0.2005	-0.38375	NAN	
6.85	-1.48	-0.7845	-0.199	-0.3857475	NAN	
6.86	-1.485	-0.7915	-0.194	-0.3877125	NAN	
6.87	-1.495	-0.7995	-0.198	-0.3896725	NAN	
6.88	-1.5	-0.807	-0.183	-0.3915775	NAN	
6.89	-1.51	-0.815	-0.1835	-0.39341	NAN	
6.9	-1.52	-0.822	-0.173	-0.3951925	NAN	
6.91	-1.525	-0.8305	-0.179	-0.3969525	NAN	
6.92	-1.535	-0.8375	-0.172	-0.3987075	NAN	
6.93	-1.54	-0.845	-0.1685	-0.40041	NAN	
6.94	-1.55	-0.852	-0.158	-0.4020425	NAN	
6.95	-1.56	-0.859	-0.1615	-0.40364	NAN	
6.96	-1.565	-0.867	-0.1555	-0.405225	NAN	
6.97	-1.575	-0.8735	-0.16	-0.4068025	NAN	
6.98	-1.58	-0.8815	-0.1445	-0.408325	NAN	
6.99	-1.59	-0.8885	-0.1485	-0.40979	NAN	
7	-1.6	-0.8955	-0.139	-0.4112275	NAN	
7.01	-1.605	-0.9025	-0.143	-0.4126375	NAN	
7.02	-1.615	-0.9095	-0.135	-0.4140275	NAN	
7.03	-1.62	-0.916	-0.132	-0.4153625	NAN	
7.04	-1.63	-0.923	-0.1265	-0.416655	NAN	
7.05	-1.64	-0.93	-0.1285	-0.41793	NAN	
7.06	-1.645	-0.9365	-0.1255	-0.4192	NAN	
7.07	-1.655	-0.9435	-0.127	-0.4204625	NAN	
7.08	-1.66	-0.95	-0.115	-0.4216725	NAN	
7.09	-1.67	-0.9565	-0.1185	-0.42284	NAN	
7.1	-1.68	-0.9635	-0.1125	-0.423995	NAN	
7.11	-1.685	-0.9695	-0.118	-0.4251475	NAN	
7.12	-1.695	-0.9765	-0.1095	-0.426285	NAN	
7.13	-1.7	-0.9825	-0.108	-0.4273725	NAN	
7.14	-1.71	-0.989	-0.1015	-0.42842	NAN	
7.15	-1.72	-0.995	-0.1065	-0.42946	NAN	
7.16	-1.725	-1.0015	-0.101	-0.4304975	NAN	
7.17	-1.735	-1.0075	-0.106	-0.4315325	NAN	
7.18	-1.74	-1.014	-0.091	-0.4325175	NAN	
7.19	-1.75	-1.0205	-0.0995	-0.43347	NAN	
7.2	-1.76	-1.0265	-0.09	-0.4344175	NAN	
7.21	-1.765	-1.0275	-0.0985	-0.43536	NAN	
7.22	-1.775	-1.0275	-0.0905	-0.436305	NAN	
7.23	-1.78	-1.0275	-0.089	-0.4372025	NAN	
7.24	-1.79	-1.0275	-0.0835	-0.438065	NAN	
7.25	-1.8	-1.0275	-0.0885	-0.438925	NAN	
7.26	-1.805	-1.0275	-0.0845	-0.43979	NAN	
7.27	-1.815	-1.0275	-0.088	-0.4406525	NAN	
7.28	-1.82	-1.0275	-0.077	-0.4414775	NAN	
7.29	-1.83	-1.0275	-0.0835	-0.44228	NAN	
7.3	-1.84	-1.0275	-0.0775	-0.443085	NAN	
7.31	-1.845	-1.0275	-0.0835	-0.44389	NAN	
7.32	-1.855	-1.0275	-0.075	-0.4446825	NAN	
7.33	-1.86	-1.0275	-0.0735	-0.445425	NAN	
7.34	-1.87	-1.0275	-0.0715	-0.44615	NAN	
7.35	-1.88	-1.0275	-0.02	-0.4466075	NAN	
7.36	-1.885	-1.0275	0.004	-0.4466875	NAN	
7.37	-1.895	-1.0275	0.003	-0.4466525	NAN	
7.38	-1.9	-1.0275	0.0075	-0.4466	NAN	
7.39	-1.91	-1.0275	0.006	-0.4465325	NAN	
7.4	-1.92	-1.0275	0.013	-0.4464375	NAN	
7.41	-1.925	-1.0275	-0.012	-0.4464325	NAN	
7.42	-1.935	-1.0275	0.006	-0.4464625	NAN	
7.43	-1.94	-1.0275	0.0015	-0.446425	NAN	
7.44	-1.95	-1.0275	0.02	-0.4463175	NAN	
7.45	-1.96	-1.0275	-0.023	-0.4463325	NAN	
7.46	-1.965	-1.0275	0.005	-0.4464225	NAN	
7.47	-1.975	-1.0275	0.006	-0.4463675	NAN	
7.48	-1.98	-1.0275	0.019	-0.4462425	NAN	
7.49	-1.99	-1.0275	0.0205	-0.446045	NAN	
7.5	-2	-1.0275	0.0025	-0.44593	NAN	
7.51	-1.995	-1.0275	-0.005	-0.4459425	NAN	
7.52	-1.985	-1.0275	0.011	-0.4459125	NAN	
7.53	-1.98	-1.0275	-0.0035	-0.445875	NAN	
7.54	-1.97	-1.0275	0.0035	-0.445875	NAN	
7.55	-1.96	-1.0275	0.013	-0.4457925	NAN	
7.56	-1.955	-1.0275	-0.003	-0.4457425	NAN	
7.57	-1.945	-1.0275	-0.013	-0.4458225	NAN	
7.58	-1.94	-1.0275	0.004	-0.4458675	NAN	
7.59	-1.93	-1.0275	0.0205	-0.445745	NAN	
7.6	-1.92	-1.0275	0.006	-0.4456125	NAN	
7.61	-1.915	-1.0275	-0.004	-0.4456025	NAN	
7.62	-1.905	-1.0275	0.0055	-0.445595	NAN	
7.63	-1.9	-1.0275	-0.002	-0.4455775	NAN	
7.64	-1.89	-1.0275	0.008	-0.4455475	NAN	
7.65	-1.88	-1.0275	0.005	-0.4454825	NAN	
7.66	-1.875	-1.0275	0.0095	-0.44541	NAN	
7.67	-1.865	-1.0275	-0.006	-0.4453925	NAN	
7.68	-1.86	-1.0275	0.005	-0.4453975	NAN	
7.69	-1.85	-1.0275	-0.002	-0.4453825	NAN	
7.7	-1.84	-1.0275	0.01	-0.4453425	NAN	
7.71	-1.835	-1.0275	0.001	-0.4452875	NAN	
7.72	-1.825	-1.0275	0.0065	-0.44525	NAN	
7.73	-1.82	-1.0275	0	-0.4452175	NAN	
7.74	-1.81	-1.0275	-0.006	-0.4452475	NAN	
7.75	-1.8	-1.0275	-0.0045	-0.4453	NAN	
7.76	-1.795	-1.0275	0.0045	-0.4453	NAN	
7.77	-1.785	-1.0275	0.004	-0.4452575	NAN	
7.78	-1.78	-1.0275	0.0065	-0.445205	NAN	
7.79	-1.77	-1.0275	0.007	-0.4451375	NAN	
7.8	-1.76	-1.0275	0.012	-0.4450425	NAN	
7.81	-1.755	-1.0275	0.013	-0.4449175	NAN	
7.82	-1.745	-1.0275	0.022	-0.4447425	NAN	
7.83	-1.74	-1.0275	0.014	-0.4445625	NAN	
7.84	-1.73	-1.0275	0.0175	-0.444405	NAN	
7.85	-1.72	-1.0275	0.009	-0.4442725	NAN	
7.86	-1.715	-1.0275	0.019	-0.4441325	NAN	
7.87	-1.705	-1.0275	0.018	-0.4439475	NAN	
7.88	-1.7	-1.0275	0.0235	-0.44374	NAN	
7.89	-1.69	-1.0275	0.019	-0.4435275	NAN	
7.9	-1.68	-1.0275	0.021	-0.4433275	NAN	
7.91	-1.675	-1.0275	0.016	-0.4431425	NAN	
7.92	-1.665	-1.0275	0.0225	-0.44295	NAN	
7.93	-1.66	-1.0275	0.017	-0.4427525	NAN	
7.94	-1.65	-1.0275	0.027	-0.4425325	NAN	
7.95	-1.64	-1.0275	0.021	-0.4422925	NAN	
7.96	-1.635	-1.0275	0.025	-0.4420625	NAN	
7.97	-1.625	-1.0275	0.025	-0.4418125	NAN	
7.98	-1.62	-1.023	0.021	-0.4415825	NAN	
7.99	-1.61	-1.0185	0.021	-0.4413725	NAN	
8	-1.6	-1.0135	0.025	-0.4411425	NAN	
8.01	-1.595	-1.0085	0.023	-0.4409025	NAN	
8.02	-1.585	-1.004	0.0295	-0.44064	NAN	
8.03	-1.58	-0.9995	0.02	-0.4403925	NAN	
8.04	-1.57	-0.9945	0.0255	-0.440165	NAN	
8.05	-1.56	-0.9895	0.0185	-0.439945	NAN	
8.06	-1.555	-0.985	0.0295	-0.439705	NAN	
8.07	-1.545	-0.98	0.0275	-0.43942	NAN	
8.08	-1.54	-0.9755	0.0305	-0.43913	NAN	
8.09	-1.53	-0.9705	0.0225	-0.438865	NAN	
8.1	-1.52	-0.9655	0.0255	-0.438625	NAN	
8.11	-1.515	-0.9605	0.0215	-0.43839	NAN	
8.12	-1.505	-0.956	0.032	-0.4381225	NAN	
8.13	-1.5	-0.9505	0.0255	-0.437835	NAN	
8.14	-1.49	-0.946	0.0335	-0.43754	NAN	
8.15	-1.48	-0.941	0.024	-0.4372525	NAN	
8.16	-1.475	-0.9365	0.0285	-0.43699	NAN	
8.17	-1.465	-0.931	0.0255	-0.43672	NAN	
8.18	-1.46	-0.9265	0.0295	-0.436445	NAN	
8.19	-1.45	-0.9215	0.0285	-0.436155	NAN	
8.2	-1.44	-0.917	0.032	-0.4358525	NAN	
8.21	-1.435	-0.9125	0.0275	-0.435555	NAN	
8.22	-1.425	-0.9075	0.032	-0.4352575	NAN	
8.23	-1.42	-0.903	0.0235	-0.43498	NAN	
8.24	-1.41	-0.8975	0.033	-0.4346975	NAN	
8.25	-1.4	-0.893	0.028	-0.4343925	NAN	
8.26	-1.395	-0.888	0.0365	-0.43407	NAN	
8.27	-1.385	-0.883	0.03	-0.4337375	NAN	
8.28	-1.38	-0.8785	0.0335	-0.43342	NAN	
8.29	-1.37	-0.8735	0.0285	-0.43311	NAN	
8.3	-1.36	-0.8685	0.032	-0.4328075	NAN	
8.31	-1.355	-0.864	0.029	-0.4325025	NAN	
8.32	-1.345	-0.859	0.0405	-0.432155	NAN	
8.33	-1.34	-0.8545	0.0305	-0.4318	NAN	
8.34	-1.33	-0.8495	0.037	-0.4314625	NAN	
8.35	-1.32	-0.845	0.0275	-0.43114	NAN	
8.36	-1.315	-0.84	0.035	-0.4308275	NAN	
8.37	-1.305	-0.8355	0.034	-0.4304825	NAN	
8.38	-1.3	-0.8305	0.0375	-0.430125	NAN	
8.39	-1.29	-0.8255	0.036	-0.4297575	NAN	
8.4	-1.28	-0.821	0.0355	-0.4294	NAN	
8.41	-1.275	-0.816	0.0305	-0.42907	NAN	
8.42	-1.265	-0.8115	0.036	-0.4287375	NAN	
8.43	-1.26	-0.807	0.0305	-0.428405	NAN	
8.44	-1.25	-0.8025	0.0405	-0.42805	NAN	
8.45	-1.24	-0.798	0.0345	-0.427675	NAN	
8.46	-1.235	-0.793	0.041	-0.4272975	NAN	
8.47	-1.225	-0.7885	0.0345	-0.42692	NAN	
8.48	-1.22	-0.784	0.038	-0.4265575	NAN	
8.49	-1.21	-0.779	0.033	-0.4262025	NAN	
8.5	-1.2	-0.7745	0.041	-0.4258325	NAN	
8.51	-1.195	-0.7695	0.0375	-0.42544	NAN	
8.52	-1.185	-0.765	0.046	-0.4250225	NAN	
8.53	-1.18	-0.7605	0.035	-0.4246175	NAN	
8.54	-1.17	-0.756	0.0425	-0.42423	NAN	
8.55	-1.16	-0.7515	0.032	-0.4238575	NAN	
8.56	-1.155	-0.7465	0.044	-0.4234775	NAN	
8.57	-1.145	-0.742	0.0405	-0.423055	NAN	
8.58	-1.14	-0.7375	0.0455	-0.422625	NAN	
8.59	-1.13	-0.733	0.041	-0.4221925	NAN	
8.6	-1.12	-0.7285	0.0415	-0.42178	NAN	
8.61	-1.115	-0.7235	0.041	-0.4213675	NAN	
8.62	-1.105	-0.719	0.0475	-0.420925	NAN	
8.63	-1.1	-0.7145	0.043	-0.4204725	NAN	
8.64	-1.09	-0.7095	0.0495	-0.42001	NAN	
8.65	-1.08	-0.7055	0.0405	-0.41956	NAN	
8.66	-1.075	-0.7005	0.0455	-0.41913	NAN	
8.67	-1.065	-0.696	0.044	-0.4186825	NAN	
8.68	-1.06	-0.6915	0.046	-0.4182325	NAN	
8.69	-1.05	-0.6865	0.0445	-0.41778	NAN	
8.7	-1.04	-0.6825	0.0465	-0.417325	NAN	
8.71	-1.035	-0.678	0.0705	-0.41674	NAN	
8.72	-1.025	-0.673	0.0575	-0.4161	NAN	
8.73	-1.02	-0.6685	0.0375	-0.415625	NAN	
8.74	-1.01	-0.664	0.0565	-0.415155	NAN	
8.75	-1	-0.6595	0.0435	-0.414655	NAN	
8.76	-0.995	-0.655	0.058	-0.4141475	NAN	
8.77	-0.985	-0.65	0.0505	-0.413605	NAN	
8.78	-0.98	-0.646	0.0525	-0.41309	NAN	
8.79	-0.97	-0.641	0.046	-0.4125975	NAN	
8.8	-0.96	-0.6365	0.053	-0.4121025	NAN	
8.81	-0.955	-0.632	0.0515	-0.41158	NAN	
8.82	-0.945	-0.6275	0.0595	-0.411025	NAN	
8.83	-0.94	-0.6235	0.0515	-0.41047	NAN	
8.84	-0.93	-0.6185	0.0555	-0.409935	NAN	
8.85	-0.92	-0.614	0.049	-0.4094125	NAN	
8.86	-0.915	-0.6095	0.057	-0.4088825	NAN	
8.87	-0.905	-0.605	0.058	-0.4083075	NAN	
8.88	-0.9	-0.6005	0.061	-0.4077125	NAN	
8.89	-0.89	-0.5955	0.057	-0.4071225	NAN	
8.9	-0.88	-0.5915	0.0565	-0.406555	NAN	
8.91	-0.875	-0.587	0.0555	-0.405995	NAN	
8.92	-0.865	-0.5825	0.065	-0.4053925	NAN	
8.93	-0.86	-0.578	0.0615	-0.40476	NAN	
8.94	-0.85	-0.5735	0.0685	-0.40411	NAN	
8.95	-0.84	-0.5685	0.059	-0.4034725	NAN	
8.96	-0.835	-0.5645	0.0635	-0.40286	NAN	
8.97	-0.825	-0.56	0.061	-0.4022375	NAN	
8.98	-0.82	-0.555	0.067	-0.4015975	NAN	
8.99	-0.81	-0.5505	0.0645	-0.40094	NAN	
9	-0.8	-0.546	0.069	-0.4002725	NAN	
9.01	-0.795	-0.5415	0.062	-0.3996175	NAN	
9.02	-0.785	-0.5375	0.0715	-0.39895	NAN	
9.03	-0.78	-0.533	0.06	-0.3982925	NAN	
9.04	-0.77	-0.5285	0.0785	-0.3976	NAN	
9.05	-0.76	-0.524	0.0665	-0.396875	NAN	
9.06	-0.755	-0.5195	0.0755	-0.396165	NAN	
9.07	-0.745	-0.5155	0.072	-0.3954275	NAN	
9.08	-0.74	-0.511	0.071	-0.3947125	NAN	
9.09	-0.73	-0.506	0.0685	-0.394015	NAN	
9.1	-0.72	-0.501	0.073	-0.3933075	NAN	
9.11	-0.715	-0.497	0.0765	-0.39256	NAN	
9.12	-0.705	-0.493	0.081	-0.3917725	NAN	
9.13	-0.7	-0.4885	0.075	-0.3909925	NAN	
9.14	-0.69	-0.4845	0.0705	-0.390265	NAN	
9.15	-0.68	-0.4795	0.072	-0.3895525	NAN	
9.16	-0.675	-0.475	0.0795	-0.388795	NAN	
9.17	-0.665	-0.471	0.0805	-0.387995	NAN	
9.18	-0.66	-0.466	0.085	-0.3871675	NAN	
9.19	-0.65	-0.462	0.081	-0.3863375	NAN	
9.2	-0.64	-0.4575	0.083	-0.3855175	NAN	
9.21	-0.635	-0.453	0.0785	-0.38471	NAN	
9.22	-0.625	-0.4495	0.087	-0.3838825	NAN	
9.23	-0.62	-0.4445	0.0815	-0.38304	NAN	
9.24	-0.61	-0.44	0.0985	-0.38214	NAN	
9.25	-0.6	-0.436	0.08	-0.3812475	NAN	
9.26	-0.595	-0.432	0.091	-0.3803925	NAN	
9.27	-0.585	-0.4275	0.085	-0.3795125	NAN	
9.28	-0.58	-0.4235	0.0885	-0.378645	NAN	
9.29	-0.57	-0.419	0.0915	-0.377745	NAN	
9.3	-0.56	-0.4145	0.094	-0.3768175	NAN	
9.31	-0.555	-0.41	0.091	-0.3758925	NAN	
9.32	-0.545	-0.4065	0.0865	-0.375005	NAN	
9.33	-0.54	-0.4015	0.091	-0.3741175	NAN	
9.34	-0.53	-0.3975	0.1005	-0.37316	NAN	
9.35	-0.52	-0.393	0.0965	-0.372175	NAN	
9.36	-0.515	-0.3885	0.101	-0.3711875	NAN	
9.37	-0.505	-0.3845	0.1	-0.3701825	NAN	
9.38	-0.5	-0.3805	0.0995	-0.369185	NAN	
9.39	-0.49	-0.376	0.101	-0.3681825	NAN	
9.4	-0.48	-0.3715	0.097	-0.3671925	NAN	
9.41	-0.475	-0.3675	0.0995	-0.36621	NAN	
9.42	-0.465	-0.363	0.104	-0.3651925	NAN	
9.43	-0.46	-0.359	0.093	-0.3642075	NAN	
9.44	-0.45	-0.355	0.113	-0.3631775	NAN	
9.45	-0.44	-0.3505	0.1075	-0.362075	NAN	
9.46	-0.435	-0.3465	0.119	-0.3609425	NAN	
9.47	-0.425	-0.342	0.1145	-0.359775	NAN	
9.48	-0.42	-0.3375	0.111	-0.3586475	NAN	
9.49	-0.41	-0.3335	0.108	-0.3575525	NAN	
9.5	-0.4	-0.329	0.117	-0.3564275	NAN	
9.51	-0.395	-0.325	0.116	-0.3552625	NAN	
9.52	-0.385	-0.321	0.125	-0.3540575	NAN	
9.53	-0.38	-0.317	0.115	-0.3528575	NAN	
9.54	-0.37	-0.3125	0.1215	-0.351675	NAN	
9.55	-0.36	-0.3085	0.116	-0.3504875	NAN	
9.56	-0.355	-0.3045	0.126	-0.3492775	NAN	
9.57	-0.345	-0.3005	0.127	-0.3480125	NAN	
9.58	-0.34	-0.296	0.1265	-0.346745	NAN	
9.59	-0.33	-0.2915	0.124	-0.3454925	NAN	
9.6	-0.32	-0.287	0.1255	-0.344245	NAN	
9.61	-0.315	-0.2835	0.1265	-0.342985	NAN	
9.62	-0.305	-0.279	0.135	-0.3416775	NAN	
9.63	-0.3	-0.275	0.1295	-0.340355	NAN	
9.64	-0.29	-0.2705	0.134	-0.3390375	NAN	
9.65	-0.28	-0.2665	0.1265	-0.337735	NAN	
9.66	-0.275	-0.263	0.138	-0.3364125	NAN	
9.67	-0.265	-0.2585	0.1385	-0.33503	NAN	
9.68	-0.26	-0.2535	0.143	-0.3336225	NAN	
9.69	-0.25	-0.25	0.138	-0.3322175	NAN	
9.7	-0.24	-0.246	0.141	-0.3308225	NAN	
9.71	-0.235	-0.2415	0.1365	-0.329435	NAN	
9.72	-0.225	-0.238	0.149	-0.3280075	NAN	
9.73	-0.22	-0.233	0.144	-0.3265425	NAN	
9.74	-0.21	-0.23	0.152	-0.3250625	NAN	
9.75	-0.2	-0.225	0.144	-0.3235825	NAN	
9.76	-0.195	-0.221	0.1495	-0.322115	NAN	
9.77	-0.185	-0.217	0.149	-0.3206225	NAN	
9.78	-0.18	-0.213	0.1535	-0.31911	NAN	
9.79	-0.17	-0.2085	0.1565	-0.31756	NAN	
9.8	-0.16	-0.204	0.155	-0.3160025	NAN	
9.81	-0.155	-0.2005	0.153	-0.3144625	NAN	
9.82	-0.145	-0.196	0.1595	-0.3129	NAN	
9.83	-0.14	-0.192	0.1575	-0.311315	NAN	
9.84	-0.13	-0.1875	0.1655	-0.3097	NAN	
9.85	-0.12	-0.1835	0.1595	-0.308075	NAN	
9.86	-0.115	-0.18	0.1655	-0.30645	NAN	
9.87	-0.105	-0.1755	0.161	-0.3048175	NAN	
9.88	-0.1	-0.1715	0.1685	-0.30317	NAN	
9.89	-0.09	-0.167	0.167	-0.3014925	NAN	
9.9	-0.08	-0.163	0.1715	-0.2998	NAN	
9.91	-0.075	-0.159	0.168	-0.2981025	NAN	
9.92	-0.065	-0.1555	0.1745	-0.29639	NAN	
9.93	-0.06	-0.1505	0.169	-0.2946725	NAN	
9.94	-0.05	-0.147	0.1805	-0.292925	NAN	
9.95	-0.04	-0.143	0.175	-0.2911475	NAN	
9.96	-0.035	-0.1385	0.1805	-0.28937	NAN	
9.97	-0.025	-0.1345	0.178	-0.2875775	NAN	
9.98	-0.02	-0.1305	0.181	-0.2857825	NAN	
9.99	-0.01	-0.1265	0.1835	-0.28396	NAN	
10	0	-0.1225	0.1865	-0.28211	NAN	
10.01	0.005	-0.1185	0.1835	-0.28026	NAN	
10.02	0.015	-0.1145	0.1865	-0.27841	NAN	
10.03	0.02	-0.1105	0.184	-0.2765575	NAN	
10.04	0.03	-0.1065	0.193	-0.2746725	NAN	
10.05	0.04	-0.1025	0.1895	-0.27276	NAN	
10.06	0.045	-0.098	0.1935	-0.270845	NAN	
10.07	0.055	-0.0945	0.1925	-0.268915	NAN	
10.08	0.06	-0.0905	0.195	-0.2669775	NAN	
10.09	0.07	-0.086	0.198	-0.2650125	NAN	
10.1	0.08	-0.0825	0.203	-0.2630075	NAN	
10.11	0.085	-0.0785	0.198	-0.2610025	NAN	
10.12	0.095	-0.0745	0.205	-0.2589875	NAN	
10.13	0.1	-0.07	0.1995	-0.256965	NAN	
10.14	0.11	-0.0665	0.2115	-0.25491	NAN	
10.15	0.12	-0.0625	0.206	-0.2528225	NAN	
10.16	0.125	-0.058	0.212	-0.2507325	NAN	
10.17	0.135	-0.0545	0.2095	-0.248625	NAN	
10.18	0.14	-0.0505	0.2125	-0.246515	NAN	
10.19	0.15	-0.0465	0.2175	-0.244365	NAN	
10.2	0.16	-0.0425	0.219	-0.2421825	NAN	
10.21	0.165	-0.039	0.2175	-0.24	NAN	
10.22	0.175	-0.0355	0.2215	-0.237805	NAN	
10.23	0.18	-0.0315	0.2225	-0.235585	NAN	
10.24	0.19	-0.028	0.2285	-0.23333	NAN	
10.25	0.2	-0.024	0.2265	-0.231055	NAN	
10.26	0.205	-0.0205	0.229	-0.2287775	NAN	
10.27	0.215	-0.0165	0.23	-0.2264825	NAN	
10.28	0.22	-0.013	0.236	-0.2241525	NAN	
10.29	0.23	-0.0095	0.238	-0.2217825	NAN	
10.3	0.24	-0.0055	0.24	-0.2193925	NAN	
10.31	0.245	-0.002	0.2375	-0.217005	NAN	
10.32	0.255	0.001	0.2475	-0.21458	NAN	
10.33	0.26	0.0035	0.2435	-0.212125	NAN	
10.34	0.27	0.008	0.2545	-0.209635	NAN	
10.35	0.28	0.011	0.246	-0.2071325	NAN	
10.36	0.285	0.0145	0.2555	-0.204625	NAN	
10.37	0.295	0.018	0.257	-0.2020625	NAN	
10.38	0.3	0.0215	0.264	-0.1994575	NAN	
10.39	0.31	0.024	0.264	-0.1968175	NAN	
10.4	0.32	0.0275	0.2665	-0.194165	NAN	
10.41	0.325	0.0305	0.265	-0.1915075	NAN	
10.42	0.335	0.0335	0.2765	-0.1888	NAN	
10.43	0.34	0.036	0.2765	-0.186035	NAN	
10.44	0.35	0.039	0.283	-0.1832375	NAN	
10.45	0.36	0.042	0.279	-0.1804275	NAN	
10.46	0.365	0.0445	0.286	-0.1776025	NAN	
10.47	0.375	0.0475	0.2935	-0.174705	NAN	
10.48	0.38	0.0495	0.2975	-0.17175	NAN	
10.49	0.39	0.0525	0.299	-0.1687675	NAN	
10.5	0.4	0.055	0.3005	-0.16577	NAN	
10.51	0.405	0.0575	0.3055	-0.16274	NAN	
10.52	0.415	0.0595	0.3185	-0.15962	NAN	
10.53	0.42	0.0625	0.3155	-0.15645	NAN	
10.54	0.43	0.0645	0.3225	-0.15326	NAN	
10.55	0.44	0.068	0.321	-0.1500425	NAN	
10.56	0.445	0.069	0.333	-0.1467725	NAN	
10.57	0.455	0.0705	0.3355	-0.14343	NAN	
10.58	0.46	0.073	0.34	-0.1400525	NAN	
10.59	0.47	0.0755	0.338	-0.1366625	NAN	
10.6	0.48	0.0775	0.349	-0.1332275	NAN	
10.61	0.485	0.0795	0.3515	-0.129725	NAN	
10.62	0.495	0.0815	0.363	-0.1261525	NAN	
10.63	0.5	0.0835	0.3565	-0.122555	NAN	
10.64	0.51	0.0855	0.3685	-0.11893	NAN	
10.65	0.52	0.0875	0.37	-0.1152375	NAN	
10.66	0.525	0.0895	0.3795	-0.11149	NAN	
10.67	0.535	0.0915	0.3805	-0.10769	NAN	
10.68	0.54	0.0935	0.3845	-0.103865	NAN	
10.69	0.55	0.0955	0.3915	-0.099985	NAN	
10.7	0.56	0.098	0.3955	-0.09605	NAN	
10.71	0.565	0.0995	0.397	-0.0920875	NAN	
10.72	0.575	0.102	0.405	-0.0880775	NAN	
10.73	0.58	0.104	0.4075	-0.084015	NAN	
10.74	0.59	0.106	0.418	-0.0798875	NAN	
10.75	0.6	0.108	0.4135	-0.07573	NAN	
10.76	0.605	0.11	0.4235	-0.071545	NAN	
10.77	0.615	0.112	0.4285	-0.067285	NAN	
10.78	0.62	0.114	0.435	-0.0629675	NAN	
10.79	0.63	0.1165	0.433	-0.0586275	NAN	
10.8	0.64	0.1185	0.4395	-0.054265	NAN	
10.81	0.645	0.121	0.443	-0.0498525	NAN	
10.82	0.655	0.123	0.4545	-0.045365	NAN	
10.83	0.66	0.125	0.447	-0.0408575	NAN	
10.84	0.67	0.1275	0.459	-0.0363275	NAN	
10.85	0.68	0.1295	0.46	-0.0317325	NAN	
10.86	0.685	0.132	0.4695	-0.027085	NAN	
10.87	0.695	0.134	0.4725	-0.022375	NAN	
10.88	0.7	0.1365	0.4755	-0.017635	NAN	
10.89	0.71	0.139	0.4835	-0.01284	NAN	
10.9	0.72	0.141	0.4795	-0.008025	NAN	
10.91	0.725	0.1435	0.486	-0.0031975	NAN	
10.92	0.735	0.146	0.498	0.0017225	NAN	
10.93	0.74	0.1485	0.4935	0.00668	NAN	
10.94	0.75	0.151	0.5005	0.01165	NAN	
10.95	0.76	0.1535	0.5005	0.016655	NAN	
10.96	0.765	0.156	0.511	0.0217125	NAN	
10.97	0.775	0.1585	0.5165	0.02685	NAN	
10.98	0.78	0.161	0.5175	0.03202	NAN	
10.99	0.79	0.164	0.5195	0.037205	NAN	
11	0.8	0.1665	0.528	0.0424425	NAN	
11.01	0.805	0.1695	0.524	0.0477025	NAN	
11.02	0.815	0.172	0.5335	0.05299	NAN	
11.03	0.82	0.175	0.5315	0.058315	NAN	
11.04	0.83	0.1785	0.543	0.0636875	NAN	
11.05	0.84	0.1815	0.535	0.0690775	NAN	
11.06	0.845	0.1845	0.5435	0.07447	NAN	
11.07	0.855	0.1875	0.548	0.0799275	NAN	
11.08	0.86	0.1905	0.5525	0.08543	NAN	
11.09	0.87	0.194	0.5505	0.090945	NAN	
11.1	0.88	0.1975	0.555	0.0964725	NAN	
11.11	0.885	0.201	0.5635	0.102065	NAN	
11.12	0.895	0.2045	0.567	0.1077175	NAN	
11.13	0.9	0.208	0.557	0.1133375	NAN	
11.14	0.91	0.212	0.566	0.1189525	NAN	
11.15	0.92	0.2155	0.5675	0.12462	NAN	
11.16	0.925	0.2195	0.573	0.1303225	NAN	
11.17	0.935	0.2235	0.5675	0.136025	NAN	
11.18	0.94	0.227	0.5725	0.141725	NAN	
11.19	0.95	0.2315	0.573	0.1474525	NAN	
11.2	0.96	0.236	0.569	0.1531625	NAN	
11.21	0.965	0.2405	0.5695	0.158855	NAN	
11.22	0.975	0.2445	0.587	0.1646375	NAN	
11.23	0.98	0.2495	0.5715	0.17043	NAN	
11.24	0.99	0.2545	0.576	0.1761675	NAN	
11.25	1	0.2595	0.5695	0.181895	NAN	
11.26	1.005	0.265	0.5745	0.187615	NAN	
11.27	1.015	0.27	0.5665	0.19332	NAN	
11.28	1.02	0.276	0.5735	0.19902	NAN	
11.29	1.03	0.282	0.5695	0.204735	NAN	
11.3	1.04	0.2885	0.563	0.2103975	NAN	
11.31	1.045	0.295	0.5565	0.215995	NAN	
11.32	1.055	0.302	0.5595	0.221575	NAN	
11.33	1.06	0.3095	0.5525	0.227135	NAN	
11.34	1.07	0.317	0.548	0.2326375	NAN	
11.35	1.08	0.3255	0.536	0.2380575	NAN	
11.36	1.085	0.3335	0.5385	0.24343	NAN	
11.37	1.095	0.342	0.53	0.2487725	NAN	
11.38	1.1	0.3505	0.5205	0.254025	NAN	
11.39	1.11	0.36	0.513	0.2591925	NAN	
11.4	1.12	0.369	0.5055	0.264285	NAN	
11.41	1.125	0.3785	0.501	0.2693175	NAN	
11.42	1.135	0.388	0.497	0.2743075	NAN	
11.43	1.14	0.3975	0.48	0.2791925	NAN	
11.44	1.15	0.407	0.4865	0.284025	NAN	
11.45	1.16	0.417	0.4645	0.28878	NAN	
11.46	1.165	0.4265	0.4625	0.293415	NAN	
11.47	1.175	0.4365	0.453	0.2979925	NAN	
11.48	1.18	0.4465	0.452	0.3025175	NAN	
11.49	1.19	0.456	0.4365	0.30696	NAN	
11.5	1.2	0.4655	0.431	0.3112975	NAN	
11.51	1.205	0.4755	0.423	0.3155675	NAN	
11.52	1.215	0.485	0.4225	0.319795	NAN	
11.53	1.22	0.495	0.4055	0.323935	NAN	
11.54	1.23	0.5045	0.401	0.3279675	NAN	
11.55	1.24	0.5145	0.39	0.3319225	NAN	
11.56	1.245	0.524	0.3895	0.33582	NAN	
11.57	1.255	0.5335	0.3775	0.339655	NAN	
11.58	1.26	0.5435	0.3675	0.34338	NAN	
11.59	1.27	0.5525	0.361	0.3470225	NAN	
11.6	1.28	0.562	0.36	0.3506275	NAN	
11.61	1.285	0.5715	0.3435	0.354145	NAN	
11.62	1.295	0.581	0.341	0.3575675	NAN	
11.63	1.3	0.5905	0.3265	0.360905	NAN	
11.64	1.31	0.6	0.3305	0.36419	NAN	
11.65	1.32	0.609	0.314	0.3674125	NAN	
11.66	1.325	0.6185	0.3125	0.370545	NAN	
11.67	1.335	0.6275	0.3005	0.37361	NAN	
11.68	1.34	0.637	0.3	0.3766125	NAN	
11.69	1.35	0.646	0.289	0.3795575	NAN	
11.7	1.36	0.6555	0.285	0.3824275	NAN	
11.71	1.365	0.6645	0.272	0.3852125	NAN	
11.72	1.375	0.6735	0.2745	0.387945	NAN	
11.73	1.38	0.6825	0.262	0.3906275	NAN	
11.74	1.39	0.6915	0.2645	0.39326	NAN	
11.75	1.4	0.7005	0.249	0.3958275	NAN	
11.76	1.405	0.7095	0.2445	0.398295	NAN	
11.77	1.415	0.718	0.237	0.4007025	NAN	
11.78	1.42	0.7265	0.236	0.4030675	NAN	
11.79	1.43	0.7355	0.228	0.4053875	NAN	
11.8	1.44	0.744	0.2205	0.40763	NAN	
11.81	1.445	0.7525	0.2095	0.40978	NAN	
11.82	1.455	0.761	0.214	0.4118975	NAN	
11.83	1.46	0.7695	0.2025	0.41398	NAN	
11.84	1.47	0.778	0.2035	0.41601	NAN	
11.85	1.48	0.786	0.186	0.4179575	NAN	
11.86	1.485	0.794	0.1895	0.419835	NAN	
11.87	1.495	0.8025	0.183	0.4216975	NAN	
11.88	1.5	0.8105	0.184	0.4235325	NAN	
11.89	1.51	0.8185	0.174	0.4253225	NAN	
11.9	1.52	0.826	0.1715	0.42705	NAN	
11.91	1.525	0.8335	0.1595	0.428705	NAN	
11.92	1.535	0.8415	0.165	0.4303275	NAN	
11.93	1.54	0.849	0.153	0.4319175	NAN	
11.94	1.55	0.8565	0.1605	0.433485	NAN	
11.95	1.56	0.864	0.143	0.4350025	NAN	
11.96	1.565	0.8715	0.146	0.4364475	NAN	
11.97	1.575	0.8785	0.136	0.4378575	NAN	
11.98	1.58	0.886	0.139	0.4392325	NAN	
11.99	1.59	0.8935	0.1345	0.4406	NAN	
12	1.6	0.9005	0.134	0.4419425	NAN	
12.01	1.605	0.9075	0.123	0.4432275	NAN	
12.02	1.615	0.914	0.1255	0.44447	NAN	
12.03	1.62	0.921	0.114	0.4456675	NAN	
12.04	1.63	0.9275	0.1215	0.446845	NAN	
12.05	1.64	0.9345	0.1125	0.448015	NAN	
12.06	1.645	0.941	0.114	0.4491475	NAN	
12.07	1.655	0.9475	0.106	0.4502475	NAN	
12.08	1.66	0.9535	0.105	0.4513025	NAN	
12.09	1.67	0.96	0.1	0.4523275	NAN	
12.1	1.68	0.966	0.1045	0.45335	NAN	
12.11	1.685	0.9725	0.0985	0.454365	NAN	
12.12	1.695	0.9785	0.1025	0.45537	NAN	
12.13	1.7	0.9845	0.0885	0.456325	NAN	
12.14	1.71	0.9905	0.0945	0.45724	NAN	
12.15	1.72	0.9965	0.0855	0.45814	NAN	
12.16	1.725	1.0025	0.095	0.4590425	NAN	
12.17	1.735	1.008	0.0865	0.45995	NAN	
12.18	1.74	1.014	0.088	0.4608225	NAN	
12.19	1.75	1.0195	0.078	0.4616525	NAN	
12.2	1.76	1.02	0.0805	0.462445	NAN	
12.21	1.765	1.02	0.078	0.4632375	NAN	
12.22	1.775	1.02	0.0865	0.46406	NAN	
12.23	1.78	1.02	0.0755	0.46487	NAN	
12.24	1.79	1.02	0.0775	0.465635	NAN	
12.25	1.8	1.02	0.0685	0.466365	NAN	
12.26	1.805	1.02	0.074	0.4670775	NAN	
12.27	1.815	1.02	0.0735	0.467815	NAN	
12.28	1.82	1.02	0.0755	0.46856	NAN	
12.29	1.83	1.02	0.0715	0.469295	NAN	
12.3	1.84	1.02	0.072	0.4700125	NAN	
12.31	1.845	1.02	0.064	0.4706925	NAN	
12.32	1.855	1.02	0.069	0.4713575	NAN	
12.33	1.86	1.02	0.0625	0.472015	NAN	
12.34	1.87	1.02	0.07	0.4726775	NAN	
12.35	1.88	1.02	0.0625	0.47334	NAN	
12.36	1.885	1.02	0.0705	0.474005	NAN	
12.37	1.895	1.02	0.0595	0.474655	NAN	
12.38	1.9	1.02	0.063	0.4752675	NAN	
12.39	1.91	1.02	0.056	0.4758625	NAN	
12.4	1.92	1.02	0.064	0.4764625	NAN	
12.41	1.925	1.02	0.057	0.4770675	NAN	
12.42	1.935	1.02	-0.0025	0.47734	NAN	
12.43	1.94	1.02	0.0325	0.47749	NAN	
12.44	1.95	1.02	-0.007	0.4776175	NAN	
12.45	1.96	1.02	0.0295	0.47773	NAN	
12.46	1.965	1.02	-0.003	0.4778625	NAN	
12.47	1.975	1.02	0.0255	0.477975	NAN	
12.48	1.98	1.02	-0.004	0.4780825	NAN	
12.49	1.99	1.02	0.026	0.4781925	NAN	
12.5	2	1.02	-0.005	0.4782975	NAN	
