MIN=0	-10	-1	-1	-2	0	
MAX=12.5	10	1	1	2	50	
SCALE=5	5	0.5	0.5	1	10	
DEC=2	2	3	3	2	2	
DEF="Time" t / s	"Voltage" U_1 / V	"Current" I_1 / A	"Voltage" U_B2 / V	"Magnetic Flux" &F / Vs	"Frequency" f / Hz	
0	0	0.0005	0.005	0	NAN	
0.01	0.005	0.0015	0.003	4E-5	NAN	
0.02	0.015	0.0015	0.0165	0.0001375	NAN	
0.03	0.02	0.0025	0.0145	0.0002925	NAN	
0.04	0.03	0.0045	0.028	0.000505	NAN	
0.05	0.04	0.006	0.021	0.00075	NAN	
0.06	0.045	0.008	0.035	0.00103	NAN	
0.07	0.055	0.01	0.0335	0.0013725	NAN	
0.08	0.06	0.0125	0.039	0.001735	NAN	
0.09	0.07	0.0145	0.039	0.002125	NAN	
0.1	0.08	0.017	0.0465	0.0025525	NAN	
0.11	0.085	0.02	0.045	0.00301	NAN	
0.12	0.095	0.0225	0.058	0.003525	NAN	
0.13	0.1	0.0255	0.052	0.004075	NAN	
0.14	0.11	0.028	0.0665	0.0046675	NAN	
0.15	0.12	0.0315	0.06	0.0053	NAN	
0.16	0.125	0.034	0.073	0.005965	NAN	
0.17	0.135	0.0365	0.076	0.00671	NAN	
0.18	0.14	0.038	0.0815	0.0074975	NAN	
0.19	0.15	0.04	0.0835	0.0083225	NAN	
0.2	0.16	0.0415	0.091	0.009195	NAN	
0.21	0.165	0.0435	0.0895	0.0100975	NAN	
0.22	0.175	0.0455	0.1045	0.0110675	NAN	
0.23	0.18	0.0475	0.099	0.012085	NAN	
0.24	0.19	0.0495	0.1125	0.0131425	NAN	
0.25	0.2	0.0515	0.1105	0.0142575	NAN	
0.26	0.205	0.0535	0.125	0.015435	NAN	
0.27	0.215	0.0555	0.124	0.01668	NAN	
0.28	0.22	0.058	0.1325	0.0179625	NAN	
0.29	0.23	0.06	0.1325	0.0192875	NAN	
0.3	0.24	0.062	0.139	0.020645	NAN	
0.31	0.245	0.064	0.1365	0.0220225	NAN	
0.32	0.255	0.0665	0.1505	0.0234575	NAN	
0.33	0.26	0.069	0.146	0.02494	NAN	
0.34	0.27	0.071	0.1575	0.0264575	NAN	
0.35	0.28	0.0735	0.156	0.028025	NAN	
0.36	0.285	0.0755	0.169	0.02965	NAN	
0.37	0.295	0.0775	0.1705	0.0313475	NAN	
0.38	0.3	0.0805	0.1785	0.0330925	NAN	
0.39	0.31	0.0825	0.1775	0.0348725	NAN	
0.4	0.32	0.0845	0.181	0.036665	NAN	
0.41	0.325	0.087	0.1815	0.0384775	NAN	
0.42	0.335	0.0895	0.191	0.04034	NAN	
0.43	0.34	0.092	0.1875	0.0422325	NAN	
0.44	0.35	0.094	0.2025	0.0441825	NAN	
0.45	0.36	0.0965	0.1995	0.0461925	NAN	
0.46	0.365	0.099	0.2105	0.0482425	NAN	
0.47	0.375	0.102	0.2125	0.0503575	NAN	
0.48	0.38	0.104	0.216	0.0525	NAN	
0.49	0.39	0.1065	0.213	0.054645	NAN	
0.5	0.4	0.1095	0.2215	0.0568175	NAN	
0.51	0.405	0.112	0.222	0.059035	NAN	
0.52	0.415	0.115	0.2325	0.0613075	NAN	
0.53	0.42	0.1175	0.231	0.063625	NAN	
0.54	0.43	0.1205	0.2425	0.0659925	NAN	
0.55	0.44	0.123	0.235	0.06838	NAN	
0.56	0.445	0.126	0.2455	0.0707825	NAN	
0.57	0.455	0.1285	0.244	0.07323	NAN	
0.58	0.46	0.131	0.2475	0.0756875	NAN	
0.59	0.47	0.1335	0.2525	0.0781875	NAN	
0.6	0.48	0.136	0.262	0.08076	NAN	
0.61	0.485	0.1385	0.2625	0.0833825	NAN	
0.62	0.495	0.141	0.274	0.086065	NAN	
0.63	0.5	0.1435	0.269	0.08878	NAN	
0.64	0.51	0.146	0.277	0.09151	NAN	
0.65	0.52	0.148	0.272	0.094255	NAN	
0.66	0.525	0.1505	0.2835	0.0970325	NAN	
0.67	0.535	0.153	0.285	0.099875	NAN	
0.68	0.54	0.155	0.2935	0.1027675	NAN	
0.69	0.55	0.1575	0.2955	0.1057125	NAN	
0.7	0.56	0.1595	0.2995	0.1086875	NAN	
0.71	0.565	0.162	0.302	0.111695	NAN	
0.72	0.575	0.1645	0.3115	0.1147625	NAN	
0.73	0.58	0.1665	0.307	0.117855	NAN	
0.74	0.59	0.169	0.3155	0.1209675	NAN	
0.75	0.6	0.171	0.316	0.124125	NAN	
0.76	0.605	0.174	0.329	0.12735	NAN	
0.77	0.615	0.1765	0.325	0.13062	NAN	
0.78	0.62	0.1785	0.335	0.13392	NAN	
0.79	0.63	0.181	0.334	0.137265	NAN	
0.8	0.64	0.1835	0.337	0.14062	NAN	
0.81	0.645	0.1865	0.3385	0.1439975	NAN	
0.82	0.655	0.189	0.3455	0.1474175	NAN	
0.83	0.66	0.1915	0.348	0.150885	NAN	
0.84	0.67	0.1945	0.363	0.15444	NAN	
0.85	0.68	0.197	0.355	0.15803	NAN	
0.86	0.685	0.2	0.3595	0.1616025	NAN	
0.87	0.695	0.203	0.3615	0.1652075	NAN	
0.88	0.7	0.2065	0.364	0.168835	NAN	
0.89	0.71	0.2095	0.367	0.17249	NAN	
0.9	0.72	0.2125	0.373	0.17619	NAN	
0.91	0.725	0.2155	0.3755	0.1799325	NAN	
0.92	0.735	0.219	0.38	0.18371	NAN	
0.93	0.74	0.2225	0.3795	0.1875075	NAN	
0.94	0.75	0.226	0.3825	0.1913175	NAN	
0.95	0.76	0.23	0.382	0.19514	NAN	
0.96	0.765	0.2335	0.3845	0.1989725	NAN	
0.97	0.775	0.2375	0.389	0.20284	NAN	
0.98	0.78	0.2415	0.3875	0.2067225	NAN	
0.99	0.79	0.2455	0.3885	0.2106025	NAN	
1	0.8	0.2495	0.3915	0.2145025	NAN	
1.01	0.805	0.2545	0.389	0.218405	NAN	
1.02	0.815	0.259	0.397	0.222335	NAN	
1.03	0.82	0.2635	0.393	0.226285	NAN	
1.04	0.83	0.2685	0.399	0.230245	NAN	
1.05	0.84	0.2735	0.3905	0.2341925	NAN	
1.06	0.845	0.2785	0.3925	0.2381075	NAN	
1.07	0.855	0.2835	0.3845	0.2419925	NAN	
1.08	0.86	0.289	0.388	0.245855	NAN	
1.09	0.87	0.2945	0.393	0.24976	NAN	
1.1	0.88	0.3	0.3905	0.2536775	NAN	
1.11	0.885	0.306	0.3865	0.2575625	NAN	
1.12	0.895	0.3115	0.388	0.261435	NAN	
1.13	0.9	0.3175	0.38	0.265275	NAN	
1.14	0.91	0.3235	0.384	0.269095	NAN	
1.15	0.92	0.3295	0.383	0.27293	NAN	
1.16	0.925	0.3355	0.3825	0.2767575	NAN	
1.17	0.935	0.3415	0.3795	0.2805675	NAN	
1.18	0.94	0.3485	0.3775	0.2843525	NAN	
1.19	0.95	0.3545	0.3715	0.2880975	NAN	
1.2	0.96	0.3605	0.37	0.291805	NAN	
1.21	0.965	0.3675	0.367	0.29549	NAN	
1.22	0.975	0.374	0.371	0.29918	NAN	
1.23	0.98	0.3805	0.36	0.302835	NAN	
1.24	0.99	0.387	0.3625	0.3064475	NAN	
1.25	1	0.394	0.3515	0.3100175	NAN	
1.26	1.005	0.4005	0.353	0.31354	NAN	
1.27	1.015	0.4075	0.35	0.317055	NAN	
1.28	1.02	0.4145	0.3505	0.3205575	NAN	
1.29	1.03	0.421	0.344	0.32403	NAN	
1.3	1.04	0.428	0.3385	0.3274425	NAN	
1.31	1.045	0.435	0.3345	0.3308075	NAN	
1.32	1.055	0.442	0.334	0.33415	NAN	
1.33	1.06	0.449	0.325	0.337445	NAN	
1.34	1.07	0.4545	0.3305	0.3407225	NAN	
1.35	1.08	0.4635	0.3195	0.3439725	NAN	
1.36	1.085	0.4705	0.324	0.34719	NAN	
1.37	1.095	0.478	0.3145	0.3503825	NAN	
1.38	1.1	0.485	0.3105	0.3535075	NAN	
1.39	1.11	0.4925	0.3055	0.3565875	NAN	
1.4	1.12	0.5	0.2995	0.3596125	NAN	
1.41	1.125	0.5075	0.29	0.36256	NAN	
1.42	1.135	0.516	0.2985	0.3655025	NAN	
1.43	1.14	0.5225	0.289	0.36844	NAN	
1.44	1.15	0.5295	0.2895	0.3713325	NAN	
1.45	1.16	0.5375	0.268	0.37412	NAN	
1.46	1.165	0.5445	0.277	0.376845	NAN	
1.47	1.175	0.5525	0.2715	0.3795875	NAN	
1.48	1.18	0.56	0.2645	0.3822675	NAN	
1.49	1.19	0.5675	0.2675	0.3849275	NAN	
1.5	1.2	0.5755	0.2595	0.3875625	NAN	
1.51	1.205	0.583	0.2515	0.3901175	NAN	
1.52	1.215	0.5905	0.2575	0.3926625	NAN	
1.53	1.22	0.598	0.2425	0.3951625	NAN	
1.54	1.23	0.606	0.2405	0.3975775	NAN	
1.55	1.24	0.6135	0.2295	0.3999275	NAN	
1.56	1.245	0.6215	0.2305	0.4022275	NAN	
1.57	1.255	0.629	0.223	0.404495	NAN	
1.58	1.26	0.637	0.2235	0.4067275	NAN	
1.59	1.27	0.645	0.217	0.40893	NAN	
1.6	1.28	0.6525	0.2135	0.4110825	NAN	
1.61	1.285	0.66	0.2075	0.4131875	NAN	
1.62	1.295	0.6675	0.2045	0.4152475	NAN	
1.63	1.3	0.6755	0.1905	0.4172225	NAN	
1.64	1.31	0.685	0.194	0.419145	NAN	
1.65	1.32	0.691	0.181	0.42102	NAN	
1.66	1.325	0.6985	0.184	0.422845	NAN	
1.67	1.335	0.706	0.1765	0.4246475	NAN	
1.68	1.34	0.7135	0.179	0.426425	NAN	
1.69	1.35	0.7215	0.17	0.42817	NAN	
1.7	1.36	0.729	0.168	0.42986	NAN	
1.71	1.365	0.7365	0.1625	0.4315125	NAN	
1.72	1.375	0.744	0.162	0.433135	NAN	
1.73	1.38	0.7515	0.1485	0.4346875	NAN	
1.74	1.39	0.7585	0.152	0.43619	NAN	
1.75	1.4	0.766	0.139	0.437645	NAN	
1.76	1.405	0.7735	0.143	0.439055	NAN	
1.77	1.415	0.7805	0.1385	0.4404625	NAN	
1.78	1.42	0.7875	0.1365	0.4418375	NAN	
1.79	1.43	0.795	0.13	0.44317	NAN	
1.8	1.44	0.802	0.1325	0.4444825	NAN	
1.81	1.445	0.809	0.1255	0.4457725	NAN	
1.82	1.455	0.8155	0.128	0.44704	NAN	
1.83	1.46	0.8225	0.1165	0.4482625	NAN	
1.84	1.47	0.8295	0.1185	0.4494375	NAN	
1.85	1.48	0.836	0.106	0.45056	NAN	
1.86	1.485	0.8425	0.109	0.451635	NAN	
1.87	1.495	0.8495	0.1055	0.4527075	NAN	
1.88	1.5	0.856	0.105	0.45376	NAN	
1.89	1.51	0.862	0.1	0.454785	NAN	
1.9	1.52	0.8685	0.1025	0.4557975	NAN	
1.91	1.525	0.875	0.0965	0.4567925	NAN	
1.92	1.535	0.8815	0.101	0.45778	NAN	
1.93	1.54	0.8875	0.094	0.458755	NAN	
1.94	1.55	0.894	0.098	0.459715	NAN	
1.95	1.56	0.9	0.084	0.460625	NAN	
1.96	1.565	0.906	0.0905	0.4614975	NAN	
1.97	1.575	0.912	0.0825	0.4623625	NAN	
1.98	1.58	0.918	0.081	0.46318	NAN	
1.99	1.59	0.924	0.0785	0.4639775	NAN	
2	1.6	0.93	0.0815	0.4647775	NAN	
2.01	1.605	0.9355	0.073	0.46555	NAN	
2.02	1.615	0.9415	0.08	0.466315	NAN	
2.03	1.62	0.947	0.0735	0.4670825	NAN	
2.04	1.63	0.9525	0.0785	0.4678425	NAN	
2.05	1.64	0.9585	0.0685	0.4685775	NAN	
2.06	1.645	0.964	0.0775	0.4693075	NAN	
2.07	1.655	0.9695	0.071	0.47005	NAN	
2.08	1.66	0.975	0.0725	0.4707675	NAN	
2.09	1.67	0.98	0.0685	0.4714725	NAN	
2.1	1.68	0.9855	0.0685	0.4721575	NAN	
2.11	1.685	0.991	0.062	0.47281	NAN	
2.12	1.695	0.9965	0.0685	0.4734625	NAN	
2.13	1.7	1.0015	0.0605	0.4741075	NAN	
2.14	1.71	1.007	0.063	0.474725	NAN	
2.15	1.72	1.012	0.055	0.475315	NAN	
2.16	1.725	1.0175	0.062	0.4759	NAN	
2.17	1.735	1.02	0.0575	0.4764975	NAN	
2.18	1.74	1.02	0.061	0.47709	NAN	
2.19	1.75	1.02	0.0555	0.4776725	NAN	
2.2	1.76	1.02	0.0605	0.4782525	NAN	
2.21	1.765	1.02	0.0555	0.4788325	NAN	
2.22	1.775	1.02	0.066	0.47944	NAN	
2.23	1.78	1.02	0.053	0.480035	NAN	
2.24	1.79	1.02	0.054	0.48057	NAN	
2.25	1.8	1.02	0.047	0.481075	NAN	
2.26	1.805	1.02	0.0545	0.4815825	NAN	
2.27	1.815	1.02	0.0495	0.4821025	NAN	
2.28	1.82	1.02	0.051	0.482605	NAN	
2.29	1.83	1.02	0.046	0.48309	NAN	
2.3	1.84	1.02	0.0495	0.4835675	NAN	
2.31	1.845	1.02	0.0465	0.4840475	NAN	
2.32	1.855	1.02	0.052	0.48454	NAN	
2.33	1.86	1.02	0.0445	0.4850225	NAN	
2.34	1.87	1.02	0.0565	0.4855275	NAN	
2.35	1.88	1.02	0.0475	0.4860475	NAN	
2.36	1.885	1.02	0.0545	0.4865575	NAN	
2.37	1.895	1.02	0.0475	0.4870675	NAN	
2.38	1.9	1.02	0.0055	0.4873325	NAN	
2.39	1.91	1.02	0.048	0.4876	NAN	
2.4	1.92	1.02	-0.004	0.48782	NAN	
2.41	1.925	1.02	0.0255	0.4879275	NAN	
2.42	1.935	1.02	-0.0055	0.4880275	NAN	
2.43	1.94	1.02	0.0185	0.4880925	NAN	
2.44	1.95	1.02	-0.007	0.48815	NAN	
2.45	1.96	1.02	0.016	0.488195	NAN	
2.46	1.965	1.02	0.002	0.488285	NAN	
2.47	1.975	1.02	0.0245	0.4884175	NAN	
2.48	1.98	1.02	0	0.48854	NAN	
2.49	1.99	1.02	0.017	0.488625	NAN	
2.5	2	1.02	-0.001	0.488705	NAN	
2.51	1.995	1.02	0.021	0.488805	NAN	
2.52	1.985	1.02	0.001	0.488915	NAN	
2.53	1.98	1.02	0.0155	0.4889975	NAN	
2.54	1.97	1.02	0.004	0.489095	NAN	
2.55	1.96	1.02	0.0145	0.4891875	NAN	
2.56	1.955	1.02	0.011	0.489315	NAN	
2.57	1.945	1.02	0.022	0.48948	NAN	
2.58	1.94	1.02	-0.0045	0.4895675	NAN	
2.59	1.93	1.02	0.0175	0.4896325	NAN	
2.6	1.92	1.02	-0.005	0.489695	NAN	
2.61	1.915	1.02	0.015	0.489745	NAN	
2.62	1.905	1.02	-0.0015	0.4898125	NAN	
2.63	1.9	1.02	0.0165	0.4898875	NAN	
2.64	1.89	1.02	-0.0045	0.4899475	NAN	
2.65	1.88	1.02	0.0185	0.4900175	NAN	
2.66	1.875	1.02	-0.006	0.49008	NAN	
2.67	1.865	1.02	0.0045	0.4900725	NAN	
2.68	1.86	1.02	0.0015	0.4901025	NAN	
2.69	1.85	1.02	0	0.49011	NAN	
2.7	1.84	1.02	0.003	0.490125	NAN	
2.71	1.835	1.02	-0.005	0.490115	NAN	
2.72	1.825	1.02	-0.0025	0.4900775	NAN	
2.73	1.82	1.02	-0.0105	0.4900125	NAN	
2.74	1.81	1.02	-0.009	0.489915	NAN	
2.75	1.8	1.02	-0.016	0.48979	NAN	
2.76	1.795	1.02	-0.0125	0.4896475	NAN	
2.77	1.785	1.02	-0.0185	0.4894925	NAN	
2.78	1.78	1.02	-0.0105	0.4893475	NAN	
2.79	1.77	1.02	-0.019	0.4892	NAN	
2.8	1.76	1.02	-0.0095	0.4890575	NAN	
2.81	1.755	1.02	-0.0135	0.4889425	NAN	
2.82	1.745	1.02	-0.0135	0.4888075	NAN	
2.83	1.74	1.02	-0.017	0.488655	NAN	
2.84	1.73	1.02	-0.0155	0.4884925	NAN	
2.85	1.72	1.02	-0.02	0.488315	NAN	
2.86	1.715	1.02	-0.017	0.48813	NAN	
2.87	1.705	1.02	-0.021	0.48794	NAN	
2.88	1.7	1.02	-0.0145	0.4877625	NAN	
2.89	1.69	1.02	-0.018	0.4876	NAN	
2.9	1.68	1.02	-0.01	0.48746	NAN	
2.91	1.675	1.02	-0.019	0.487315	NAN	
2.92	1.665	1.02	-0.0155	0.4871425	NAN	
2.93	1.66	1.02	-0.0205	0.4869625	NAN	
2.94	1.65	1.02	-0.02	0.48676	NAN	
2.95	1.64	1.02	-0.0225	0.4865475	NAN	
2.96	1.635	1.02	-0.018	0.486345	NAN	
2.97	1.625	1.0165	-0.025	0.48613	NAN	
2.98	1.62	1.012	-0.015	0.48593	NAN	
2.99	1.61	1.0075	-0.0205	0.4857525	NAN	
3	1.6	1.003	-0.013	0.485585	NAN	
3.01	1.595	0.9985	-0.0205	0.4854175	NAN	
3.02	1.585	0.994	-0.017	0.48523	NAN	
3.03	1.58	0.989	-0.023	0.48503	NAN	
3.04	1.57	0.9845	-0.021	0.48481	NAN	
3.05	1.56	0.98	-0.0235	0.4845875	NAN	
3.06	1.555	0.9755	-0.019	0.484375	NAN	
3.07	1.545	0.9705	-0.025	0.484155	NAN	
3.08	1.54	0.966	-0.015	0.483955	NAN	
3.09	1.53	0.9615	-0.022	0.48377	NAN	
3.1	1.52	0.9565	-0.017	0.483575	NAN	
3.11	1.515	0.9515	-0.0225	0.4833775	NAN	
3.12	1.505	0.947	-0.0215	0.4831575	NAN	
3.13	1.5	0.942	-0.0275	0.4829125	NAN	
3.14	1.49	0.9375	-0.023	0.48266	NAN	
3.15	1.48	0.9325	-0.025	0.48242	NAN	
3.16	1.475	0.928	-0.0225	0.4821825	NAN	
3.17	1.465	0.923	-0.024	0.48195	NAN	
3.18	1.46	0.9185	-0.0185	0.4817375	NAN	
3.19	1.45	0.9135	-0.0245	0.4815225	NAN	
3.2	1.44	0.909	-0.017	0.481315	NAN	
3.21	1.435	0.904	-0.0255	0.4811025	NAN	
3.22	1.425	0.8995	-0.0255	0.4808475	NAN	
3.23	1.42	0.8945	-0.0285	0.4805775	NAN	
3.24	1.41	0.8895	-0.0255	0.4803075	NAN	
3.25	1.4	0.885	-0.0275	0.4800425	NAN	
3.26	1.395	0.88	-0.021	0.4798	NAN	
3.27	1.385	0.8755	-0.027	0.47956	NAN	
3.28	1.38	0.871	-0.021	0.47932	NAN	
3.29	1.37	0.8655	-0.0245	0.4790925	NAN	
3.3	1.36	0.8615	-0.02	0.47887	NAN	
3.31	1.355	0.8565	-0.0295	0.4786225	NAN	
3.32	1.345	0.8515	-0.0265	0.4783425	NAN	
3.33	1.34	0.8465	-0.03	0.47806	NAN	
3.34	1.33	0.842	-0.028	0.47777	NAN	
3.35	1.32	0.8375	-0.028	0.47749	NAN	
3.36	1.315	0.8325	-0.0245	0.4772275	NAN	
3.37	1.305	0.8275	-0.0315	0.4769475	NAN	
3.38	1.3	0.823	-0.021	0.476685	NAN	
3.39	1.29	0.8185	-0.0285	0.4764375	NAN	
3.4	1.28	0.8135	-0.024	0.476175	NAN	
3.41	1.275	0.8085	-0.0285	0.4759125	NAN	
3.42	1.265	0.804	-0.028	0.47563	NAN	
3.43	1.26	0.7995	-0.032	0.47533	NAN	
3.44	1.25	0.7945	-0.0295	0.4750225	NAN	
3.45	1.24	0.79	-0.031	0.47472	NAN	
3.46	1.235	0.7855	-0.027	0.47443	NAN	
3.47	1.225	0.781	-0.0315	0.4741375	NAN	
3.48	1.22	0.7765	-0.0235	0.4738625	NAN	
3.49	1.21	0.7715	-0.031	0.47359	NAN	
3.5	1.2	0.767	-0.026	0.473305	NAN	
3.51	1.195	0.762	-0.032	0.473015	NAN	
3.52	1.185	0.7575	-0.031	0.4727	NAN	
3.53	1.18	0.753	-0.036	0.472365	NAN	
3.54	1.17	0.748	-0.0315	0.4720275	NAN	
3.55	1.16	0.7435	-0.0345	0.4716975	NAN	
3.56	1.155	0.739	-0.031	0.47137	NAN	
3.57	1.145	0.734	-0.035	0.47104	NAN	
3.58	1.14	0.7295	-0.027	0.47073	NAN	
3.59	1.13	0.725	-0.0345	0.4704225	NAN	
3.6	1.12	0.7205	-0.027	0.470115	NAN	
3.61	1.115	0.7155	-0.036	0.4698	NAN	
3.62	1.105	0.7115	-0.035	0.469445	NAN	
3.63	1.1	0.7065	-0.038	0.46908	NAN	
3.64	1.09	0.702	-0.035	0.468715	NAN	
3.65	1.08	0.697	-0.038	0.46835	NAN	
3.66	1.075	0.693	-0.0315	0.4680025	NAN	
3.67	1.065	0.688	-0.038	0.467655	NAN	
3.68	1.06	0.6835	-0.0305	0.4673125	NAN	
3.69	1.05	0.6785	-0.0365	0.4669775	NAN	
3.7	1.04	0.674	-0.029	0.46665	NAN	
3.71	1.035	0.6695	-0.04	0.466305	NAN	
3.72	1.025	0.665	-0.037	0.46592	NAN	
3.73	1.02	0.66	-0.041	0.46553	NAN	
3.74	1.01	0.6555	-0.0395	0.4651275	NAN	
3.75	1	0.651	-0.044	0.46471	NAN	
3.76	0.995	0.6465	-0.0365	0.4643075	NAN	
3.77	0.985	0.6415	-0.044	0.463905	NAN	
3.78	0.98	0.637	-0.035	0.46351	NAN	
3.79	0.97	0.632	-0.04	0.463135	NAN	
3.8	0.96	0.6275	-0.0355	0.4627575	NAN	
3.81	0.955	0.623	-0.043	0.462365	NAN	
3.82	0.945	0.619	-0.04	0.46195	NAN	
3.83	0.94	0.614	-0.043	0.461535	NAN	
3.84	0.93	0.6095	-0.0435	0.4611025	NAN	
3.85	0.92	0.6045	-0.0465	0.4606525	NAN	
3.86	0.915	0.6005	-0.0415	0.4602125	NAN	
3.87	0.905	0.5955	-0.05	0.459755	NAN	
3.88	0.9	0.5905	-0.041	0.4593	NAN	
3.89	0.89	0.586	-0.046	0.458865	NAN	
3.9	0.88	0.5815	-0.0385	0.4584425	NAN	
3.91	0.875	0.5765	-0.0505	0.4579975	NAN	
3.92	0.865	0.5725	-0.044	0.457525	NAN	
3.93	0.86	0.5675	-0.0505	0.4570525	NAN	
3.94	0.85	0.563	-0.0495	0.4565525	NAN	
3.95	0.84	0.5585	-0.051	0.45605	NAN	
3.96	0.835	0.554	-0.05	0.455545	NAN	
3.97	0.825	0.549	-0.057	0.45501	NAN	
3.98	0.82	0.544	-0.0455	0.4544975	NAN	
3.99	0.81	0.5395	-0.0545	0.4539975	NAN	
4	0.8	0.535	-0.0465	0.4534925	NAN	
4.01	0.795	0.5305	-0.053	0.452995	NAN	
4.02	0.785	0.5255	-0.05	0.45248	NAN	
4.03	0.78	0.521	-0.056	0.45195	NAN	
4.04	0.77	0.5165	-0.0535	0.4514025	NAN	
4.05	0.76	0.5115	-0.0555	0.4508575	NAN	
4.06	0.755	0.5075	-0.0545	0.4503075	NAN	
4.07	0.745	0.5025	-0.076	0.449655	NAN	
4.08	0.74	0.498	-0.056	0.448995	NAN	
4.09	0.73	0.4935	-0.0625	0.4484025	NAN	
4.1	0.72	0.489	-0.054	0.44782	NAN	
4.11	0.715	0.484	-0.061	0.447245	NAN	
4.12	0.705	0.4795	-0.0595	0.4466425	NAN	
4.13	0.7	0.475	-0.06	0.446045	NAN	
4.14	0.69	0.4705	-0.0585	0.4454525	NAN	
4.15	0.68	0.466	-0.0645	0.4448375	NAN	
4.16	0.675	0.4615	-0.0605	0.4442125	NAN	
4.17	0.665	0.457	-0.0705	0.4435575	NAN	
4.18	0.66	0.4525	-0.065	0.44288	NAN	
4.19	0.65	0.4475	-0.0725	0.4421925	NAN	
4.2	0.64	0.443	-0.0645	0.4415075	NAN	
4.21	0.635	0.439	-0.0695	0.4408375	NAN	
4.22	0.625	0.4345	-0.064	0.44017	NAN	
4.23	0.62	0.43	-0.0665	0.4395175	NAN	
4.24	0.61	0.4255	-0.0665	0.4388525	NAN	
4.25	0.6	0.421	-0.0685	0.4381775	NAN	
4.26	0.595	0.4165	-0.0685	0.4374925	NAN	
4.27	0.585	0.4125	-0.078	0.43676	NAN	
4.28	0.58	0.408	-0.072	0.43601	NAN	
4.29	0.57	0.4035	-0.079	0.435255	NAN	
4.3	0.56	0.3995	-0.073	0.434495	NAN	
4.31	0.555	0.395	-0.077	0.433745	NAN	
4.32	0.545	0.391	-0.0755	0.4329825	NAN	
4.33	0.54	0.3865	-0.078	0.432215	NAN	
4.34	0.53	0.382	-0.0755	0.4314475	NAN	
4.35	0.52	0.3775	-0.076	0.43069	NAN	
4.36	0.515	0.3735	-0.0785	0.4299175	NAN	
4.37	0.505	0.369	-0.0845	0.4291025	NAN	
4.38	0.5	0.365	-0.081	0.428275	NAN	
4.39	0.49	0.3605	-0.089	0.427425	NAN	
4.4	0.48	0.3565	-0.085	0.426555	NAN	
4.41	0.475	0.352	-0.0895	0.4256825	NAN	
4.42	0.465	0.3475	-0.09	0.424785	NAN	
4.43	0.46	0.3435	-0.09	0.423885	NAN	
4.44	0.45	0.3395	-0.0875	0.4229975	NAN	
4.45	0.44	0.3355	-0.0875	0.4221225	NAN	
4.46	0.435	0.331	-0.0885	0.4212425	NAN	
4.47	0.425	0.327	-0.093	0.420335	NAN	
4.48	0.42	0.3225	-0.092	0.41941	NAN	
4.49	0.41	0.3185	-0.0985	0.4184575	NAN	
4.5	0.4	0.3145	-0.096	0.417485	NAN	
4.51	0.395	0.3105	-0.101	0.4165	NAN	
4.52	0.385	0.306	-0.1055	0.4154675	NAN	
4.53	0.38	0.302	-0.1015	0.4144325	NAN	
4.54	0.37	0.298	-0.103	0.41341	NAN	
4.55	0.36	0.2935	-0.102	0.412385	NAN	
4.56	0.355	0.2895	-0.104	0.411355	NAN	
4.57	0.345	0.2855	-0.1055	0.4103075	NAN	
4.58	0.34	0.2815	-0.1065	0.4092475	NAN	
4.59	0.33	0.2775	-0.1095	0.4081675	NAN	
4.6	0.32	0.273	-0.1085	0.4070775	NAN	
4.61	0.315	0.269	-0.1115	0.4059775	NAN	
4.62	0.305	0.265	-0.119	0.404825	NAN	
4.63	0.3	0.2615	-0.115	0.403655	NAN	
4.64	0.29	0.2575	-0.122	0.40247	NAN	
4.65	0.28	0.2535	-0.117	0.401275	NAN	
4.66	0.275	0.249	-0.121	0.400085	NAN	
4.67	0.265	0.245	-0.1215	0.3988725	NAN	
4.68	0.26	0.241	-0.1245	0.3976425	NAN	
4.69	0.25	0.2375	-0.122	0.39641	NAN	
4.7	0.24	0.2335	-0.1245	0.3951775	NAN	
4.71	0.235	0.229	-0.1255	0.3939275	NAN	
4.72	0.225	0.2255	-0.1345	0.3926275	NAN	
4.73	0.22	0.221	-0.1295	0.3913075	NAN	
4.74	0.21	0.2175	-0.1405	0.3899575	NAN	
4.75	0.2	0.2135	-0.1335	0.3885875	NAN	
4.76	0.195	0.2095	-0.1425	0.3872075	NAN	
4.77	0.185	0.2055	-0.1395	0.3857975	NAN	
4.78	0.18	0.2015	-0.142	0.38439	NAN	
4.79	0.17	0.1975	-0.138	0.38299	NAN	
4.8	0.16	0.1935	-0.144	0.38158	NAN	
4.81	0.155	0.19	-0.1425	0.3801475	NAN	
4.82	0.145	0.186	-0.1525	0.3786725	NAN	
4.83	0.14	0.182	-0.147	0.377175	NAN	
4.84	0.13	0.178	-0.16	0.37564	NAN	
4.85	0.12	0.1745	-0.15	0.37409	NAN	
4.86	0.115	0.1705	-0.1585	0.3725475	NAN	
4.87	0.105	0.1665	-0.1585	0.3709625	NAN	
4.88	0.1	0.1625	-0.162	0.36936	NAN	
4.89	0.09	0.159	-0.158	0.36776	NAN	
4.9	0.08	0.155	-0.163	0.366155	NAN	
4.91	0.075	0.1515	-0.159	0.364545	NAN	
4.92	0.065	0.1475	-0.17	0.3629	NAN	
4.93	0.06	0.1435	-0.163	0.361235	NAN	
4.94	0.05	0.14	-0.174	0.35955	NAN	
4.95	0.04	0.136	-0.1685	0.3578375	NAN	
4.96	0.035	0.1325	-0.1795	0.3560975	NAN	
4.97	0.025	0.1285	-0.1755	0.3543225	NAN	
4.98	0.02	0.1245	-0.18	0.352545	NAN	
4.99	0.01	0.121	-0.1805	0.3507425	NAN	
5	0	0.117	-0.188	0.3489	NAN	
5.01	-0.005	0.1135	-0.1805	0.3470575	NAN	
5.02	-0.015	0.11	-0.1905	0.3452025	NAN	
5.03	-0.02	0.106	-0.18	0.34335	NAN	
5.04	-0.03	0.1025	-0.192	0.34149	NAN	
5.05	-0.04	0.0985	-0.1875	0.3395925	NAN	
5.06	-0.045	0.095	-0.198	0.337665	NAN	
5.07	-0.055	0.0915	-0.198	0.335685	NAN	
5.08	-0.06	0.0875	-0.205	0.33367	NAN	
5.09	-0.07	0.084	-0.202	0.331635	NAN	
5.1	-0.08	0.0805	-0.2065	0.3295925	NAN	
5.11	-0.085	0.077	-0.202	0.32755	NAN	
5.12	-0.095	0.0735	-0.216	0.32546	NAN	
5.13	-0.1	0.0695	-0.204	0.32336	NAN	
5.14	-0.11	0.066	-0.216	0.32126	NAN	
5.15	-0.12	0.0625	-0.211	0.319125	NAN	
5.16	-0.125	0.0585	-0.2235	0.3169525	NAN	
5.17	-0.135	0.055	-0.221	0.31473	NAN	
5.18	-0.14	0.052	-0.2275	0.3124875	NAN	
5.19	-0.15	0.048	-0.224	0.31023	NAN	
5.2	-0.16	0.0445	-0.2315	0.3079525	NAN	
5.21	-0.165	0.041	-0.228	0.305655	NAN	
5.22	-0.175	0.0375	-0.237	0.30333	NAN	
5.23	-0.18	0.034	-0.2285	0.3010025	NAN	
5.24	-0.19	0.0305	-0.2415	0.2986525	NAN	
5.25	-0.2	0.027	-0.232	0.296285	NAN	
5.26	-0.205	0.0235	-0.2455	0.2938975	NAN	
5.27	-0.215	0.02	-0.245	0.291445	NAN	
5.28	-0.22	0.0165	-0.2505	0.2889675	NAN	
5.29	-0.23	0.0135	-0.249	0.28647	NAN	
5.3	-0.24	0.01	-0.259	0.28393	NAN	
5.31	-0.245	0.0085	-0.253	0.28137	NAN	
5.32	-0.255	0.003	-0.2655	0.2787775	NAN	
5.33	-0.26	-0.0005	-0.256	0.27617	NAN	
5.34	-0.27	-0.0035	-0.266	0.27356	NAN	
5.35	-0.28	-0.008	-0.258	0.27094	NAN	
5.36	-0.285	-0.0105	-0.2725	0.2682875	NAN	
5.37	-0.295	-0.014	-0.2705	0.2655725	NAN	
5.38	-0.3	-0.017	-0.2795	0.2628225	NAN	
5.39	-0.31	-0.02	-0.2795	0.2600275	NAN	
5.4	-0.32	-0.0235	-0.2835	0.2572125	NAN	
5.41	-0.325	-0.0265	-0.278	0.254405	NAN	
5.42	-0.335	-0.03	-0.2915	0.2515575	NAN	
5.43	-0.34	-0.033	-0.2805	0.2486975	NAN	
5.44	-0.35	-0.036	-0.2925	0.2458325	NAN	
5.45	-0.36	-0.039	-0.289	0.242925	NAN	
5.46	-0.365	-0.0425	-0.301	0.239975	NAN	
5.47	-0.375	-0.045	-0.3	0.23697	NAN	
5.48	-0.38	-0.0485	-0.3105	0.2339175	NAN	
5.49	-0.39	-0.051	-0.3075	0.2308275	NAN	
5.5	-0.4	-0.054	-0.312	0.22773	NAN	
5.51	-0.405	-0.056	-0.3125	0.2246075	NAN	
5.52	-0.415	-0.0595	-0.3225	0.2214325	NAN	
5.53	-0.42	-0.062	-0.3155	0.2182425	NAN	
5.54	-0.43	-0.0645	-0.3305	0.2150125	NAN	
5.55	-0.44	-0.0665	-0.324	0.21174	NAN	
5.56	-0.445	-0.069	-0.3385	0.2084275	NAN	
5.57	-0.455	-0.0715	-0.3395	0.2050375	NAN	
5.58	-0.46	-0.074	-0.349	0.201595	NAN	
5.59	-0.47	-0.0765	-0.346	0.19812	NAN	
5.6	-0.48	-0.079	-0.354	0.19462	NAN	
5.61	-0.485	-0.081	-0.3525	0.1910875	NAN	
5.62	-0.495	-0.0835	-0.3645	0.1875025	NAN	
5.63	-0.5	-0.085	-0.359	0.183885	NAN	
5.64	-0.51	-0.0875	-0.3745	0.1802175	NAN	
5.65	-0.52	-0.089	-0.369	0.1765	NAN	
5.66	-0.525	-0.091	-0.385	0.17273	NAN	
5.67	-0.535	-0.093	-0.386	0.168875	NAN	
5.68	-0.54	-0.095	-0.394	0.164975	NAN	
5.69	-0.55	-0.0965	-0.3945	0.1610325	NAN	
5.7	-0.56	-0.0985	-0.4035	0.1570425	NAN	
5.71	-0.565	-0.1005	-0.3995	0.1530275	NAN	
5.72	-0.575	-0.102	-0.413	0.148965	NAN	
5.73	-0.58	-0.104	-0.4125	0.1448375	NAN	
5.74	-0.59	-0.1065	-0.425	0.14065	NAN	
5.75	-0.6	-0.1075	-0.414	0.136455	NAN	
5.76	-0.605	-0.1085	-0.4385	0.1321925	NAN	
5.77	-0.615	-0.111	-0.437	0.127815	NAN	
5.78	-0.62	-0.1125	-0.4455	0.1234025	NAN	
5.79	-0.63	-0.114	-0.446	0.118945	NAN	
5.8	-0.64	-0.117	-0.45	0.114465	NAN	
5.81	-0.645	-0.1175	-0.451	0.10996	NAN	
5.82	-0.655	-0.1195	-0.462	0.105395	NAN	
5.83	-0.66	-0.1215	-0.4625	0.1007725	NAN	
5.84	-0.67	-0.1235	-0.477	0.096075	NAN	
5.85	-0.68	-0.125	-0.475	0.091315	NAN	
5.86	-0.685	-0.127	-0.486	0.08651	NAN	
5.87	-0.695	-0.1285	-0.4825	0.0816675	NAN	
5.88	-0.7	-0.13	-0.496	0.076775	NAN	
5.89	-0.71	-0.132	-0.497	0.07181	NAN	
5.9	-0.72	-0.1335	-0.503	0.06681	NAN	
5.91	-0.725	-0.136	-0.5035	0.0617775	NAN	
5.92	-0.735	-0.1395	-0.5165	0.0566775	NAN	
5.93	-0.74	-0.1395	-0.5135	0.0515275	NAN	
5.94	-0.75	-0.1415	-0.531	0.046305	NAN	
5.95	-0.76	-0.1435	-0.522	0.04104	NAN	
5.96	-0.765	-0.1455	-0.5315	0.0357725	NAN	
5.97	-0.775	-0.1475	-0.532	0.030455	NAN	
5.98	-0.78	-0.1495	-0.5415	0.0250875	NAN	
5.99	-0.79	-0.1515	-0.542	0.01967	NAN	
6	-0.8	-0.1535	-0.5515	0.0142025	NAN	
6.01	-0.805	-0.1565	-0.553	0.00868	NAN	
6.02	-0.815	-0.1585	-0.5615	0.0031075	NAN	
6.03	-0.82	-0.1605	-0.5565	-0.0024825	NAN	
6.04	-0.83	-0.163	-0.5675	-0.0081025	NAN	
6.05	-0.84	-0.1645	-0.563	-0.013755	NAN	
6.06	-0.845	-0.1675	-0.5785	-0.0194625	NAN	
6.07	-0.855	-0.17	-0.5785	-0.0252475	NAN	
6.08	-0.86	-0.1725	-0.582	-0.03105	NAN	
6.09	-0.87	-0.1745	-0.5845	-0.0368825	NAN	
6.1	-0.88	-0.1775	-0.587	-0.04274	NAN	
6.11	-0.885	-0.1805	-0.587	-0.04861	NAN	
6.12	-0.895	-0.183	-0.6005	-0.0545475	NAN	
6.13	-0.9	-0.186	-0.599	-0.060545	NAN	
6.14	-0.91	-0.189	-0.609	-0.066585	NAN	
6.15	-0.92	-0.192	-0.6025	-0.0726425	NAN	
6.16	-0.925	-0.195	-0.611	-0.07871	NAN	
6.17	-0.935	-0.1985	-0.608	-0.084805	NAN	
6.18	-0.94	-0.2015	-0.6135	-0.0909125	NAN	
6.19	-0.95	-0.2045	-0.616	-0.09706	NAN	
6.2	-0.96	-0.2085	-0.621	-0.103245	NAN	
6.21	-0.965	-0.212	-0.6195	-0.1094475	NAN	
6.22	-0.975	-0.2155	-0.6265	-0.1156775	NAN	
6.23	-0.98	-0.219	-0.6175	-0.1218975	NAN	
6.24	-0.99	-0.2235	-0.625	-0.12811	NAN	
6.25	-1	-0.2275	-0.6205	-0.1343375	NAN	
6.26	-1.005	-0.2315	-0.6275	-0.1405775	NAN	
6.27	-1.015	-0.236	-0.6285	-0.1468575	NAN	
6.28	-1.02	-0.2405	-0.633	-0.153165	NAN	
6.29	-1.03	-0.245	-0.6275	-0.1594675	NAN	
6.3	-1.04	-0.2495	-0.627	-0.16574	NAN	
6.31	-1.045	-0.2545	-0.624	-0.171995	NAN	
6.32	-1.055	-0.26	-0.6275	-0.1782525	NAN	
6.33	-1.06	-0.2655	-0.622	-0.1845	NAN	
6.34	-1.07	-0.2715	-0.6275	-0.1907475	NAN	
6.35	-1.08	-0.277	-0.619	-0.19698	NAN	
6.36	-1.085	-0.283	-0.623	-0.20319	NAN	
6.37	-1.095	-0.2895	-0.6155	-0.2093825	NAN	
6.38	-1.1	-0.2965	-0.609	-0.215505	NAN	
6.39	-1.11	-0.303	-0.606	-0.22158	NAN	
6.4	-1.12	-0.3105	-0.6055	-0.2276375	NAN	
6.41	-1.125	-0.3185	-0.598	-0.233655	NAN	
6.42	-1.135	-0.3255	-0.599	-0.23964	NAN	
6.43	-1.14	-0.334	-0.5885	-0.2455775	NAN	
6.44	-1.15	-0.3415	-0.5865	-0.2514525	NAN	
6.45	-1.16	-0.35	-0.5695	-0.2572325	NAN	
6.46	-1.165	-0.3585	-0.5725	-0.2629425	NAN	
6.47	-1.175	-0.3675	-0.564	-0.268625	NAN	
6.48	-1.18	-0.376	-0.56	-0.274245	NAN	
6.49	-1.19	-0.385	-0.5545	-0.2798175	NAN	
6.5	-1.2	-0.394	-0.5465	-0.2853225	NAN	
6.51	-1.205	-0.403	-0.5355	-0.2907325	NAN	
6.52	-1.215	-0.4125	-0.532	-0.29607	NAN	
6.53	-1.22	-0.422	-0.519	-0.301325	NAN	
6.54	-1.23	-0.4315	-0.5165	-0.3065025	NAN	
6.55	-1.24	-0.441	-0.507	-0.31162	NAN	
6.56	-1.245	-0.4505	-0.5035	-0.3166725	NAN	
6.57	-1.255	-0.4605	-0.493	-0.321655	NAN	
6.58	-1.26	-0.4705	-0.4855	-0.3265475	NAN	
6.59	-1.27	-0.4805	-0.4735	-0.3313425	NAN	
6.6	-1.28	-0.4905	-0.462	-0.33602	NAN	
6.61	-1.285	-0.501	-0.45	-0.34058	NAN	
6.62	-1.295	-0.5115	-0.4495	-0.3450775	NAN	
6.63	-1.3	-0.522	-0.433	-0.34949	NAN	
6.64	-1.31	-0.5325	-0.432	-0.353815	NAN	
6.65	-1.32	-0.543	-0.418	-0.358065	NAN	
6.66	-1.325	-0.5535	-0.413	-0.36222	NAN	
6.67	-1.335	-0.5645	-0.4005	-0.3662875	NAN	
6.68	-1.34	-0.575	-0.392	-0.37025	NAN	
6.69	-1.35	-0.586	-0.378	-0.3741	NAN	
6.7	-1.36	-0.5965	-0.368	-0.37783	NAN	
6.71	-1.365	-0.6075	-0.3585	-0.3814625	NAN	
6.72	-1.375	-0.6185	-0.3545	-0.3850275	NAN	
6.73	-1.38	-0.629	-0.341	-0.388505	NAN	
6.74	-1.39	-0.64	-0.3385	-0.3919025	NAN	
6.75	-1.4	-0.651	-0.323	-0.39521	NAN	
6.76	-1.405	-0.6615	-0.3195	-0.3984225	NAN	
6.77	-1.415	-0.672	-0.307	-0.401555	NAN	
6.78	-1.42	-0.6825	-0.2965	-0.4045725	NAN	
6.79	-1.43	-0.693	-0.2845	-0.4074775	NAN	
6.8	-1.44	-0.7035	-0.2765	-0.4102825	NAN	
6.81	-1.445	-0.7145	-0.264	-0.412985	NAN	
6.82	-1.455	-0.725	-0.262	-0.415615	NAN	
6.83	-1.46	-0.7355	-0.2495	-0.4181725	NAN	
6.84	-1.47	-0.7455	-0.2475	-0.4206575	NAN	
6.85	-1.48	-0.7555	-0.232	-0.423055	NAN	
6.86	-1.485	-0.766	-0.2305	-0.4253675	NAN	
6.87	-1.495	-0.776	-0.22	-0.42762	NAN	
6.88	-1.5	-0.7865	-0.212	-0.42978	NAN	
6.89	-1.51	-0.796	-0.202	-0.43185	NAN	
6.9	-1.52	-0.8055	-0.193	-0.433825	NAN	
6.91	-1.525	-0.8155	-0.1825	-0.4357025	NAN	
6.92	-1.535	-0.825	-0.182	-0.437525	NAN	
6.93	-1.54	-0.8345	-0.1685	-0.4392775	NAN	
6.94	-1.55	-0.8435	-0.166	-0.44095	NAN	
6.95	-1.56	-0.8525	-0.155	-0.442555	NAN	
6.96	-1.565	-0.8615	-0.158	-0.44412	NAN	
6.97	-1.575	-0.87	-0.149	-0.445655	NAN	
6.98	-1.58	-0.8785	-0.146	-0.44713	NAN	
6.99	-1.59	-0.887	-0.1395	-0.4485575	NAN	
7	-1.6	-0.8955	-0.1345	-0.4499275	NAN	
7.01	-1.605	-0.904	-0.125	-0.451225	NAN	
7.02	-1.615	-0.912	-0.1265	-0.4524825	NAN	
7.03	-1.62	-0.9195	-0.112	-0.453675	NAN	
7.04	-1.63	-0.927	-0.114	-0.454805	NAN	
7.05	-1.64	-0.9345	-0.1045	-0.4558975	NAN	
7.06	-1.645	-0.942	-0.1045	-0.4569425	NAN	
7.07	-1.655	-0.949	-0.0985	-0.4579575	NAN	
7.08	-1.66	-0.9565	-0.0995	-0.4589475	NAN	
7.09	-1.67	-0.9635	-0.0935	-0.4599125	NAN	
7.1	-1.68	-0.9705	-0.0935	-0.4608475	NAN	
7.11	-1.685	-0.9765	-0.0915	-0.4617725	NAN	
7.12	-1.695	-0.984	-0.0915	-0.4626875	NAN	
7.13	-1.7	-0.9915	-0.0845	-0.4635675	NAN	
7.14	-1.71	-0.997	-0.089	-0.464435	NAN	
7.15	-1.72	-1.003	-0.078	-0.46527	NAN	
7.16	-1.725	-1.0095	-0.081	-0.466065	NAN	
7.17	-1.735	-1.0165	-0.077	-0.466855	NAN	
7.18	-1.74	-1.022	-0.0735	-0.4676075	NAN	
7.19	-1.75	-1.0275	-0.0695	-0.4683225	NAN	
7.2	-1.76	-1.0275	-0.07	-0.46902	NAN	
7.21	-1.765	-1.0275	-0.0655	-0.4696975	NAN	
7.22	-1.775	-1.0275	-0.071	-0.47038	NAN	
7.23	-1.78	-1.0275	-0.067	-0.47107	NAN	
7.24	-1.79	-1.0275	-0.07	-0.471755	NAN	
7.25	-1.8	-1.0275	-0.063	-0.47242	NAN	
7.26	-1.805	-1.0275	-0.069	-0.47308	NAN	
7.27	-1.815	-1.0275	-0.0655	-0.4737525	NAN	
7.28	-1.82	-1.0275	-0.0645	-0.4744025	NAN	
7.29	-1.83	-1.0275	-0.0615	-0.4750325	NAN	
7.3	-1.84	-1.0275	-0.06	-0.47564	NAN	
7.31	-1.845	-1.0275	-0.0555	-0.4762175	NAN	
7.32	-1.855	-1.0275	-0.059	-0.47679	NAN	
7.33	-1.86	-1.0275	-0.0515	-0.4773425	NAN	
7.34	-1.87	-1.0275	-0.008	-0.47764	NAN	
7.35	-1.88	-1.0275	-0.01	-0.47773	NAN	
7.36	-1.885	-1.0275	-0.0065	-0.4778125	NAN	
7.37	-1.895	-1.0275	-0.006	-0.477875	NAN	
7.38	-1.9	-1.0275	0.0045	-0.4778825	NAN	
7.39	-1.91	-1.0275	-0.008	-0.4779	NAN	
7.4	-1.92	-1.0275	0.003	-0.477925	NAN	
7.41	-1.925	-1.0275	-0.009	-0.477955	NAN	
7.42	-1.935	-1.0275	-0.0205	-0.4781025	NAN	
7.43	-1.94	-1.0275	-0.0155	-0.4782825	NAN	
7.44	-1.95	-1.0275	-0.006	-0.47839	NAN	
7.45	-1.96	-1.0275	-0.017	-0.478505	NAN	
7.46	-1.965	-1.0275	-0.0135	-0.4786575	NAN	
7.47	-1.975	-1.0275	0.0035	-0.4787075	NAN	
7.48	-1.98	-1.0275	0	-0.47869	NAN	
7.49	-1.99	-1.0275	-0.004	-0.47871	NAN	
7.5	-2	-1.0275	0.016	-0.47865	NAN	
7.51	-1.995	-1.0275	-0.0135	-0.4786375	NAN	
7.52	-1.985	-1.0275	0.013	-0.47864	NAN	
7.53	-1.98	-1.0275	0.0175	-0.4784875	NAN	
7.54	-1.97	-1.0275	-0.005	-0.478425	NAN	
7.55	-1.96	-1.0275	-0.009	-0.478495	NAN	
7.56	-1.955	-1.0275	0.0205	-0.4784375	NAN	
7.57	-1.945	-1.0275	-0.0045	-0.4783575	NAN	
7.58	-1.94	-1.0275	0.0025	-0.4783675	NAN	
7.59	-1.93	-1.0275	0.006	-0.478325	NAN	
7.6	-1.92	-1.0275	0.0005	-0.4782925	NAN	
7.61	-1.915	-1.0275	-0.0025	-0.4783025	NAN	
7.62	-1.905	-1.0275	-0.0075	-0.4783525	NAN	
7.63	-1.9	-1.0275	-0.002	-0.4784	NAN	
7.64	-1.89	-1.0275	-0.0025	-0.4784225	NAN	
7.65	-1.88	-1.0275	0.0065	-0.4784025	NAN	
7.66	-1.875	-1.0275	-0.0045	-0.4783925	NAN	
7.67	-1.865	-1.0275	0.005	-0.47839	NAN	
7.68	-1.86	-1.0275	0.004	-0.478345	NAN	
7.69	-1.85	-1.0275	0.007	-0.47829	NAN	
7.7	-1.84	-1.0275	-0.0005	-0.4782575	NAN	
7.71	-1.835	-1.0275	0.004	-0.47824	NAN	
7.72	-1.825	-1.0275	0.002	-0.47821	NAN	
7.73	-1.82	-1.0275	-0.0045	-0.4782225	NAN	
7.74	-1.81	-1.0275	-0.003	-0.47826	NAN	
7.75	-1.8	-1.0275	0.0025	-0.4782625	NAN	
7.76	-1.795	-1.0275	0.0045	-0.4782275	NAN	
7.77	-1.785	-1.0275	0.0105	-0.4781525	NAN	
7.78	-1.78	-1.0275	0.0075	-0.4780625	NAN	
7.79	-1.77	-1.0275	0.0135	-0.4779575	NAN	
7.8	-1.76	-1.0275	0.007	-0.477855	NAN	
7.81	-1.755	-1.0275	0.015	-0.477745	NAN	
7.82	-1.745	-1.0275	0.012	-0.47761	NAN	
7.83	-1.74	-1.0275	0.013	-0.477485	NAN	
7.84	-1.73	-1.0275	0.012	-0.47736	NAN	
7.85	-1.72	-1.0275	0.015	-0.477225	NAN	
7.86	-1.715	-1.0275	0.011	-0.477095	NAN	
7.87	-1.705	-1.0275	0.0195	-0.4769425	NAN	
7.88	-1.7	-1.0275	0.011	-0.47679	NAN	
7.89	-1.69	-1.0275	0.017	-0.47665	NAN	
7.9	-1.68	-1.0275	0.012	-0.476505	NAN	
7.91	-1.675	-1.0275	0.0175	-0.4763575	NAN	
7.92	-1.665	-1.0275	0.0135	-0.4762025	NAN	
7.93	-1.66	-1.0275	0.018	-0.476045	NAN	
7.94	-1.65	-1.0275	0.0165	-0.4758725	NAN	
7.95	-1.64	-1.0275	0.0175	-0.4757025	NAN	
7.96	-1.635	-1.0245	0.0155	-0.4755375	NAN	
7.97	-1.625	-1.021	0.022	-0.47535	NAN	
7.98	-1.62	-1.015	0.014	-0.47517	NAN	
7.99	-1.61	-1.0105	0.0225	-0.4749875	NAN	
8	-1.6	-1.0055	0.0155	-0.4747975	NAN	
8.01	-1.595	-1.001	0.0205	-0.4746175	NAN	
8.02	-1.585	-0.9965	0.019	-0.47442	NAN	
8.03	-1.58	-0.9915	0.0245	-0.4742025	NAN	
8.04	-1.57	-0.987	0.0185	-0.4739875	NAN	
8.05	-1.56	-0.982	0.024	-0.473775	NAN	
8.06	-1.555	-0.977	0.02	-0.473555	NAN	
8.07	-1.545	-0.9725	0.026	-0.473325	NAN	
8.08	-1.54	-0.9675	0.023	-0.47308	NAN	
8.09	-1.53	-0.9625	0.028	-0.472825	NAN	
8.1	-1.52	-0.9575	0.0195	-0.4725875	NAN	
8.11	-1.515	-0.9525	0.027	-0.472355	NAN	
8.12	-1.505	-0.9475	0.0245	-0.4720975	NAN	
8.13	-1.5	-0.943	0.027	-0.47184	NAN	
8.14	-1.49	-0.9385	0.0245	-0.4715825	NAN	
8.15	-1.48	-0.933	0.027	-0.471325	NAN	
8.16	-1.475	-0.9285	0.0235	-0.4710725	NAN	
8.17	-1.465	-0.9235	0.0305	-0.4708025	NAN	
8.18	-1.46	-0.9185	0.024	-0.47053	NAN	
8.19	-1.45	-0.9135	0.0295	-0.4702625	NAN	
8.2	-1.44	-0.909	0.022	-0.470005	NAN	
8.21	-1.435	-0.904	0.0295	-0.4697475	NAN	
8.22	-1.425	-0.899	0.025	-0.469475	NAN	
8.23	-1.42	-0.894	0.028	-0.46921	NAN	
8.24	-1.41	-0.8895	0.0245	-0.4689475	NAN	
8.25	-1.4	-0.8845	0.0275	-0.4686875	NAN	
8.26	-1.395	-0.8795	0.0225	-0.4684375	NAN	
8.27	-1.385	-0.875	0.031	-0.46817	NAN	
8.28	-1.38	-0.87	0.0215	-0.4679075	NAN	
8.29	-1.37	-0.8645	0.0295	-0.4676525	NAN	
8.3	-1.36	-0.8605	0.0225	-0.4673925	NAN	
8.31	-1.355	-0.855	0.0285	-0.4671375	NAN	
8.32	-1.345	-0.851	0.025	-0.46687	NAN	
8.33	-1.34	-0.8435	0.0285	-0.4666025	NAN	
8.34	-1.33	-0.841	0.0245	-0.4663375	NAN	
8.35	-1.32	-0.8365	0.027	-0.46608	NAN	
8.36	-1.315	-0.8315	0.023	-0.46583	NAN	
8.37	-1.305	-0.826	0.03	-0.465565	NAN	
8.38	-1.3	-0.822	0.0215	-0.4653075	NAN	
8.39	-1.29	-0.8165	0.031	-0.465045	NAN	
8.4	-1.28	-0.8125	0.024	-0.46477	NAN	
8.41	-1.275	-0.807	0.028	-0.46451	NAN	
8.42	-1.265	-0.803	0.0245	-0.4642475	NAN	
8.43	-1.26	-0.7985	0.0275	-0.4639875	NAN	
8.44	-1.25	-0.7935	0.0235	-0.4637325	NAN	
8.45	-1.24	-0.7895	0.026	-0.463485	NAN	
8.46	-1.235	-0.7845	0.0255	-0.4632275	NAN	
8.47	-1.225	-0.7795	0.035	-0.462925	NAN	
8.48	-1.22	-0.775	0.024	-0.46263	NAN	
8.49	-1.21	-0.7705	0.0335	-0.4623425	NAN	
8.5	-1.2	-0.7655	0.0235	-0.4620575	NAN	
8.51	-1.195	-0.761	0.032	-0.46178	NAN	
8.52	-1.185	-0.7565	0.031	-0.461465	NAN	
8.53	-1.18	-0.7515	0.0335	-0.4611425	NAN	
8.54	-1.17	-0.7465	0.029	-0.46083	NAN	
8.55	-1.16	-0.742	0.034	-0.460515	NAN	
8.56	-1.155	-0.7375	0.0375	-0.4601575	NAN	
8.57	-1.145	-0.733	0.04	-0.45977	NAN	
8.58	-1.14	-0.7285	0.029	-0.459425	NAN	
8.59	-1.13	-0.7235	0.0395	-0.4590825	NAN	
8.6	-1.12	-0.719	0.031	-0.45873	NAN	
8.61	-1.115	-0.714	0.036	-0.458395	NAN	
8.62	-1.105	-0.7095	0.0425	-0.4580025	NAN	
8.63	-1.1	-0.705	0.038	-0.4576	NAN	
8.64	-1.09	-0.7005	0.035	-0.457235	NAN	
8.65	-1.08	-0.6955	0.0355	-0.4568825	NAN	
8.66	-1.075	-0.6915	0.033	-0.45654	NAN	
8.67	-1.065	-0.6865	0.0435	-0.4561575	NAN	
8.68	-1.06	-0.682	0.0345	-0.4557675	NAN	
8.69	-1.05	-0.6775	0.0405	-0.4553925	NAN	
8.7	-1.04	-0.673	0.0385	-0.4549975	NAN	
8.71	-1.035	-0.6685	0.042	-0.454595	NAN	
8.72	-1.025	-0.6635	0.041	-0.45418	NAN	
8.73	-1.02	-0.659	0.042	-0.453765	NAN	
8.74	-1.01	-0.654	0.039	-0.45336	NAN	
8.75	-1	-0.65	0.043	-0.45295	NAN	
8.76	-0.995	-0.645	0.039	-0.45254	NAN	
8.77	-0.985	-0.64	0.044	-0.452125	NAN	
8.78	-0.98	-0.6355	0.039	-0.45171	NAN	
8.79	-0.97	-0.6305	0.047	-0.45128	NAN	
8.8	-0.96	-0.6265	0.0415	-0.4508375	NAN	
8.81	-0.955	-0.6215	0.0435	-0.4504125	NAN	
8.82	-0.945	-0.617	0.0355	-0.4500175	NAN	
8.83	-0.94	-0.6125	0.04	-0.44964	NAN	
8.84	-0.93	-0.6085	0.0405	-0.4492375	NAN	
8.85	-0.92	-0.6045	0.051	-0.44878	NAN	
8.86	-0.915	-0.599	0.037	-0.44834	NAN	
8.87	-0.905	-0.594	0.045	-0.44793	NAN	
8.88	-0.9	-0.5895	0.04	-0.447505	NAN	
8.89	-0.89	-0.585	0.046	-0.447075	NAN	
8.9	-0.88	-0.5805	0.038	-0.446655	NAN	
8.91	-0.875	-0.576	0.0445	-0.4462425	NAN	
8.92	-0.865	-0.5715	0.0405	-0.4458175	NAN	
8.93	-0.86	-0.5665	0.048	-0.445375	NAN	
8.94	-0.85	-0.5625	0.0435	-0.4449175	NAN	
8.95	-0.84	-0.5575	0.0435	-0.4444825	NAN	
8.96	-0.835	-0.5525	0.052	-0.444005	NAN	
8.97	-0.825	-0.5485	0.049	-0.4435	NAN	
8.98	-0.82	-0.544	0.045	-0.44303	NAN	
8.99	-0.81	-0.539	0.0515	-0.4425475	NAN	
9	-0.8	-0.5345	0.0455	-0.4420625	NAN	
9.01	-0.795	-0.53	0.052	-0.441575	NAN	
9.02	-0.785	-0.5255	0.0535	-0.4410475	NAN	
9.03	-0.78	-0.521	0.055	-0.440505	NAN	
9.04	-0.77	-0.5165	0.052	-0.43997	NAN	
9.05	-0.76	-0.5115	0.057	-0.439425	NAN	
9.06	-0.755	-0.5075	0.054	-0.43887	NAN	
9.07	-0.745	-0.5025	0.0615	-0.4382925	NAN	
9.08	-0.74	-0.4985	0.054	-0.437715	NAN	
9.09	-0.73	-0.4935	0.066	-0.437115	NAN	
9.1	-0.72	-0.4895	0.057	-0.4365	NAN	
9.11	-0.715	-0.4845	0.066	-0.435885	NAN	
9.12	-0.705	-0.4805	0.0615	-0.4352475	NAN	
9.13	-0.7	-0.476	0.0635	-0.4346225	NAN	
9.14	-0.69	-0.4715	0.0625	-0.4339925	NAN	
9.15	-0.68	-0.4665	0.0635	-0.4333625	NAN	
9.16	-0.675	-0.4625	0.0615	-0.4327375	NAN	
9.17	-0.665	-0.4575	0.069	-0.432085	NAN	
9.18	-0.66	-0.4535	0.061	-0.431435	NAN	
9.19	-0.65	-0.449	0.068	-0.43079	NAN	
9.2	-0.64	-0.4445	0.063	-0.430135	NAN	
9.21	-0.635	-0.44	0.0655	-0.4294925	NAN	
9.22	-0.625	-0.436	0.064	-0.428845	NAN	
9.23	-0.62	-0.4315	0.0665	-0.4281925	NAN	
9.24	-0.61	-0.4275	0.0645	-0.4275375	NAN	
9.25	-0.6	-0.423	0.0695	-0.4268675	NAN	
9.26	-0.595	-0.4185	0.066	-0.42619	NAN	
9.27	-0.585	-0.414	0.0725	-0.4254975	NAN	
9.28	-0.58	-0.4095	0.067	-0.4248	NAN	
9.29	-0.57	-0.4055	0.0745	-0.4240925	NAN	
9.3	-0.56	-0.401	0.059	-0.423425	NAN	
9.31	-0.555	-0.3965	0.0765	-0.4227475	NAN	
9.32	-0.545	-0.3925	0.071	-0.42201	NAN	
9.33	-0.54	-0.388	0.0815	-0.4212475	NAN	
9.34	-0.53	-0.3835	0.0765	-0.4204575	NAN	
9.35	-0.52	-0.3795	0.0775	-0.4196875	NAN	
9.36	-0.515	-0.375	0.076	-0.41892	NAN	
9.37	-0.505	-0.371	0.0845	-0.4181175	NAN	
9.38	-0.5	-0.3665	0.0775	-0.4173075	NAN	
9.39	-0.49	-0.363	0.0865	-0.4164875	NAN	
9.4	-0.48	-0.358	0.0785	-0.4156625	NAN	
9.41	-0.475	-0.354	0.089	-0.414825	NAN	
9.42	-0.465	-0.3495	0.0845	-0.4139575	NAN	
9.43	-0.46	-0.345	0.0905	-0.4130825	NAN	
9.44	-0.45	-0.341	0.0875	-0.4121925	NAN	
9.45	-0.44	-0.3365	0.092	-0.411295	NAN	
9.46	-0.435	-0.3325	0.0905	-0.4103825	NAN	
9.47	-0.425	-0.329	0.1015	-0.4094225	NAN	
9.48	-0.42	-0.324	0.0915	-0.4084575	NAN	
9.49	-0.41	-0.3185	0.1025	-0.4074875	NAN	
9.5	-0.4	-0.316	0.0935	-0.4065075	NAN	
9.51	-0.395	-0.313	0.101	-0.405535	NAN	
9.52	-0.385	-0.3075	0.099	-0.404535	NAN	
9.53	-0.38	-0.3035	0.104	-0.40352	NAN	
9.54	-0.37	-0.2995	0.103	-0.402485	NAN	
9.55	-0.36	-0.295	0.1035	-0.4014525	NAN	
9.56	-0.355	-0.291	0.101	-0.40043	NAN	
9.57	-0.345	-0.287	0.109	-0.39938	NAN	
9.58	-0.34	-0.2825	0.099	-0.39834	NAN	
9.59	-0.33	-0.2785	0.112	-0.397285	NAN	
9.6	-0.32	-0.2745	0.103	-0.39621	NAN	
9.61	-0.315	-0.2705	0.111	-0.39514	NAN	
9.62	-0.305	-0.2665	0.109	-0.39404	NAN	
9.63	-0.3	-0.2625	0.11	-0.392945	NAN	
9.64	-0.29	-0.2585	0.111	-0.39184	NAN	
9.65	-0.28	-0.2545	0.115	-0.39071	NAN	
9.66	-0.275	-0.2505	0.114	-0.389565	NAN	
9.67	-0.265	-0.2465	0.124	-0.388375	NAN	
9.68	-0.26	-0.2425	0.1185	-0.3871625	NAN	
9.69	-0.25	-0.2385	0.1275	-0.3859325	NAN	
9.7	-0.24	-0.2345	0.122	-0.384685	NAN	
9.71	-0.235	-0.2305	0.132	-0.383415	NAN	
9.72	-0.225	-0.2265	0.129	-0.38211	NAN	
9.73	-0.22	-0.2225	0.135	-0.38079	NAN	
9.74	-0.21	-0.219	0.133	-0.37945	NAN	
9.75	-0.2	-0.2145	0.136	-0.378105	NAN	
9.76	-0.195	-0.211	0.1355	-0.3767475	NAN	
9.77	-0.185	-0.207	0.1435	-0.3753525	NAN	
9.78	-0.18	-0.203	0.1355	-0.3739575	NAN	
9.79	-0.17	-0.199	0.146	-0.37255	NAN	
9.8	-0.16	-0.1955	0.1395	-0.3711225	NAN	
9.81	-0.155	-0.1915	0.1455	-0.3696975	NAN	
9.82	-0.145	-0.1875	0.1465	-0.3682375	NAN	
9.83	-0.14	-0.1835	0.148	-0.366765	NAN	
9.84	-0.13	-0.1795	0.146	-0.365295	NAN	
9.85	-0.12	-0.176	0.149	-0.36382	NAN	
9.86	-0.115	-0.1715	0.1505	-0.3623225	NAN	
9.87	-0.105	-0.168	0.1545	-0.3607975	NAN	
9.88	-0.1	-0.1645	0.1515	-0.3592675	NAN	
9.89	-0.09	-0.1605	0.159	-0.357715	NAN	
9.9	-0.08	-0.157	0.156	-0.35614	NAN	
9.91	-0.075	-0.153	0.161	-0.354555	NAN	
9.92	-0.065	-0.149	0.1635	-0.3529325	NAN	
9.93	-0.06	-0.1455	0.1685	-0.3512725	NAN	
9.94	-0.05	-0.1415	0.169	-0.349585	NAN	
9.95	-0.04	-0.138	0.171	-0.347885	NAN	
9.96	-0.035	-0.134	0.175	-0.346155	NAN	
9.97	-0.025	-0.1305	0.1815	-0.3443725	NAN	
9.98	-0.02	-0.1265	0.177	-0.34258	NAN	
9.99	-0.01	-0.1225	0.183	-0.34078	NAN	
10	0	-0.119	0.1795	-0.3389675	NAN	
10.01	0.005	-0.1155	0.1805	-0.3371675	NAN	
10.02	0.015	-0.1115	0.186	-0.335335	NAN	
10.03	0.02	-0.108	0.1845	-0.3334825	NAN	
10.04	0.03	-0.1045	0.186	-0.33163	NAN	
10.05	0.04	-0.1005	0.1855	-0.3297725	NAN	
10.06	0.045	-0.097	0.19	-0.327895	NAN	
10.07	0.055	-0.0935	0.1935	-0.3259775	NAN	
10.08	0.06	-0.0895	0.196	-0.32403	NAN	
10.09	0.07	-0.086	0.1995	-0.3220525	NAN	
10.1	0.08	-0.0825	0.1985	-0.3200625	NAN	
10.11	0.085	-0.079	0.205	-0.318045	NAN	
10.12	0.095	-0.075	0.21	-0.31597	NAN	
10.13	0.1	-0.072	0.208	-0.31388	NAN	
10.14	0.11	-0.068	0.216	-0.31176	NAN	
10.15	0.12	-0.0645	0.2125	-0.3096175	NAN	
10.16	0.125	-0.061	0.2175	-0.3074675	NAN	
10.17	0.135	-0.0575	0.219	-0.305285	NAN	
10.18	0.14	-0.054	0.221	-0.303085	NAN	
10.19	0.15	-0.0505	0.22	-0.30088	NAN	
10.2	0.16	-0.0465	0.223	-0.298665	NAN	
10.21	0.165	-0.0435	0.222	-0.29644	NAN	
10.22	0.175	-0.0395	0.231	-0.294175	NAN	
10.23	0.18	-0.0365	0.2285	-0.2918775	NAN	
10.24	0.19	-0.033	0.237	-0.28955	NAN	
10.25	0.2	-0.0295	0.234	-0.287195	NAN	
10.26	0.205	-0.0255	0.244	-0.284805	NAN	
10.27	0.215	-0.0225	0.244	-0.282365	NAN	
10.28	0.22	-0.019	0.2495	-0.2798975	NAN	
10.29	0.23	-0.0155	0.248	-0.27741	NAN	
10.3	0.24	-0.012	0.251	-0.274915	NAN	
10.31	0.245	-0.009	0.2495	-0.2724125	NAN	
10.32	0.255	-0.0055	0.259	-0.26987	NAN	
10.33	0.26	-0.0015	0.2505	-0.2673225	NAN	
10.34	0.27	0.0015	0.2625	-0.2647575	NAN	
10.35	0.28	0.005	0.2585	-0.2621525	NAN	
10.36	0.285	0.0085	0.2655	-0.2595325	NAN	
10.37	0.295	0.0115	0.2665	-0.2568725	NAN	
10.38	0.3	0.015	0.2755	-0.2541625	NAN	
10.39	0.31	0.018	0.272	-0.251425	NAN	
10.4	0.32	0.022	0.282	-0.248655	NAN	
10.41	0.325	0.0245	0.2815	-0.2458375	NAN	
10.42	0.335	0.028	0.2875	-0.2429925	NAN	
10.43	0.34	0.031	0.286	-0.240125	NAN	
10.44	0.35	0.034	0.2965	-0.2372125	NAN	
10.45	0.36	0.037	0.2865	-0.2342975	NAN	
10.46	0.365	0.04	0.3	-0.231365	NAN	
10.47	0.375	0.043	0.2965	-0.2283825	NAN	
10.48	0.38	0.0455	0.301	-0.225395	NAN	
10.49	0.39	0.049	0.3005	-0.2223875	NAN	
10.5	0.4	0.0515	0.309	-0.21934	NAN	
10.51	0.405	0.0545	0.307	-0.21626	NAN	
10.52	0.415	0.0575	0.3235	-0.2131075	NAN	
10.53	0.42	0.06	0.3165	-0.2099075	NAN	
10.54	0.43	0.0625	0.329	-0.20668	NAN	
10.55	0.44	0.065	0.326	-0.203405	NAN	
10.56	0.445	0.0675	0.337	-0.20009	NAN	
10.57	0.455	0.07	0.333	-0.19674	NAN	
10.58	0.46	0.072	0.3455	-0.1933475	NAN	
10.59	0.47	0.0745	0.341	-0.189915	NAN	
10.6	0.48	0.077	0.3495	-0.1864625	NAN	
10.61	0.485	0.0785	0.348	-0.182975	NAN	
10.62	0.495	0.081	0.36	-0.179435	NAN	
10.63	0.5	0.0835	0.3565	-0.1758525	NAN	
10.64	0.51	0.0855	0.3735	-0.1722025	NAN	
10.65	0.52	0.0875	0.366	-0.168505	NAN	
10.66	0.525	0.0895	0.383	-0.16476	NAN	
10.67	0.535	0.091	0.38	-0.160945	NAN	
10.68	0.54	0.093	0.388	-0.157105	NAN	
10.69	0.55	0.095	0.3875	-0.1532275	NAN	
10.7	0.56	0.097	0.396	-0.14931	NAN	
10.71	0.565	0.0985	0.396	-0.14535	NAN	
10.72	0.575	0.1005	0.413	-0.141305	NAN	
10.73	0.58	0.102	0.408	-0.1372	NAN	
10.74	0.59	0.1035	0.4235	-0.1330425	NAN	
10.75	0.6	0.1055	0.42	-0.128825	NAN	
10.76	0.605	0.1075	0.4325	-0.1245625	NAN	
10.77	0.615	0.109	0.4305	-0.1202475	NAN	
10.78	0.62	0.1105	0.44	-0.115895	NAN	
10.79	0.63	0.1125	0.439	-0.1115	NAN	
10.8	0.64	0.114	0.448	-0.107065	NAN	
10.81	0.645	0.116	0.4485	-0.1025825	NAN	
10.82	0.655	0.1175	0.466	-0.09801	NAN	
10.83	0.66	0.1195	0.462	-0.09337	NAN	
10.84	0.67	0.121	0.4745	-0.0886875	NAN	
10.85	0.68	0.123	0.467	-0.08398	NAN	
10.86	0.685	0.1245	0.481	-0.07924	NAN	
10.87	0.695	0.1265	0.481	-0.07443	NAN	
10.88	0.7	0.128	0.4905	-0.0695725	NAN	
10.89	0.71	0.13	0.494	-0.06465	NAN	
10.9	0.72	0.132	0.505	-0.059655	NAN	
10.91	0.725	0.1335	0.5025	-0.0546175	NAN	
10.92	0.735	0.1355	0.5165	-0.0495225	NAN	
10.93	0.74	0.1375	0.5095	-0.0443925	NAN	
10.94	0.75	0.1395	0.5215	-0.0392375	NAN	
10.95	0.76	0.1415	0.5185	-0.0340375	NAN	
10.96	0.765	0.143	0.5345	-0.0287725	NAN	
10.97	0.775	0.1455	0.5335	-0.0234325	NAN	
10.98	0.78	0.147	0.545	-0.01804	NAN	
10.99	0.79	0.149	0.545	-0.01259	NAN	
11	0.8	0.151	0.551	-0.00711	NAN	
11.01	0.805	0.1535	0.5495	-0.0016075	NAN	
11.02	0.815	0.1555	0.564	0.00396	NAN	
11.03	0.82	0.1575	0.557	0.009565	NAN	
11.04	0.83	0.16	0.5745	0.0152225	NAN	
11.05	0.84	0.162	0.57	0.020945	NAN	
11.06	0.845	0.164	0.581	0.0267	NAN	
11.07	0.855	0.1665	0.581	0.03251	NAN	
11.08	0.86	0.169	0.5875	0.0383525	NAN	
11.09	0.87	0.1715	0.5845	0.0442125	NAN	
11.1	0.88	0.174	0.594	0.050105	NAN	
11.11	0.885	0.1765	0.5955	0.0560525	NAN	
11.12	0.895	0.1795	0.608	0.06207	NAN	
11.13	0.9	0.182	0.6015	0.0681175	NAN	
11.14	0.91	0.185	0.6135	0.0741925	NAN	
11.15	0.92	0.188	0.604	0.08028	NAN	
11.16	0.925	0.191	0.617	0.086385	NAN	
11.17	0.935	0.194	0.6175	0.0925575	NAN	
11.18	0.94	0.197	0.624	0.098765	NAN	
11.19	0.95	0.2005	0.623	0.105	NAN	
11.2	0.96	0.204	0.629	0.11126	NAN	
11.21	0.965	0.2075	0.621	0.11751	NAN	
11.22	0.975	0.211	0.631	0.12377	NAN	
11.23	0.98	0.2145	0.6255	0.1300525	NAN	
11.24	0.99	0.2185	0.638	0.13637	NAN	
11.25	1	0.2225	0.6305	0.1427125	NAN	
11.26	1.005	0.2265	0.64	0.149065	NAN	
11.27	1.015	0.231	0.632	0.155425	NAN	
11.28	1.02	0.235	0.636	0.161765	NAN	
11.29	1.03	0.2395	0.6365	0.1681275	NAN	
11.3	1.04	0.244	0.6375	0.1744975	NAN	
11.31	1.045	0.249	0.6365	0.1808675	NAN	
11.32	1.055	0.254	0.642	0.18726	NAN	
11.33	1.06	0.2595	0.63	0.19362	NAN	
11.34	1.07	0.265	0.635	0.199945	NAN	
11.35	1.08	0.271	0.627	0.206255	NAN	
11.36	1.085	0.277	0.6355	0.2125675	NAN	
11.37	1.095	0.2835	0.627	0.21888	NAN	
11.38	1.1	0.29	0.626	0.225145	NAN	
11.39	1.11	0.297	0.6145	0.2313475	NAN	
11.4	1.12	0.304	0.6135	0.2374875	NAN	
11.41	1.125	0.3115	0.6085	0.2435975	NAN	
11.42	1.135	0.3195	0.612	0.2497	NAN	
11.43	1.14	0.327	0.599	0.255755	NAN	
11.44	1.15	0.3355	0.6005	0.2617525	NAN	
11.45	1.16	0.3435	0.5825	0.2676675	NAN	
11.46	1.165	0.3515	0.584	0.2735	NAN	
11.47	1.175	0.3605	0.576	0.2793	NAN	
11.48	1.18	0.369	0.5725	0.2850425	NAN	
11.49	1.19	0.378	0.5645	0.2907275	NAN	
11.5	1.2	0.387	0.56	0.29635	NAN	
11.51	1.205	0.396	0.5485	0.3018925	NAN	
11.52	1.215	0.4055	0.5465	0.3073675	NAN	
11.53	1.22	0.415	0.53	0.31275	NAN	
11.54	1.23	0.4245	0.529	0.318045	NAN	
11.55	1.24	0.434	0.5135	0.3232575	NAN	
11.56	1.245	0.444	0.515	0.3284	NAN	
11.57	1.255	0.4535	0.5045	0.3334975	NAN	
11.58	1.26	0.4635	0.4985	0.3385125	NAN	
11.59	1.27	0.474	0.4855	0.3434325	NAN	
11.6	1.28	0.4845	0.476	0.34824	NAN	
11.61	1.285	0.4945	0.463	0.352935	NAN	
11.62	1.295	0.505	0.4585	0.3575425	NAN	
11.63	1.3	0.5155	0.4435	0.3620525	NAN	
11.64	1.31	0.526	0.443	0.366485	NAN	
11.65	1.32	0.537	0.428	0.37084	NAN	
11.66	1.325	0.548	0.424	0.3751	NAN	
11.67	1.335	0.559	0.4105	0.3792725	NAN	
11.68	1.34	0.57	0.402	0.383335	NAN	
11.69	1.35	0.5815	0.3845	0.3872675	NAN	
11.7	1.36	0.5925	0.3775	0.3910775	NAN	
11.71	1.365	0.6035	0.364	0.394785	NAN	
11.72	1.375	0.6155	0.3595	0.3984025	NAN	
11.73	1.38	0.6265	0.3435	0.4019175	NAN	
11.74	1.39	0.638	0.3415	0.4053425	NAN	
11.75	1.4	0.65	0.322	0.40866	NAN	
11.76	1.405	0.6615	0.32	0.41187	NAN	
11.77	1.415	0.6725	0.307	0.415005	NAN	
11.78	1.42	0.6845	0.2965	0.4180225	NAN	
11.79	1.43	0.6955	0.283	0.42092	NAN	
11.8	1.44	0.706	0.2745	0.4237075	NAN	
11.81	1.445	0.718	0.26	0.42638	NAN	
11.82	1.455	0.7295	0.255	0.428955	NAN	
11.83	1.46	0.741	0.2385	0.4314225	NAN	
11.84	1.47	0.7515	0.2335	0.4337825	NAN	
11.85	1.48	0.7625	0.2165	0.4360325	NAN	
11.86	1.485	0.7735	0.2165	0.4381975	NAN	
11.87	1.495	0.784	0.2045	0.4403025	NAN	
11.88	1.5	0.7945	0.197	0.44231	NAN	
11.89	1.51	0.8045	0.1885	0.4442375	NAN	
11.9	1.52	0.8145	0.182	0.44609	NAN	
11.91	1.525	0.8245	0.1715	0.4478575	NAN	
11.92	1.535	0.834	0.172	0.449575	NAN	
11.93	1.54	0.8435	0.1575	0.4512225	NAN	
11.94	1.55	0.853	0.156	0.45279	NAN	
11.95	1.56	0.862	0.1445	0.4542925	NAN	
11.96	1.565	0.871	0.144	0.455735	NAN	
11.97	1.575	0.8795	0.1345	0.4571275	NAN	
11.98	1.58	0.888	0.1315	0.4584575	NAN	
11.99	1.59	0.896	0.123	0.45973	NAN	
12	1.6	0.904	0.119	0.46094	NAN	
12.01	1.605	0.912	0.111	0.46209	NAN	
12.02	1.615	0.9195	0.112	0.463205	NAN	
12.03	1.62	0.927	0.097	0.46425	NAN	
12.04	1.63	0.9345	0.1015	0.4652425	NAN	
12.05	1.64	0.9415	0.0915	0.4662075	NAN	
12.06	1.645	0.9485	0.094	0.467135	NAN	
12.07	1.655	0.9555	0.087	0.46804	NAN	
12.08	1.66	0.962	0.0855	0.4689025	NAN	
12.09	1.67	0.9685	0.08	0.46973	NAN	
12.1	1.68	0.9745	0.08	0.47053	NAN	
12.11	1.685	0.981	0.0755	0.4713075	NAN	
12.12	1.695	0.987	0.0785	0.4720775	NAN	
12.13	1.7	0.993	0.0695	0.4728175	NAN	
12.14	1.71	0.9995	0.074	0.473535	NAN	
12.15	1.72	1.005	0.063	0.47422	NAN	
12.16	1.725	1.011	0.0675	0.4748725	NAN	
12.17	1.735	1.0165	0.065	0.475535	NAN	
12.18	1.74	1.02	0.064	0.47618	NAN	
12.19	1.75	1.02	0.0585	0.4767925	NAN	
12.2	1.76	1.02	0.0615	0.4773925	NAN	
12.21	1.765	1.02	0.0565	0.4779825	NAN	
12.22	1.775	1.02	0.0615	0.4785725	NAN	
12.23	1.78	1.02	0.0545	0.4791525	NAN	
12.24	1.79	1.02	0.06	0.479725	NAN	
12.25	1.8	1.02	0.05	0.480275	NAN	
12.26	1.805	1.02	0.058	0.480815	NAN	
12.27	1.815	1.02	0.054	0.481375	NAN	
12.28	1.82	1.02	0.0555	0.4819225	NAN	
12.29	1.83	1.02	0.052	0.48246	NAN	
12.3	1.84	1.02	0.0535	0.4829875	NAN	
12.31	1.845	1.02	0.0485	0.4834975	NAN	
12.32	1.855	1.02	0.0565	0.4840225	NAN	
12.33	1.86	1.02	0.0485	0.4845475	NAN	
12.34	1.87	1.02	0.0535	0.4850575	NAN	
12.35	1.88	1.02	0.047	0.48556	NAN	
12.36	1.885	1.02	0.053	0.48606	NAN	
12.37	1.895	1.02	0.047	0.48656	NAN	
12.38	1.9	1.02	0.0515	0.4870525	NAN	
12.39	1.91	1.02	0.0475	0.4875475	NAN	
12.4	1.92	1.02	0.0485	0.4880275	NAN	
12.41	1.925	1.02	0.033	0.488435	NAN	
12.42	1.935	1.02	0.0025	0.4886125	NAN	
12.43	1.94	1.02	0.022	0.488735	NAN	
12.44	1.95	1.02	0	0.488845	NAN	
12.45	1.96	1.02	0.0235	0.4889625	NAN	
12.46	1.965	1.02	-0.0025	0.4890675	NAN	
12.47	1.975	1.02	0.0225	0.4891675	NAN	
12.48	1.98	1.02	-0.003	0.489265	NAN	
12.49	1.99	1.02	0.023	0.489365	NAN	
12.5	2	1.02	-0.0005	0.4894775	NAN	
