MIN=0	-10	-1	-1	-2	0	
MAX=12.5	10	1	1	2	50	
SCALE=5	5	0.5	0.5	1	10	
DEC=2	2	3	3	2	2	
DEF="Time" t / s	"Voltage" U_1 / V	"Current" I_1 / A	"Voltage" U_B2 / V	"Magnetic Flux" &F / Vs	"Frequency" f / Hz	
0	0	-0.0005	0.002	0	NAN	
0.01	0.005	-0.0005	0.005	3.5E-5	NAN	
0.02	0.015	0.0005	0.016	0.00014	NAN	
0.03	0.02	0.001	0.0155	0.0002975	NAN	
0.04	0.03	0.003	0.025	0.0005	NAN	
0.05	0.04	0.0045	0.0255	0.0007525	NAN	
0.06	0.045	0.0065	0.0335	0.0010475	NAN	
0.07	0.055	0.0085	0.036	0.001395	NAN	
0.08	0.06	0.0115	0.04	0.001775	NAN	
0.09	0.07	0.014	0.043	0.00219	NAN	
0.1	0.08	0.016	0.0465	0.0026375	NAN	
0.11	0.085	0.019	0.0475	0.0031075	NAN	
0.12	0.095	0.0215	0.056	0.003625	NAN	
0.13	0.1	0.0245	0.055	0.00418	NAN	
0.14	0.11	0.027	0.0625	0.0047675	NAN	
0.15	0.12	0.0305	0.058	0.00537	NAN	
0.16	0.125	0.0335	0.066	0.00599	NAN	
0.17	0.135	0.0365	0.0695	0.0066675	NAN	
0.18	0.14	0.039	0.073	0.00738	NAN	
0.19	0.15	0.043	0.0745	0.0081175	NAN	
0.2	0.16	0.0455	0.081	0.008895	NAN	
0.21	0.165	0.047	0.087	0.009735	NAN	
0.22	0.175	0.049	0.097	0.010655	NAN	
0.23	0.18	0.051	0.096	0.01162	NAN	
0.24	0.19	0.0515	0.107	0.012635	NAN	
0.25	0.2	0.0545	0.1065	0.0137025	NAN	
0.26	0.205	0.0565	0.116	0.014815	NAN	
0.27	0.215	0.0585	0.1195	0.0159925	NAN	
0.28	0.22	0.0605	0.1265	0.0172225	NAN	
0.29	0.23	0.0625	0.1305	0.0185075	NAN	
0.3	0.24	0.0655	0.1345	0.0198325	NAN	
0.31	0.245	0.0665	0.138	0.021195	NAN	
0.32	0.255	0.0695	0.148	0.022625	NAN	
0.33	0.26	0.071	0.1495	0.0241125	NAN	
0.34	0.27	0.073	0.156	0.02564	NAN	
0.35	0.28	0.0755	0.155	0.027195	NAN	
0.36	0.285	0.0775	0.1645	0.0287925	NAN	
0.37	0.295	0.0795	0.1705	0.0304675	NAN	
0.38	0.3	0.082	0.172	0.03218	NAN	
0.39	0.31	0.084	0.177	0.033925	NAN	
0.4	0.32	0.085	0.181	0.035715	NAN	
0.41	0.325	0.0885	0.1845	0.0375425	NAN	
0.42	0.335	0.0905	0.1915	0.0394225	NAN	
0.43	0.34	0.093	0.1905	0.0413325	NAN	
0.44	0.35	0.0955	0.2005	0.0432875	NAN	
0.45	0.36	0.0975	0.199	0.045285	NAN	
0.46	0.365	0.099	0.2065	0.0473125	NAN	
0.47	0.375	0.1025	0.2095	0.0493925	NAN	
0.48	0.38	0.105	0.215	0.051515	NAN	
0.49	0.39	0.1075	0.218	0.05368	NAN	
0.5	0.4	0.1095	0.22	0.05587	NAN	
0.51	0.405	0.1125	0.2245	0.0580925	NAN	
0.52	0.415	0.115	0.2335	0.0603825	NAN	
0.53	0.42	0.118	0.231	0.062705	NAN	
0.54	0.43	0.121	0.238	0.06505	NAN	
0.55	0.44	0.1235	0.2375	0.0674275	NAN	
0.56	0.445	0.126	0.247	0.06985	NAN	
0.57	0.455	0.1285	0.25	0.072335	NAN	
0.58	0.46	0.1295	0.252	0.074845	NAN	
0.59	0.47	0.1335	0.257	0.07739	NAN	
0.6	0.48	0.1355	0.2615	0.0799825	NAN	
0.61	0.485	0.1385	0.264	0.08261	NAN	
0.62	0.495	0.1415	0.272	0.08529	NAN	
0.63	0.5	0.1425	0.272	0.08801	NAN	
0.64	0.51	0.144	0.282	0.09078	NAN	
0.65	0.52	0.147	0.28	0.09359	NAN	
0.66	0.525	0.1495	0.2885	0.0964325	NAN	
0.67	0.535	0.1515	0.292	0.099335	NAN	
0.68	0.54	0.1535	0.297	0.10228	NAN	
0.69	0.55	0.1555	0.299	0.10526	NAN	
0.7	0.56	0.1575	0.303	0.10827	NAN	
0.71	0.565	0.16	0.3075	0.1113225	NAN	
0.72	0.575	0.1625	0.3175	0.1144475	NAN	
0.73	0.58	0.1645	0.3135	0.1176025	NAN	
0.74	0.59	0.165	0.3225	0.1207825	NAN	
0.75	0.6	0.169	0.322	0.124005	NAN	
0.76	0.605	0.1705	0.331	0.12727	NAN	
0.77	0.615	0.1735	0.3325	0.1305875	NAN	
0.78	0.62	0.176	0.338	0.13394	NAN	
0.79	0.63	0.178	0.341	0.137335	NAN	
0.8	0.64	0.1805	0.344	0.14076	NAN	
0.81	0.645	0.1825	0.344	0.1442	NAN	
0.82	0.655	0.184	0.354	0.14769	NAN	
0.83	0.66	0.1875	0.3525	0.1512225	NAN	
0.84	0.67	0.19	0.3615	0.1547925	NAN	
0.85	0.68	0.192	0.3585	0.1583925	NAN	
0.86	0.685	0.195	0.368	0.162025	NAN	
0.87	0.695	0.1975	0.372	0.165725	NAN	
0.88	0.7	0.2005	0.3765	0.1694675	NAN	
0.89	0.71	0.203	0.3785	0.1732425	NAN	
0.9	0.72	0.206	0.3825	0.1770475	NAN	
0.91	0.725	0.2085	0.3865	0.1808925	NAN	
0.92	0.735	0.2115	0.395	0.1848	NAN	
0.93	0.74	0.2145	0.392	0.188735	NAN	
0.94	0.75	0.218	0.4005	0.1926975	NAN	
0.95	0.76	0.221	0.398	0.19669	NAN	
0.96	0.765	0.2245	0.4055	0.2007075	NAN	
0.97	0.775	0.228	0.406	0.204765	NAN	
0.98	0.78	0.2315	0.4105	0.2088475	NAN	
0.99	0.79	0.235	0.411	0.212955	NAN	
1	0.8	0.2385	0.413	0.217075	NAN	
1.01	0.805	0.2425	0.4125	0.2212025	NAN	
1.02	0.815	0.2465	0.4195	0.2253625	NAN	
1.03	0.82	0.2505	0.414	0.22953	NAN	
1.04	0.83	0.2545	0.4185	0.2336925	NAN	
1.05	0.84	0.259	0.4125	0.2378475	NAN	
1.06	0.845	0.2635	0.42	0.24201	NAN	
1.07	0.855	0.268	0.4195	0.2462075	NAN	
1.08	0.86	0.2725	0.4175	0.2503925	NAN	
1.09	0.87	0.2775	0.4165	0.2545625	NAN	
1.1	0.88	0.2825	0.418	0.258735	NAN	
1.11	0.885	0.287	0.4175	0.2629125	NAN	
1.12	0.895	0.2925	0.4215	0.2671075	NAN	
1.13	0.9	0.2975	0.416	0.271295	NAN	
1.14	0.91	0.303	0.4215	0.2754825	NAN	
1.15	0.92	0.3085	0.4155	0.2796675	NAN	
1.16	0.925	0.314	0.42	0.283845	NAN	
1.17	0.935	0.3195	0.4185	0.2880375	NAN	
1.18	0.94	0.325	0.419	0.292225	NAN	
1.19	0.95	0.3315	0.416	0.2964	NAN	
1.2	0.96	0.3375	0.414	0.30055	NAN	
1.21	0.965	0.3435	0.4105	0.3046725	NAN	
1.22	0.975	0.3495	0.4135	0.3087925	NAN	
1.23	0.98	0.356	0.405	0.312885	NAN	
1.24	0.99	0.362	0.4055	0.3169375	NAN	
1.25	1	0.3685	0.3955	0.3209425	NAN	
1.26	1.005	0.375	0.3985	0.3249125	NAN	
1.27	1.015	0.3815	0.3945	0.3288775	NAN	
1.28	1.02	0.3885	0.39	0.3328	NAN	
1.29	1.03	0.3955	0.385	0.336675	NAN	
1.3	1.04	0.4025	0.3835	0.3405175	NAN	
1.31	1.045	0.4095	0.3775	0.3443225	NAN	
1.32	1.055	0.4165	0.3775	0.3480975	NAN	
1.33	1.06	0.424	0.368	0.351825	NAN	
1.34	1.07	0.431	0.3705	0.3555175	NAN	
1.35	1.08	0.439	0.359	0.359165	NAN	
1.36	1.085	0.4465	0.36	0.36276	NAN	
1.37	1.095	0.454	0.354	0.36633	NAN	
1.38	1.1	0.462	0.351	0.369855	NAN	
1.39	1.11	0.47	0.345	0.373335	NAN	
1.4	1.12	0.4775	0.341	0.376765	NAN	
1.41	1.125	0.4855	0.335	0.380145	NAN	
1.42	1.135	0.4935	0.336	0.3835	NAN	
1.43	1.14	0.502	0.323	0.386795	NAN	
1.44	1.15	0.51	0.3225	0.3900225	NAN	
1.45	1.16	0.5185	0.311	0.39319	NAN	
1.46	1.165	0.527	0.313	0.39631	NAN	
1.47	1.175	0.5355	0.3035	0.3993925	NAN	
1.48	1.18	0.5445	0.298	0.4024	NAN	
1.49	1.19	0.553	0.2905	0.4053425	NAN	
1.5	1.2	0.562	0.286	0.408225	NAN	
1.51	1.205	0.571	0.277	0.41104	NAN	
1.52	1.215	0.5795	0.276	0.413805	NAN	
1.53	1.22	0.5885	0.262	0.416495	NAN	
1.54	1.23	0.5975	0.2625	0.4191175	NAN	
1.55	1.24	0.6065	0.249	0.421675	NAN	
1.56	1.245	0.6155	0.247	0.424155	NAN	
1.57	1.255	0.625	0.239	0.426585	NAN	
1.58	1.26	0.634	0.234	0.42895	NAN	
1.59	1.27	0.643	0.2235	0.4312375	NAN	
1.6	1.28	0.652	0.2185	0.4334475	NAN	
1.61	1.285	0.661	0.2085	0.4355825	NAN	
1.62	1.295	0.67	0.2085	0.4376675	NAN	
1.63	1.3	0.679	0.1945	0.4396825	NAN	
1.64	1.31	0.6875	0.1945	0.4416275	NAN	
1.65	1.32	0.6965	0.182	0.44351	NAN	
1.66	1.325	0.705	0.1845	0.4453425	NAN	
1.67	1.335	0.7135	0.1735	0.4471325	NAN	
1.68	1.34	0.7225	0.169	0.448845	NAN	
1.69	1.35	0.731	0.1615	0.4504975	NAN	
1.7	1.36	0.739	0.16	0.452105	NAN	
1.71	1.365	0.7475	0.15	0.453655	NAN	
1.72	1.375	0.7555	0.1515	0.4551625	NAN	
1.73	1.38	0.7635	0.14	0.45662	NAN	
1.74	1.39	0.7715	0.1425	0.4580325	NAN	
1.75	1.4	0.7795	0.1285	0.4593875	NAN	
1.76	1.405	0.787	0.1305	0.4606825	NAN	
1.77	1.415	0.795	0.1235	0.4619525	NAN	
1.78	1.42	0.8025	0.123	0.463185	NAN	
1.79	1.43	0.8095	0.1135	0.4643675	NAN	
1.8	1.44	0.8165	0.113	0.4655	NAN	
1.81	1.445	0.824	0.1065	0.4665975	NAN	
1.82	1.455	0.831	0.1095	0.4676775	NAN	
1.83	1.46	0.838	0.0975	0.4687125	NAN	
1.84	1.47	0.8445	0.101	0.469705	NAN	
1.85	1.48	0.8515	0.091	0.470665	NAN	
1.86	1.485	0.858	0.0955	0.4715975	NAN	
1.87	1.495	0.865	0.0885	0.4725175	NAN	
1.88	1.5	0.871	0.0885	0.4734025	NAN	
1.89	1.51	0.8775	0.0835	0.4742625	NAN	
1.9	1.52	0.8835	0.0835	0.4750975	NAN	
1.91	1.525	0.89	0.077	0.4759	NAN	
1.92	1.535	0.896	0.0825	0.4766975	NAN	
1.93	1.54	0.9025	0.0745	0.4774825	NAN	
1.94	1.55	0.9085	0.079	0.47825	NAN	
1.95	1.56	0.9145	0.069	0.47899	NAN	
1.96	1.565	0.92	0.075	0.47971	NAN	
1.97	1.575	0.926	0.072	0.480445	NAN	
1.98	1.58	0.932	0.072	0.481165	NAN	
1.99	1.59	0.9375	0.0685	0.4818675	NAN	
2	1.6	0.9435	0.071	0.482565	NAN	
2.01	1.605	0.949	0.066	0.48325	NAN	
2.02	1.615	0.9545	0.071	0.483935	NAN	
2.03	1.62	0.96	0.0625	0.4846025	NAN	
2.04	1.63	0.965	0.07	0.485265	NAN	
2.05	1.64	0.9705	0.062	0.485925	NAN	
2.06	1.645	0.976	0.066	0.486565	NAN	
2.07	1.655	0.9815	0.062	0.487205	NAN	
2.08	1.66	0.9865	0.064	0.487835	NAN	
2.09	1.67	0.992	0.06	0.488455	NAN	
2.1	1.68	0.997	0.061	0.48906	NAN	
2.11	1.685	1.002	0.056	0.489645	NAN	
2.12	1.695	1.0075	0.062	0.490235	NAN	
2.13	1.7	1.0125	0.053	0.49081	NAN	
2.14	1.71	1.018	0.059	0.49137	NAN	
2.15	1.72	1.02	0.0505	0.4919175	NAN	
2.16	1.725	1.02	0.055	0.492445	NAN	
2.17	1.735	1.02	0.051	0.492975	NAN	
2.18	1.74	1.02	0.052	0.49349	NAN	
2.19	1.75	1.02	0.0485	0.4939925	NAN	
2.2	1.76	1.02	0.051	0.49449	NAN	
2.21	1.765	1.02	0.0475	0.4949825	NAN	
2.22	1.775	1.02	0.0525	0.4954825	NAN	
2.23	1.78	1.02	0.0445	0.4959675	NAN	
2.24	1.79	1.02	0.052	0.49645	NAN	
2.25	1.8	1.02	0.045	0.496935	NAN	
2.26	1.805	1.02	0.051	0.497415	NAN	
2.27	1.815	1.02	0.0475	0.4979075	NAN	
2.28	1.82	1.02	0.0515	0.4984025	NAN	
2.29	1.83	1.02	0.0485	0.4989025	NAN	
2.3	1.84	1.02	0.0495	0.4993925	NAN	
2.31	1.845	1.02	0.047	0.499875	NAN	
2.32	1.855	1.02	0.054	0.50038	NAN	
2.33	1.86	1.02	0.0465	0.5008825	NAN	
2.34	1.87	1.02	0.0525	0.5013775	NAN	
2.35	1.88	1.02	0.044	0.50186	NAN	
2.36	1.885	1.02	0.0515	0.5023375	NAN	
2.37	1.895	1.02	0	0.502595	NAN	
2.38	1.9	1.02	-0.0075	0.5025575	NAN	
2.39	1.91	1.02	-0.002	0.50251	NAN	
2.4	1.92	1.02	-0.0065	0.5024675	NAN	
2.41	1.925	1.02	0.0025	0.5024475	NAN	
2.42	1.935	1.02	-0.0065	0.5024275	NAN	
2.43	1.94	1.02	-0.0015	0.5023875	NAN	
2.44	1.95	1.02	-0.008	0.50234	NAN	
2.45	1.96	1.02	-0.004	0.50228	NAN	
2.46	1.965	1.02	-0.0025	0.5022475	NAN	
2.47	1.975	1.02	-0.0025	0.5022225	NAN	
2.48	1.98	1.02	-0.003	0.502195	NAN	
2.49	1.99	1.02	-0.004	0.50216	NAN	
2.5	2	1.02	-0.001	0.502135	NAN	
2.51	1.995	1.02	-0.002	0.50212	NAN	
2.52	1.985	1.02	-0.0055	0.5020825	NAN	
2.53	1.98	1.02	-0.004	0.502035	NAN	
2.54	1.97	1.02	-0.005	0.50199	NAN	
2.55	1.96	1.02	-0.002	0.501955	NAN	
2.56	1.955	1.02	-0.0065	0.5019125	NAN	
2.57	1.945	1.02	-0.006	0.50185	NAN	
2.58	1.94	1.02	-0.003	0.501805	NAN	
2.59	1.93	1.02	-0.006	0.50176	NAN	
2.6	1.92	1.02	-0.005	0.501705	NAN	
2.61	1.915	1.02	-0.005	0.501655	NAN	
2.62	1.905	1.02	-0.0085	0.5015875	NAN	
2.63	1.9	1.02	-0.0035	0.5015275	NAN	
2.64	1.89	1.02	-0.004	0.50149	NAN	
2.65	1.88	1.02	-0.004	0.50145	NAN	
2.66	1.875	1.02	-0.0095	0.5013825	NAN	
2.67	1.865	1.02	-0.002	0.501325	NAN	
2.68	1.86	1.02	-0.0075	0.5012775	NAN	
2.69	1.85	1.02	-0.007	0.501205	NAN	
2.7	1.84	1.02	-0.0085	0.5011275	NAN	
2.71	1.835	1.02	-0.0055	0.5010575	NAN	
2.72	1.825	1.02	-0.0035	0.5010125	NAN	
2.73	1.82	1.02	-0.0115	0.5009375	NAN	
2.74	1.81	1.02	-0.0085	0.5008375	NAN	
2.75	1.8	1.02	-0.0125	0.5007325	NAN	
2.76	1.795	1.02	-0.01	0.50062	NAN	
2.77	1.785	1.02	-0.019	0.500475	NAN	
2.78	1.78	1.02	-0.011	0.500325	NAN	
2.79	1.77	1.02	-0.018	0.50018	NAN	
2.8	1.76	1.02	-0.0115	0.5000325	NAN	
2.81	1.755	1.02	-0.0195	0.4998775	NAN	
2.82	1.745	1.02	-0.014	0.49971	NAN	
2.83	1.74	1.02	-0.018	0.49955	NAN	
2.84	1.73	1.02	-0.015	0.499385	NAN	
2.85	1.72	1.02	-0.0195	0.4992125	NAN	
2.86	1.715	1.02	-0.0145	0.4990425	NAN	
2.87	1.705	1.02	-0.021	0.498865	NAN	
2.88	1.7	1.02	-0.0145	0.4986875	NAN	
2.89	1.69	1.02	-0.0225	0.4985025	NAN	
2.9	1.68	1.02	-0.014	0.49832	NAN	
2.91	1.675	1.02	-0.021	0.498145	NAN	
2.92	1.665	1.02	-0.0175	0.4979525	NAN	
2.93	1.66	1.02	-0.023	0.49775	NAN	
2.94	1.65	1.02	-0.0165	0.4975525	NAN	
2.95	1.64	1.02	-0.0205	0.4973675	NAN	
2.96	1.635	1.02	-0.0165	0.4971825	NAN	
2.97	1.625	1.02	-0.025	0.496975	NAN	
2.98	1.62	1.017	-0.016	0.49677	NAN	
2.99	1.61	1.0125	-0.023	0.496575	NAN	
3	1.6	1.0075	-0.0165	0.4963775	NAN	
3.01	1.595	1.003	-0.023	0.49618	NAN	
3.02	1.585	0.9985	-0.0185	0.4959725	NAN	
3.03	1.58	0.994	-0.022	0.49577	NAN	
3.04	1.57	0.9895	-0.018	0.49557	NAN	
3.05	1.56	0.985	-0.023	0.495365	NAN	
3.06	1.555	0.98	-0.018	0.49516	NAN	
3.07	1.545	0.9755	-0.0255	0.4949425	NAN	
3.08	1.54	0.97	-0.0175	0.4947275	NAN	
3.09	1.53	0.966	-0.0255	0.4945125	NAN	
3.1	1.52	0.961	-0.018	0.494295	NAN	
3.11	1.515	0.956	-0.0255	0.4940775	NAN	
3.12	1.505	0.951	-0.021	0.493845	NAN	
3.13	1.5	0.9465	-0.025	0.493615	NAN	
3.14	1.49	0.9415	-0.0205	0.4933875	NAN	
3.15	1.48	0.937	-0.0245	0.4931625	NAN	
3.16	1.475	0.932	-0.02	0.49294	NAN	
3.17	1.465	0.927	-0.0285	0.4926975	NAN	
3.18	1.46	0.9225	-0.02	0.492455	NAN	
3.19	1.45	0.9175	-0.027	0.49222	NAN	
3.2	1.44	0.9125	-0.019	0.49199	NAN	
3.21	1.435	0.908	-0.028	0.491755	NAN	
3.22	1.425	0.903	-0.023	0.4915	NAN	
3.23	1.42	0.8985	-0.0275	0.4912475	NAN	
3.24	1.41	0.8935	-0.0235	0.4909925	NAN	
3.25	1.4	0.8885	-0.027	0.49074	NAN	
3.26	1.395	0.8835	-0.0215	0.4904975	NAN	
3.27	1.385	0.879	-0.029	0.490245	NAN	
3.28	1.38	0.874	-0.0225	0.4899875	NAN	
3.29	1.37	0.8695	-0.031	0.48972	NAN	
3.3	1.36	0.8645	-0.0215	0.4894575	NAN	
3.31	1.355	0.86	-0.029	0.489205	NAN	
3.32	1.345	0.8545	-0.0245	0.4889375	NAN	
3.33	1.34	0.85	-0.0305	0.4886625	NAN	
3.34	1.33	0.845	-0.024	0.48839	NAN	
3.35	1.32	0.8405	-0.027	0.488135	NAN	
3.36	1.315	0.8355	-0.025	0.487875	NAN	
3.37	1.305	0.831	-0.0325	0.4875875	NAN	
3.38	1.3	0.826	-0.0235	0.4873075	NAN	
3.39	1.29	0.821	-0.0315	0.4870325	NAN	
3.4	1.28	0.816	-0.025	0.48675	NAN	
3.41	1.275	0.8115	-0.031	0.48647	NAN	
3.42	1.265	0.807	-0.025	0.48619	NAN	
3.43	1.26	0.8025	-0.029	0.48592	NAN	
3.44	1.25	0.7975	-0.0265	0.4856425	NAN	
3.45	1.24	0.793	-0.031	0.485355	NAN	
3.46	1.235	0.788	-0.0255	0.4850725	NAN	
3.47	1.225	0.7835	-0.033	0.48478	NAN	
3.48	1.22	0.779	-0.025	0.48449	NAN	
3.49	1.21	0.7745	-0.034	0.484195	NAN	
3.5	1.2	0.7695	-0.0245	0.4839025	NAN	
3.51	1.195	0.765	-0.0335	0.4836125	NAN	
3.52	1.185	0.7595	-0.0295	0.4832975	NAN	
3.53	1.18	0.755	-0.0335	0.4829825	NAN	
3.54	1.17	0.7505	-0.027	0.48268	NAN	
3.55	1.16	0.746	-0.033	0.48238	NAN	
3.56	1.155	0.741	-0.029	0.48207	NAN	
3.57	1.145	0.7365	-0.036	0.481745	NAN	
3.58	1.14	0.7315	-0.0265	0.4814325	NAN	
3.59	1.13	0.727	-0.0365	0.4811175	NAN	
3.6	1.12	0.7225	-0.028	0.480795	NAN	
3.61	1.115	0.7175	-0.036	0.480475	NAN	
3.62	1.105	0.7125	-0.0295	0.4801475	NAN	
3.63	1.1	0.708	-0.0365	0.4798175	NAN	
3.64	1.09	0.703	-0.0315	0.4794775	NAN	
3.65	1.08	0.699	-0.035	0.479145	NAN	
3.66	1.075	0.694	-0.029	0.478825	NAN	
3.67	1.065	0.6895	-0.039	0.478485	NAN	
3.68	1.06	0.6845	-0.03	0.47814	NAN	
3.69	1.05	0.68	-0.0385	0.4777975	NAN	
3.7	1.04	0.675	-0.029	0.47746	NAN	
3.71	1.035	0.6705	-0.039	0.47712	NAN	
3.72	1.025	0.6655	-0.0335	0.4767575	NAN	
3.73	1.02	0.6615	-0.038	0.4764	NAN	
3.74	1.01	0.656	-0.0335	0.4760425	NAN	
3.75	1	0.652	-0.0395	0.4756775	NAN	
3.76	0.995	0.647	-0.0335	0.4753125	NAN	
3.77	0.985	0.6425	-0.043	0.47493	NAN	
3.78	0.98	0.6375	-0.0325	0.4745525	NAN	
3.79	0.97	0.633	-0.043	0.474175	NAN	
3.8	0.96	0.628	-0.0335	0.4737925	NAN	
3.81	0.955	0.623	-0.0415	0.4734175	NAN	
3.82	0.945	0.619	-0.037	0.473025	NAN	
3.83	0.94	0.6145	-0.0425	0.4726275	NAN	
3.84	0.93	0.6095	-0.037	0.47223	NAN	
3.85	0.92	0.605	-0.0415	0.4718375	NAN	
3.86	0.915	0.6	-0.038	0.47144	NAN	
3.87	0.905	0.5955	-0.047	0.471015	NAN	
3.88	0.9	0.5905	-0.038	0.47059	NAN	
3.89	0.89	0.586	-0.047	0.470165	NAN	
3.9	0.88	0.581	-0.038	0.46974	NAN	
3.91	0.875	0.5765	-0.0475	0.4693125	NAN	
3.92	0.865	0.5715	-0.0415	0.4688675	NAN	
3.93	0.86	0.567	-0.046	0.46843	NAN	
3.94	0.85	0.562	-0.043	0.467985	NAN	
3.95	0.84	0.5575	-0.047	0.467535	NAN	
3.96	0.835	0.5525	-0.0415	0.4670925	NAN	
3.97	0.825	0.548	-0.0505	0.4666325	NAN	
3.98	0.82	0.543	-0.0425	0.4661675	NAN	
3.99	0.81	0.5385	-0.0515	0.4656975	NAN	
4	0.8	0.5335	-0.041	0.465235	NAN	
4.01	0.795	0.529	-0.051	0.464775	NAN	
4.02	0.785	0.524	-0.047	0.464285	NAN	
4.03	0.78	0.5195	-0.051	0.463795	NAN	
4.04	0.77	0.5145	-0.045	0.463315	NAN	
4.05	0.76	0.51	-0.0505	0.4628375	NAN	
4.06	0.755	0.505	-0.0455	0.4623575	NAN	
4.07	0.745	0.5005	-0.0545	0.4618575	NAN	
4.08	0.74	0.496	-0.044	0.461365	NAN	
4.09	0.73	0.491	-0.056	0.460865	NAN	
4.1	0.72	0.4865	-0.0455	0.4603575	NAN	
4.11	0.715	0.482	-0.055	0.459855	NAN	
4.12	0.705	0.477	-0.0495	0.4593325	NAN	
4.13	0.7	0.4725	-0.0565	0.4588025	NAN	
4.14	0.69	0.4675	-0.0505	0.4582675	NAN	
4.15	0.68	0.463	-0.055	0.45774	NAN	
4.16	0.675	0.4585	-0.0505	0.4572125	NAN	
4.17	0.665	0.454	-0.0615	0.4566525	NAN	
4.18	0.66	0.449	-0.0505	0.4560925	NAN	
4.19	0.65	0.4445	-0.06	0.45554	NAN	
4.2	0.64	0.44	-0.051	0.454985	NAN	
4.21	0.635	0.4355	-0.0615	0.4544225	NAN	
4.22	0.625	0.4305	-0.053	0.45385	NAN	
4.23	0.62	0.4265	-0.06	0.453285	NAN	
4.24	0.61	0.4215	-0.056	0.452705	NAN	
4.25	0.6	0.417	-0.0615	0.4521175	NAN	
4.26	0.595	0.4125	-0.056	0.45153	NAN	
4.27	0.585	0.4085	-0.066	0.45092	NAN	
4.28	0.58	0.4035	-0.058	0.4503	NAN	
4.29	0.57	0.3995	-0.068	0.44967	NAN	
4.3	0.56	0.395	-0.058	0.44904	NAN	
4.31	0.555	0.3905	-0.0675	0.4484125	NAN	
4.32	0.545	0.386	-0.064	0.447755	NAN	
4.33	0.54	0.3815	-0.0705	0.4470825	NAN	
4.34	0.53	0.377	-0.065	0.446405	NAN	
4.35	0.52	0.3725	-0.0695	0.4457325	NAN	
4.36	0.515	0.3685	-0.0665	0.4450525	NAN	
4.37	0.505	0.364	-0.0755	0.4443425	NAN	
4.38	0.5	0.3595	-0.067	0.44363	NAN	
4.39	0.49	0.355	-0.076	0.442915	NAN	
4.4	0.48	0.351	-0.0685	0.4421925	NAN	
4.41	0.475	0.3465	-0.0785	0.4414575	NAN	
4.42	0.465	0.3425	-0.0735	0.4406975	NAN	
4.43	0.46	0.3375	-0.0795	0.4399325	NAN	
4.44	0.45	0.3335	-0.0755	0.4391575	NAN	
4.45	0.44	0.329	-0.081	0.438375	NAN	
4.46	0.435	0.325	-0.0765	0.4375875	NAN	
4.47	0.425	0.3205	-0.087	0.43677	NAN	
4.48	0.42	0.3165	-0.0795	0.4359375	NAN	
4.49	0.41	0.312	-0.089	0.435095	NAN	
4.5	0.4	0.308	-0.0805	0.4342475	NAN	
4.51	0.395	0.3035	-0.0905	0.4333925	NAN	
4.52	0.385	0.2995	-0.088	0.4325	NAN	
4.53	0.38	0.295	-0.092	0.4316	NAN	
4.54	0.37	0.291	-0.0865	0.4307075	NAN	
4.55	0.36	0.287	-0.094	0.429805	NAN	
4.56	0.355	0.2825	-0.0925	0.4288725	NAN	
4.57	0.345	0.2785	-0.101	0.427905	NAN	
4.58	0.34	0.274	-0.0925	0.4269375	NAN	
4.59	0.33	0.27	-0.104	0.425955	NAN	
4.6	0.32	0.266	-0.096	0.424955	NAN	
4.61	0.315	0.262	-0.1035	0.4239575	NAN	
4.62	0.305	0.2575	-0.0995	0.4229425	NAN	
4.63	0.3	0.2535	-0.107	0.42191	NAN	
4.64	0.29	0.2495	-0.1045	0.4208525	NAN	
4.65	0.28	0.2455	-0.1085	0.4197875	NAN	
4.66	0.275	0.2415	-0.104	0.418725	NAN	
4.67	0.265	0.2375	-0.1175	0.4176175	NAN	
4.68	0.26	0.2335	-0.11	0.41648	NAN	
4.69	0.25	0.229	-0.1195	0.4153325	NAN	
4.7	0.24	0.225	-0.111	0.41418	NAN	
4.71	0.235	0.221	-0.1225	0.4130125	NAN	
4.72	0.225	0.2175	-0.1195	0.4118025	NAN	
4.73	0.22	0.2135	-0.1235	0.4105875	NAN	
4.74	0.21	0.2095	-0.121	0.409365	NAN	
4.75	0.2	0.2055	-0.127	0.408125	NAN	
4.76	0.195	0.201	-0.1245	0.4068675	NAN	
4.77	0.185	0.1975	-0.132	0.405585	NAN	
4.78	0.18	0.1935	-0.1255	0.4042975	NAN	
4.79	0.17	0.1895	-0.1345	0.4029975	NAN	
4.8	0.16	0.1855	-0.129	0.40168	NAN	
4.81	0.155	0.182	-0.138	0.400345	NAN	
4.82	0.145	0.178	-0.1365	0.3989725	NAN	
4.83	0.14	0.174	-0.1415	0.3975825	NAN	
4.84	0.13	0.17	-0.1405	0.3961725	NAN	
4.85	0.12	0.1665	-0.143	0.394755	NAN	
4.86	0.115	0.1625	-0.14	0.39334	NAN	
4.87	0.105	0.1585	-0.152	0.39188	NAN	
4.88	0.1	0.1545	-0.147	0.390385	NAN	
4.89	0.09	0.151	-0.1545	0.3888775	NAN	
4.9	0.08	0.1475	-0.1485	0.3873625	NAN	
4.91	0.075	0.1435	-0.159	0.385825	NAN	
4.92	0.065	0.14	-0.158	0.38424	NAN	
4.93	0.06	0.136	-0.1615	0.3826425	NAN	
4.94	0.05	0.1325	-0.161	0.38103	NAN	
4.95	0.04	0.1285	-0.1655	0.3793975	NAN	
4.96	0.035	0.125	-0.1655	0.3777425	NAN	
4.97	0.025	0.1215	-0.173	0.37605	NAN	
4.98	0.02	0.1175	-0.168	0.374345	NAN	
4.99	0.01	0.114	-0.1775	0.3726175	NAN	
5	0	0.1105	-0.1725	0.3708675	NAN	
5.01	-0.005	0.1065	-0.178	0.369115	NAN	
5.02	-0.015	0.103	-0.179	0.36733	NAN	
5.03	-0.02	0.0995	-0.1825	0.3655225	NAN	
5.04	-0.03	0.096	-0.184	0.36369	NAN	
5.05	-0.04	0.0925	-0.1855	0.3618425	NAN	
5.06	-0.045	0.089	-0.1875	0.3599775	NAN	
5.07	-0.055	0.0855	-0.1945	0.3580675	NAN	
5.08	-0.06	0.082	-0.191	0.35614	NAN	
5.09	-0.07	0.079	-0.1975	0.3541975	NAN	
5.1	-0.08	0.075	-0.196	0.35223	NAN	
5.11	-0.085	0.0715	-0.2025	0.3502375	NAN	
5.12	-0.095	0.0685	-0.205	0.3482	NAN	
5.13	-0.1	0.065	-0.206	0.346145	NAN	
5.14	-0.11	0.0615	-0.2095	0.3440675	NAN	
5.15	-0.12	0.058	-0.211	0.341965	NAN	
5.16	-0.125	0.055	-0.2145	0.3398375	NAN	
5.17	-0.135	0.0515	-0.2195	0.3376675	NAN	
5.18	-0.14	0.048	-0.216	0.33549	NAN	
5.19	-0.15	0.045	-0.224	0.33329	NAN	
5.2	-0.16	0.0415	-0.223	0.331055	NAN	
5.21	-0.165	0.038	-0.228	0.3288	NAN	
5.22	-0.175	0.035	-0.233	0.326495	NAN	
5.23	-0.18	0.0315	-0.2335	0.3241625	NAN	
5.24	-0.19	0.0285	-0.2375	0.3218075	NAN	
5.25	-0.2	0.0255	-0.237	0.319435	NAN	
5.26	-0.205	0.022	-0.243	0.317035	NAN	
5.27	-0.215	0.019	-0.247	0.314585	NAN	
5.28	-0.22	0.0155	-0.246	0.31212	NAN	
5.29	-0.23	0.0125	-0.2505	0.3096375	NAN	
5.3	-0.24	0.0095	-0.2525	0.3071225	NAN	
5.31	-0.245	0.006	-0.257	0.304575	NAN	
5.32	-0.255	0.003	-0.2615	0.3019825	NAN	
5.33	-0.26	0	-0.2615	0.2993675	NAN	
5.34	-0.27	-0.004	-0.2685	0.2967175	NAN	
5.35	-0.28	-0.0065	-0.269	0.29403	NAN	
5.36	-0.285	-0.0095	-0.274	0.291315	NAN	
5.37	-0.295	-0.0125	-0.2785	0.2885525	NAN	
5.38	-0.3	-0.0155	-0.2805	0.2857575	NAN	
5.39	-0.31	-0.0185	-0.286	0.282925	NAN	
5.4	-0.32	-0.0215	-0.2865	0.2800625	NAN	
5.41	-0.325	-0.0245	-0.288	0.27719	NAN	
5.42	-0.335	-0.0275	-0.2955	0.2742725	NAN	
5.43	-0.34	-0.03	-0.2955	0.2713175	NAN	
5.44	-0.35	-0.0335	-0.3025	0.2683275	NAN	
5.45	-0.36	-0.036	-0.3015	0.2653075	NAN	
5.46	-0.365	-0.0385	-0.307	0.262265	NAN	
5.47	-0.375	-0.042	-0.3125	0.2591675	NAN	
5.48	-0.38	-0.0445	-0.3155	0.2560275	NAN	
5.49	-0.39	-0.0455	-0.3185	0.2528575	NAN	
5.5	-0.4	-0.0495	-0.3195	0.2496675	NAN	
5.51	-0.405	-0.0535	-0.3255	0.2464425	NAN	
5.52	-0.415	-0.0555	-0.334	0.243145	NAN	
5.53	-0.42	-0.0575	-0.331	0.23982	NAN	
5.54	-0.43	-0.0605	-0.3415	0.2364575	NAN	
5.55	-0.44	-0.0625	-0.3395	0.2330525	NAN	
5.56	-0.445	-0.0655	-0.348	0.229615	NAN	
5.57	-0.455	-0.0675	-0.3505	0.2261225	NAN	
5.58	-0.46	-0.07	-0.356	0.22259	NAN	
5.59	-0.47	-0.0725	-0.359	0.219015	NAN	
5.6	-0.48	-0.075	-0.363	0.215405	NAN	
5.61	-0.485	-0.077	-0.365	0.211765	NAN	
5.62	-0.495	-0.079	-0.377	0.208055	NAN	
5.63	-0.5	-0.0815	-0.374	0.2043	NAN	
5.64	-0.51	-0.0835	-0.383	0.200515	NAN	
5.65	-0.52	-0.0855	-0.382	0.19669	NAN	
5.66	-0.525	-0.088	-0.393	0.192815	NAN	
5.67	-0.535	-0.09	-0.395	0.188875	NAN	
5.68	-0.54	-0.0915	-0.399	0.184905	NAN	
5.69	-0.55	-0.0935	-0.4025	0.1808975	NAN	
5.7	-0.56	-0.0955	-0.4095	0.1768375	NAN	
5.71	-0.565	-0.097	-0.413	0.172725	NAN	
5.72	-0.575	-0.099	-0.4215	0.1685525	NAN	
5.73	-0.58	-0.1005	-0.4195	0.1643475	NAN	
5.74	-0.59	-0.1025	-0.4315	0.1600925	NAN	
5.75	-0.6	-0.105	-0.429	0.15579	NAN	
5.76	-0.605	-0.106	-0.4405	0.1514425	NAN	
5.77	-0.615	-0.1075	-0.443	0.147025	NAN	
5.78	-0.62	-0.1095	-0.45	0.14256	NAN	
5.79	-0.63	-0.1095	-0.4525	0.1380475	NAN	
5.8	-0.64	-0.113	-0.4585	0.1334925	NAN	
5.81	-0.645	-0.1135	-0.461	0.128895	NAN	
5.82	-0.655	-0.116	-0.469	0.124245	NAN	
5.83	-0.66	-0.118	-0.469	0.119555	NAN	
5.84	-0.67	-0.1195	-0.4815	0.1148025	NAN	
5.85	-0.68	-0.121	-0.4805	0.1099925	NAN	
5.86	-0.685	-0.1225	-0.493	0.105125	NAN	
5.87	-0.695	-0.124	-0.4945	0.1001875	NAN	
5.88	-0.7	-0.126	-0.5025	0.0952025	NAN	
5.89	-0.71	-0.1275	-0.505	0.090165	NAN	
5.9	-0.72	-0.129	-0.513	0.085075	NAN	
5.91	-0.725	-0.1305	-0.5145	0.0799375	NAN	
5.92	-0.735	-0.133	-0.528	0.074725	NAN	
5.93	-0.74	-0.135	-0.528	0.069445	NAN	
5.94	-0.75	-0.1365	-0.5385	0.0641125	NAN	
5.95	-0.76	-0.138	-0.535	0.058745	NAN	
5.96	-0.765	-0.1405	-0.5485	0.0533275	NAN	
5.97	-0.775	-0.1425	-0.55	0.047835	NAN	
5.98	-0.78	-0.1435	-0.556	0.042305	NAN	
5.99	-0.79	-0.1465	-0.557	0.03674	NAN	
6	-0.8	-0.148	-0.5635	0.0311375	NAN	
6.01	-0.805	-0.1485	-0.565	0.025495	NAN	
6.02	-0.815	-0.1515	-0.5755	0.0197925	NAN	
6.03	-0.82	-0.1535	-0.57	0.014065	NAN	
6.04	-0.83	-0.156	-0.583	0.0083	NAN	
6.05	-0.84	-0.1585	-0.579	0.00249	NAN	
6.06	-0.845	-0.16	-0.5895	-0.0033525	NAN	
6.07	-0.855	-0.1635	-0.5905	-0.0092525	NAN	
6.08	-0.86	-0.165	-0.5995	-0.0152025	NAN	
6.09	-0.87	-0.168	-0.6	-0.0212	NAN	
6.1	-0.88	-0.17	-0.607	-0.027235	NAN	
6.11	-0.885	-0.1715	-0.606	-0.0333	NAN	
6.12	-0.895	-0.1745	-0.6215	-0.0394375	NAN	
6.13	-0.9	-0.177	-0.6155	-0.0456225	NAN	
6.14	-0.91	-0.18	-0.63	-0.05185	NAN	
6.15	-0.92	-0.1825	-0.623	-0.058115	NAN	
6.16	-0.925	-0.1855	-0.636	-0.06441	NAN	
6.17	-0.935	-0.1885	-0.6325	-0.0707525	NAN	
6.18	-0.94	-0.1915	-0.6395	-0.0771125	NAN	
6.19	-0.95	-0.1945	-0.637	-0.083495	NAN	
6.2	-0.96	-0.1975	-0.644	-0.0899	NAN	
6.21	-0.965	-0.2005	-0.6385	-0.0963125	NAN	
6.22	-0.975	-0.204	-0.6485	-0.1027475	NAN	
6.23	-0.98	-0.207	-0.6415	-0.1091975	NAN	
6.24	-0.99	-0.2105	-0.653	-0.11567	NAN	
6.25	-1	-0.214	-0.644	-0.122155	NAN	
6.26	-1.005	-0.2175	-0.655	-0.12865	NAN	
6.27	-1.015	-0.222	-0.655	-0.1352	NAN	
6.28	-1.02	-0.2255	-0.6605	-0.1417775	NAN	
6.29	-1.03	-0.23	-0.6565	-0.1483625	NAN	
6.3	-1.04	-0.2335	-0.6615	-0.1549525	NAN	
6.31	-1.045	-0.2375	-0.66	-0.16156	NAN	
6.32	-1.055	-0.2425	-0.669	-0.168205	NAN	
6.33	-1.06	-0.247	-0.659	-0.174845	NAN	
6.34	-1.07	-0.2515	-0.6675	-0.1814775	NAN	
6.35	-1.08	-0.257	-0.6585	-0.1881075	NAN	
6.36	-1.085	-0.2615	-0.664	-0.19472	NAN	
6.37	-1.095	-0.2675	-0.6565	-0.2013225	NAN	
6.38	-1.1	-0.273	-0.6585	-0.2078975	NAN	
6.39	-1.11	-0.2785	-0.653	-0.214455	NAN	
6.4	-1.12	-0.2845	-0.654	-0.22099	NAN	
6.41	-1.125	-0.291	-0.6455	-0.2274875	NAN	
6.42	-1.135	-0.2965	-0.652	-0.233975	NAN	
6.43	-1.14	-0.3035	-0.642	-0.240445	NAN	
6.44	-1.15	-0.31	-0.6465	-0.2468875	NAN	
6.45	-1.16	-0.3175	-0.6335	-0.2532875	NAN	
6.46	-1.165	-0.3245	-0.639	-0.25965	NAN	
6.47	-1.175	-0.3315	-0.631	-0.266	NAN	
6.48	-1.18	-0.3395	-0.6295	-0.2723025	NAN	
6.49	-1.19	-0.348	-0.6205	-0.2785525	NAN	
6.5	-1.2	-0.3555	-0.619	-0.28475	NAN	
6.51	-1.205	-0.3635	-0.609	-0.29089	NAN	
6.52	-1.215	-0.372	-0.6095	-0.2969825	NAN	
6.53	-1.22	-0.3815	-0.593	-0.302995	NAN	
6.54	-1.23	-0.39	-0.5955	-0.3089375	NAN	
6.55	-1.24	-0.3985	-0.5785	-0.3148075	NAN	
6.56	-1.245	-0.4085	-0.5775	-0.3205875	NAN	
6.57	-1.255	-0.4175	-0.564	-0.326295	NAN	
6.58	-1.26	-0.4275	-0.559	-0.33191	NAN	
6.59	-1.27	-0.4375	-0.547	-0.33744	NAN	
6.6	-1.28	-0.448	-0.5405	-0.3428775	NAN	
6.61	-1.285	-0.459	-0.525	-0.348205	NAN	
6.62	-1.295	-0.469	-0.526	-0.35346	NAN	
6.63	-1.3	-0.4805	-0.5085	-0.3586325	NAN	
6.64	-1.31	-0.4915	-0.5045	-0.3636975	NAN	
6.65	-1.32	-0.503	-0.4865	-0.3686525	NAN	
6.66	-1.325	-0.514	-0.485	-0.37351	NAN	
6.67	-1.335	-0.5265	-0.469	-0.37828	NAN	
6.68	-1.34	-0.5375	-0.461	-0.38293	NAN	
6.69	-1.35	-0.55	-0.446	-0.387465	NAN	
6.7	-1.36	-0.562	-0.4395	-0.3918925	NAN	
6.71	-1.365	-0.5745	-0.4225	-0.3962025	NAN	
6.72	-1.375	-0.5865	-0.4185	-0.4004075	NAN	
6.73	-1.38	-0.599	-0.3975	-0.4044875	NAN	
6.74	-1.39	-0.6115	-0.3935	-0.4084425	NAN	
6.75	-1.4	-0.624	-0.372	-0.41227	NAN	
6.76	-1.405	-0.6365	-0.3665	-0.4159625	NAN	
6.77	-1.415	-0.6495	-0.3495	-0.4195425	NAN	
6.78	-1.42	-0.663	-0.3415	-0.4229975	NAN	
6.79	-1.43	-0.6755	-0.324	-0.426325	NAN	
6.8	-1.44	-0.689	-0.312	-0.429505	NAN	
6.81	-1.445	-0.7015	-0.2965	-0.4325475	NAN	
6.82	-1.455	-0.7145	-0.293	-0.435495	NAN	
6.83	-1.46	-0.727	-0.2705	-0.4383125	NAN	
6.84	-1.47	-0.74	-0.2655	-0.4409925	NAN	
6.85	-1.48	-0.7525	-0.246	-0.44355	NAN	
6.86	-1.485	-0.7655	-0.2425	-0.4459925	NAN	
6.87	-1.495	-0.7775	-0.225	-0.44833	NAN	
6.88	-1.5	-0.7895	-0.218	-0.450545	NAN	
6.89	-1.51	-0.801	-0.2045	-0.4526575	NAN	
6.9	-1.52	-0.8125	-0.1965	-0.4546625	NAN	
6.91	-1.525	-0.824	-0.182	-0.456555	NAN	
6.92	-1.535	-0.835	-0.1805	-0.4583675	NAN	
6.93	-1.54	-0.8455	-0.1645	-0.4600925	NAN	
6.94	-1.55	-0.8565	-0.163	-0.46173	NAN	
6.95	-1.56	-0.866	-0.146	-0.463275	NAN	
6.96	-1.565	-0.876	-0.147	-0.46474	NAN	
6.97	-1.575	-0.8855	-0.137	-0.46616	NAN	
6.98	-1.58	-0.895	-0.133	-0.46751	NAN	
6.99	-1.59	-0.904	-0.1225	-0.4687875	NAN	
7	-1.6	-0.913	-0.121	-0.470005	NAN	
7.01	-1.605	-0.9215	-0.11	-0.47116	NAN	
7.02	-1.615	-0.9295	-0.113	-0.472275	NAN	
7.03	-1.62	-0.9375	-0.099	-0.473335	NAN	
7.04	-1.63	-0.9455	-0.104	-0.47435	NAN	
7.05	-1.64	-0.953	-0.092	-0.47533	NAN	
7.06	-1.645	-0.9605	-0.096	-0.47627	NAN	
7.07	-1.655	-0.968	-0.0875	-0.4771875	NAN	
7.08	-1.66	-0.975	-0.089	-0.47807	NAN	
7.09	-1.67	-0.9815	-0.0815	-0.4789225	NAN	
7.1	-1.68	-0.9885	-0.083	-0.479745	NAN	
7.11	-1.685	-0.9955	-0.0755	-0.4805375	NAN	
7.12	-1.695	-1.002	-0.0805	-0.4813175	NAN	
7.13	-1.7	-1.008	-0.0705	-0.4820725	NAN	
7.14	-1.71	-1.0145	-0.076	-0.482805	NAN	
7.15	-1.72	-1.0205	-0.0655	-0.4835125	NAN	
7.16	-1.725	-1.027	-0.0715	-0.4841975	NAN	
7.17	-1.735	-1.0275	-0.066	-0.484885	NAN	
7.18	-1.74	-1.0275	-0.068	-0.485555	NAN	
7.19	-1.75	-1.0275	-0.0615	-0.4862025	NAN	
7.2	-1.76	-1.0275	-0.0645	-0.4868325	NAN	
7.21	-1.765	-1.0275	-0.0595	-0.4874525	NAN	
7.22	-1.775	-1.0275	-0.066	-0.48808	NAN	
7.23	-1.78	-1.0275	-0.055	-0.488685	NAN	
7.24	-1.79	-1.0275	-0.062	-0.48927	NAN	
7.25	-1.8	-1.0275	-0.053	-0.489845	NAN	
7.26	-1.805	-1.0275	-0.059	-0.490405	NAN	
7.27	-1.815	-1.0275	-0.0535	-0.4909675	NAN	
7.28	-1.82	-1.0275	-0.057	-0.49152	NAN	
7.29	-1.83	-1.0275	-0.051	-0.49206	NAN	
7.3	-1.84	-1.0275	-0.053	-0.49258	NAN	
7.31	-1.845	-1.0275	-0.046	-0.493075	NAN	
7.32	-1.855	-1.0275	-0.011	-0.49336	NAN	
7.33	-1.86	-1.0275	0.008	-0.493375	NAN	
7.34	-1.87	-1.0275	-0.0075	-0.4933725	NAN	
7.35	-1.88	-1.0275	0.0105	-0.4933575	NAN	
7.36	-1.885	-1.0275	-0.007	-0.49334	NAN	
7.37	-1.895	-1.0275	0.0015	-0.4933675	NAN	
7.38	-1.9	-1.0275	-0.0105	-0.4934125	NAN	
7.39	-1.91	-1.0275	0.01	-0.493415	NAN	
7.4	-1.92	-1.0275	-0.0125	-0.4934275	NAN	
7.41	-1.925	-1.0275	0.003	-0.493475	NAN	
7.42	-1.935	-1.0275	0.0135	-0.4933925	NAN	
7.43	-1.94	-1.0275	0.004	-0.493305	NAN	
7.44	-1.95	-1.0275	-0.0005	-0.4932875	NAN	
7.45	-1.96	-1.0275	0.0105	-0.4932375	NAN	
7.46	-1.965	-1.0275	0.0035	-0.4931675	NAN	
7.47	-1.975	-1.0275	0.0125	-0.4930875	NAN	
7.48	-1.98	-1.0275	0.0035	-0.4930075	NAN	
7.49	-1.99	-1.0275	0.0025	-0.4929775	NAN	
7.5	-2	-1.0275	-0.0125	-0.4930275	NAN	
7.51	-1.995	-1.0275	0.0235	-0.4929725	NAN	
7.52	-1.985	-1.0275	-0.0185	-0.4929475	NAN	
7.53	-1.98	-1.0275	0.003	-0.493025	NAN	
7.54	-1.97	-1.0275	0.0095	-0.4929625	NAN	
7.55	-1.96	-1.0275	0.013	-0.49285	NAN	
7.56	-1.955	-1.0275	0.0015	-0.4927775	NAN	
7.57	-1.945	-1.0275	0.0245	-0.4926475	NAN	
7.58	-1.94	-1.0275	0.0045	-0.4925025	NAN	
7.59	-1.93	-1.0275	0.0085	-0.4924375	NAN	
7.6	-1.92	-1.0275	-0.002	-0.492405	NAN	
7.61	-1.915	-1.0275	-0.0065	-0.4924475	NAN	
7.62	-1.905	-1.0275	-0.002	-0.49249	NAN	
7.63	-1.9	-1.0275	0.009	-0.492455	NAN	
7.64	-1.89	-1.0275	-0.0075	-0.4924475	NAN	
7.65	-1.88	-1.0275	0.0155	-0.4924075	NAN	
7.66	-1.875	-1.0275	-0.003	-0.492345	NAN	
7.67	-1.865	-1.0275	0.008	-0.49232	NAN	
7.68	-1.86	-1.0275	-0.009	-0.492325	NAN	
7.69	-1.85	-1.0275	0.01	-0.49232	NAN	
7.7	-1.84	-1.0275	-0.0085	-0.4923125	NAN	
7.71	-1.835	-1.0275	0.008	-0.492315	NAN	
7.72	-1.825	-1.0275	-0.0025	-0.4922875	NAN	
7.73	-1.82	-1.0275	0.009	-0.492255	NAN	
7.74	-1.81	-1.0275	0.0005	-0.4922075	NAN	
7.75	-1.8	-1.0275	0.0125	-0.4921425	NAN	
7.76	-1.795	-1.0275	-0.0015	-0.4920875	NAN	
7.77	-1.785	-1.0275	0.0075	-0.4920575	NAN	
7.78	-1.78	-1.0275	0.005	-0.491995	NAN	
7.79	-1.77	-1.0275	0.012	-0.49191	NAN	
7.8	-1.76	-1.0275	0.0075	-0.4918125	NAN	
7.81	-1.755	-1.0275	0.015	-0.4917	NAN	
7.82	-1.745	-1.0275	0.012	-0.491565	NAN	
7.83	-1.74	-1.0275	0.013	-0.49144	NAN	
7.84	-1.73	-1.0275	0.01	-0.491325	NAN	
7.85	-1.72	-1.0275	0.0125	-0.4912125	NAN	
7.86	-1.715	-1.0275	0.0105	-0.4910975	NAN	
7.87	-1.705	-1.0275	0.015	-0.49097	NAN	
7.88	-1.7	-1.0275	0.009	-0.49085	NAN	
7.89	-1.69	-1.0275	0.0155	-0.4907275	NAN	
7.9	-1.68	-1.0275	0.0105	-0.4905975	NAN	
7.91	-1.675	-1.0275	0.0165	-0.4904625	NAN	
7.92	-1.665	-1.0275	0.015	-0.490305	NAN	
7.93	-1.66	-1.0275	0.019	-0.490135	NAN	
7.94	-1.65	-1.0275	0.018	-0.48995	NAN	
7.95	-1.64	-1.0275	0.02	-0.48976	NAN	
7.96	-1.635	-1.0275	0.017	-0.489575	NAN	
7.97	-1.625	-1.0275	0.023	-0.489375	NAN	
7.98	-1.62	-1.0225	0.017	-0.489175	NAN	
7.99	-1.61	-1.0175	0.0215	-0.4889825	NAN	
8	-1.6	-1.013	0.0145	-0.4888025	NAN	
8.01	-1.595	-1.008	0.0205	-0.4886275	NAN	
8.02	-1.585	-1.0035	0.0155	-0.4884475	NAN	
8.03	-1.58	-0.9985	0.017	-0.488285	NAN	
8.04	-1.57	-0.9935	0.014	-0.48813	NAN	
8.05	-1.56	-0.989	0.017	-0.487975	NAN	
8.06	-1.555	-0.984	0.0155	-0.4878125	NAN	
8.07	-1.545	-0.979	0.021	-0.48763	NAN	
8.08	-1.54	-0.9745	0.017	-0.48744	NAN	
8.09	-1.53	-0.969	0.022	-0.487245	NAN	
8.1	-1.52	-0.965	0.0175	-0.4870475	NAN	
8.11	-1.515	-0.9595	0.0225	-0.4868475	NAN	
8.12	-1.505	-0.9545	0.0215	-0.4866275	NAN	
8.13	-1.5	-0.9495	0.0245	-0.4863975	NAN	
8.14	-1.49	-0.9445	0.023	-0.48616	NAN	
8.15	-1.48	-0.94	0.023	-0.48593	NAN	
8.16	-1.475	-0.9345	0.02	-0.485715	NAN	
8.17	-1.465	-0.9295	0.0265	-0.4854825	NAN	
8.18	-1.46	-0.9255	0.019	-0.485255	NAN	
8.19	-1.45	-0.92	0.0245	-0.4850375	NAN	
8.2	-1.44	-0.9155	0.0165	-0.4848325	NAN	
8.21	-1.435	-0.9105	0.0225	-0.4846375	NAN	
8.22	-1.425	-0.9055	0.019	-0.48443	NAN	
8.23	-1.42	-0.9005	0.02	-0.484235	NAN	
8.24	-1.41	-0.8955	0.017	-0.48405	NAN	
8.25	-1.4	-0.8905	0.0215	-0.4838575	NAN	
8.26	-1.395	-0.886	0.02	-0.48365	NAN	
8.27	-1.385	-0.881	0.027	-0.483415	NAN	
8.28	-1.38	-0.876	0.019	-0.483185	NAN	
8.29	-1.37	-0.871	0.0285	-0.4829475	NAN	
8.3	-1.36	-0.866	0.022	-0.482695	NAN	
8.31	-1.355	-0.861	0.028	-0.482445	NAN	
8.32	-1.345	-0.856	0.026	-0.482175	NAN	
8.33	-1.34	-0.8515	0.029	-0.4819	NAN	
8.34	-1.33	-0.8465	0.025	-0.48163	NAN	
8.35	-1.32	-0.8415	0.027	-0.48137	NAN	
8.36	-1.315	-0.837	0.023	-0.48112	NAN	
8.37	-1.305	-0.832	0.03	-0.480855	NAN	
8.38	-1.3	-0.827	0.022	-0.480595	NAN	
8.39	-1.29	-0.822	0.0275	-0.4803475	NAN	
8.4	-1.28	-0.8175	0.022	-0.4801	NAN	
8.41	-1.275	-0.8125	0.0255	-0.4798625	NAN	
8.42	-1.265	-0.8085	0.0225	-0.4796225	NAN	
8.43	-1.26	-0.8035	0.024	-0.47939	NAN	
8.44	-1.25	-0.7985	0.021	-0.479165	NAN	
8.45	-1.24	-0.794	0.026	-0.47893	NAN	
8.46	-1.235	-0.7895	0.0235	-0.4786825	NAN	
8.47	-1.225	-0.7845	0.0295	-0.4784175	NAN	
8.48	-1.22	-0.78	0.023	-0.478155	NAN	
8.49	-1.21	-0.775	0.0325	-0.4778775	NAN	
8.5	-1.2	-0.7705	0.026	-0.477585	NAN	
8.51	-1.195	-0.7655	0.0325	-0.4772925	NAN	
8.52	-1.185	-0.7605	0.0295	-0.4769825	NAN	
8.53	-1.18	-0.756	0.033	-0.47667	NAN	
8.54	-1.17	-0.7515	0.03	-0.476355	NAN	
8.55	-1.16	-0.7465	0.031	-0.47605	NAN	
8.56	-1.155	-0.742	0.0275	-0.4757575	NAN	
8.57	-1.145	-0.737	0.034	-0.47545	NAN	
8.58	-1.14	-0.7325	0.0265	-0.4751475	NAN	
8.59	-1.13	-0.7275	0.0315	-0.4748575	NAN	
8.6	-1.12	-0.723	0.0235	-0.4745825	NAN	
8.61	-1.115	-0.7185	0.0315	-0.4743075	NAN	
8.62	-1.105	-0.713	0.0275	-0.4740125	NAN	
8.63	-1.1	-0.7085	0.029	-0.47373	NAN	
8.64	-1.09	-0.7045	0.027	-0.47345	NAN	
8.65	-1.08	-0.6995	0.031	-0.47316	NAN	
8.66	-1.075	-0.6945	0.028	-0.472865	NAN	
8.67	-1.065	-0.69	0.035	-0.47255	NAN	
8.68	-1.06	-0.685	0.029	-0.47223	NAN	
8.69	-1.05	-0.6805	0.0375	-0.4718975	NAN	
8.7	-1.04	-0.676	0.031	-0.471555	NAN	
8.71	-1.035	-0.671	0.038	-0.47121	NAN	
8.72	-1.025	-0.6665	0.036	-0.47084	NAN	
8.73	-1.02	-0.6615	0.0385	-0.4704675	NAN	
8.74	-1.01	-0.657	0.0355	-0.4700975	NAN	
8.75	-1	-0.6525	0.036	-0.46974	NAN	
8.76	-0.995	-0.647	0.033	-0.469395	NAN	
8.77	-0.985	-0.6425	0.0395	-0.4690325	NAN	
8.78	-0.98	-0.638	0.032	-0.468675	NAN	
8.79	-0.97	-0.633	0.0375	-0.4683275	NAN	
8.8	-0.96	-0.6285	0.0305	-0.4679875	NAN	
8.81	-0.955	-0.624	0.036	-0.467655	NAN	
8.82	-0.945	-0.6195	0.034	-0.467305	NAN	
8.83	-0.94	-0.615	0.0355	-0.4669575	NAN	
8.84	-0.93	-0.6105	0.0345	-0.4666075	NAN	
8.85	-0.92	-0.6055	0.039	-0.46624	NAN	
8.86	-0.915	-0.601	0.0375	-0.4658575	NAN	
8.87	-0.905	-0.5965	0.044	-0.46545	NAN	
8.88	-0.9	-0.5915	0.0375	-0.4650425	NAN	
8.89	-0.89	-0.587	0.0465	-0.4646225	NAN	
8.9	-0.88	-0.582	0.0395	-0.4641925	NAN	
8.91	-0.875	-0.5775	0.0465	-0.4637625	NAN	
8.92	-0.865	-0.573	0.0435	-0.4633125	NAN	
8.93	-0.86	-0.568	0.0465	-0.4628625	NAN	
8.94	-0.85	-0.5635	0.044	-0.46241	NAN	
8.95	-0.84	-0.5585	0.045	-0.461965	NAN	
8.96	-0.835	-0.554	0.0405	-0.4615375	NAN	
8.97	-0.825	-0.5495	0.048	-0.461095	NAN	
8.98	-0.82	-0.5445	0.0405	-0.4606525	NAN	
8.99	-0.81	-0.54	0.0465	-0.4602175	NAN	
9	-0.8	-0.535	0.038	-0.459795	NAN	
9.01	-0.795	-0.5305	0.0465	-0.4593725	NAN	
9.02	-0.785	-0.526	0.0435	-0.4589225	NAN	
9.03	-0.78	-0.5215	0.046	-0.458475	NAN	
9.04	-0.77	-0.5165	0.0435	-0.4580275	NAN	
9.05	-0.76	-0.512	0.048	-0.45757	NAN	
9.06	-0.755	-0.5075	0.0455	-0.4571025	NAN	
9.07	-0.745	-0.5035	0.053	-0.45661	NAN	
9.08	-0.74	-0.498	0.0465	-0.4561125	NAN	
9.09	-0.73	-0.494	0.055	-0.455605	NAN	
9.1	-0.72	-0.489	0.049	-0.455085	NAN	
9.11	-0.715	-0.486	0.055	-0.454565	NAN	
9.12	-0.705	-0.48	0.0535	-0.4540225	NAN	
9.13	-0.7	-0.475	0.058	-0.453465	NAN	
9.14	-0.69	-0.471	0.055	-0.4529	NAN	
9.15	-0.68	-0.4665	0.0555	-0.4523475	NAN	
9.16	-0.675	-0.4615	0.0545	-0.4517975	NAN	
9.17	-0.665	-0.4565	0.0615	-0.4512175	NAN	
9.18	-0.66	-0.4525	0.053	-0.450645	NAN	
9.19	-0.65	-0.448	0.059	-0.450085	NAN	
9.2	-0.64	-0.4435	0.053	-0.449525	NAN	
9.21	-0.635	-0.439	0.058	-0.44897	NAN	
9.22	-0.625	-0.4345	0.055	-0.448405	NAN	
9.23	-0.62	-0.4295	0.0565	-0.4478475	NAN	
9.24	-0.61	-0.4255	0.0555	-0.4472875	NAN	
9.25	-0.6	-0.421	0.0585	-0.4467175	NAN	
9.26	-0.595	-0.4165	0.055	-0.44615	NAN	
9.27	-0.585	-0.412	0.063	-0.44556	NAN	
9.28	-0.58	-0.4075	0.058	-0.444955	NAN	
9.29	-0.57	-0.4035	0.0655	-0.4443375	NAN	
9.3	-0.56	-0.3985	0.059	-0.443715	NAN	
9.31	-0.555	-0.394	0.066	-0.44309	NAN	
9.32	-0.545	-0.39	0.066	-0.44243	NAN	
9.33	-0.54	-0.3855	0.07	-0.44175	NAN	
9.34	-0.53	-0.381	0.0685	-0.4410575	NAN	
9.35	-0.52	-0.376	0.0705	-0.4403625	NAN	
9.36	-0.515	-0.372	0.07	-0.43966	NAN	
9.37	-0.505	-0.368	0.0775	-0.4389225	NAN	
9.38	-0.5	-0.363	0.0705	-0.4381825	NAN	
9.39	-0.49	-0.3595	0.077	-0.437445	NAN	
9.4	-0.48	-0.3545	0.0705	-0.4367075	NAN	
9.41	-0.475	-0.3505	0.078	-0.435965	NAN	
9.42	-0.465	-0.346	0.0745	-0.4352025	NAN	
9.43	-0.46	-0.3415	0.0765	-0.4344475	NAN	
9.44	-0.45	-0.3375	0.0755	-0.4336875	NAN	
9.45	-0.44	-0.3325	0.078	-0.43292	NAN	
9.46	-0.435	-0.3285	0.075	-0.432155	NAN	
9.47	-0.425	-0.324	0.082	-0.43137	NAN	
9.48	-0.42	-0.3195	0.0755	-0.4305825	NAN	
9.49	-0.41	-0.3155	0.0845	-0.4297825	NAN	
9.5	-0.4	-0.311	0.0775	-0.4289725	NAN	
9.51	-0.395	-0.307	0.0845	-0.4281625	NAN	
9.52	-0.385	-0.3025	0.085	-0.427315	NAN	
9.53	-0.38	-0.2985	0.088	-0.42645	NAN	
9.54	-0.37	-0.2945	0.0875	-0.4255725	NAN	
9.55	-0.36	-0.29	0.0895	-0.4246875	NAN	
9.56	-0.355	-0.2855	0.0905	-0.4237875	NAN	
9.57	-0.345	-0.2815	0.098	-0.422845	NAN	
9.58	-0.34	-0.2775	0.092	-0.421895	NAN	
9.59	-0.33	-0.273	0.0995	-0.4209375	NAN	
9.6	-0.32	-0.2695	0.0955	-0.4199625	NAN	
9.61	-0.315	-0.265	0.1015	-0.4189775	NAN	
9.62	-0.305	-0.2605	0.1	-0.41797	NAN	
9.63	-0.3	-0.257	0.103	-0.416955	NAN	
9.64	-0.29	-0.253	0.104	-0.41592	NAN	
9.65	-0.28	-0.2485	0.106	-0.41487	NAN	
9.66	-0.275	-0.2445	0.105	-0.413815	NAN	
9.67	-0.265	-0.2405	0.1125	-0.4127275	NAN	
9.68	-0.26	-0.2365	0.1075	-0.4116275	NAN	
9.69	-0.25	-0.232	0.1145	-0.4105175	NAN	
9.7	-0.24	-0.2285	0.1075	-0.4094075	NAN	
9.71	-0.235	-0.2245	0.116	-0.40829	NAN	
9.72	-0.225	-0.22	0.116	-0.40713	NAN	
9.73	-0.22	-0.216	0.1185	-0.4059575	NAN	
9.74	-0.21	-0.212	0.116	-0.404785	NAN	
9.75	-0.2	-0.209	0.1185	-0.4036125	NAN	
9.76	-0.195	-0.204	0.12	-0.40242	NAN	
9.77	-0.185	-0.201	0.1265	-0.4011875	NAN	
9.78	-0.18	-0.1965	0.12	-0.399955	NAN	
9.79	-0.17	-0.193	0.1275	-0.3987175	NAN	
9.8	-0.16	-0.189	0.125	-0.397455	NAN	
9.81	-0.155	-0.185	0.13	-0.39618	NAN	
9.82	-0.145	-0.181	0.1295	-0.3948825	NAN	
9.83	-0.14	-0.1775	0.132	-0.393575	NAN	
9.84	-0.13	-0.1735	0.134	-0.392245	NAN	
9.85	-0.12	-0.17	0.1355	-0.3908975	NAN	
9.86	-0.115	-0.1665	0.1355	-0.3895425	NAN	
9.87	-0.105	-0.1625	0.144	-0.388145	NAN	
9.88	-0.1	-0.158	0.1405	-0.3867225	NAN	
9.89	-0.09	-0.154	0.146	-0.38529	NAN	
9.9	-0.08	-0.1505	0.1435	-0.3838425	NAN	
9.91	-0.075	-0.1465	0.1505	-0.3823725	NAN	
9.92	-0.065	-0.143	0.1525	-0.3808575	NAN	
9.93	-0.06	-0.1395	0.153	-0.37933	NAN	
9.94	-0.05	-0.1355	0.1565	-0.3777825	NAN	
9.95	-0.04	-0.132	0.1585	-0.3762075	NAN	
9.96	-0.035	-0.1285	0.161	-0.37461	NAN	
9.97	-0.025	-0.1245	0.166	-0.372975	NAN	
9.98	-0.02	-0.121	0.1635	-0.3713275	NAN	
9.99	-0.01	-0.1175	0.1715	-0.3696525	NAN	
10	0	-0.114	0.1695	-0.3679475	NAN	
10.01	0.005	-0.1105	0.173	-0.366235	NAN	
10.02	0.015	-0.1065	0.1755	-0.3644925	NAN	
10.03	0.02	-0.1035	0.1785	-0.3627225	NAN	
10.04	0.03	-0.0995	0.1805	-0.3609275	NAN	
10.05	0.04	-0.096	0.182	-0.359115	NAN	
10.06	0.045	-0.093	0.1835	-0.3572875	NAN	
10.07	0.055	-0.089	0.192	-0.35541	NAN	
10.08	0.06	-0.0855	0.1895	-0.3535025	NAN	
10.09	0.07	-0.082	0.1945	-0.3515825	NAN	
10.1	0.08	-0.078	0.192	-0.34965	NAN	
10.11	0.085	-0.075	0.2005	-0.3476875	NAN	
10.12	0.095	-0.0715	0.203	-0.34567	NAN	
10.13	0.1	-0.0685	0.2035	-0.3436375	NAN	
10.14	0.11	-0.065	0.206	-0.34159	NAN	
10.15	0.12	-0.0615	0.2085	-0.3395175	NAN	
10.16	0.125	-0.0585	0.211	-0.33742	NAN	
10.17	0.135	-0.0555	0.2175	-0.3352775	NAN	
10.18	0.14	-0.051	0.215	-0.333115	NAN	
10.19	0.15	-0.0485	0.2235	-0.3309225	NAN	
10.2	0.16	-0.045	0.221	-0.3287	NAN	
10.21	0.165	-0.042	0.227	-0.32646	NAN	
10.22	0.175	-0.038	0.2295	-0.3241775	NAN	
10.23	0.18	-0.035	0.232	-0.32187	NAN	
10.24	0.19	-0.0325	0.236	-0.31953	NAN	
10.25	0.2	-0.029	0.235	-0.317175	NAN	
10.26	0.205	-0.0255	0.2395	-0.3148025	NAN	
10.27	0.215	-0.0225	0.2465	-0.3123725	NAN	
10.28	0.22	-0.019	0.2465	-0.3099075	NAN	
10.29	0.23	-0.016	0.2505	-0.3074225	NAN	
10.3	0.24	-0.013	0.25	-0.30492	NAN	
10.31	0.245	-0.01	0.2565	-0.3023875	NAN	
10.32	0.255	-0.006	0.26	-0.299805	NAN	
10.33	0.26	-0.0035	0.2605	-0.2972025	NAN	
10.34	0.27	0	0.265	-0.294575	NAN	
10.35	0.28	0.0025	0.2675	-0.2919125	NAN	
10.36	0.285	0.006	0.2715	-0.2892175	NAN	
10.37	0.295	0.009	0.278	-0.28647	NAN	
10.38	0.3	0.012	0.277	-0.283695	NAN	
10.39	0.31	0.015	0.2845	-0.2808875	NAN	
10.4	0.32	0.018	0.2825	-0.2780525	NAN	
10.41	0.325	0.021	0.287	-0.275205	NAN	
10.42	0.335	0.0235	0.291	-0.272315	NAN	
10.43	0.34	0.0265	0.2935	-0.2693925	NAN	
10.44	0.35	0.029	0.297	-0.26644	NAN	
10.45	0.36	0.0325	0.298	-0.263465	NAN	
10.46	0.365	0.035	0.3035	-0.2604575	NAN	
10.47	0.375	0.0385	0.311	-0.257385	NAN	
10.48	0.38	0.0405	0.309	-0.254285	NAN	
10.49	0.39	0.0435	0.3145	-0.2511675	NAN	
10.5	0.4	0.0465	0.315	-0.24802	NAN	
10.51	0.405	0.0505	0.3215	-0.2448375	NAN	
10.52	0.415	0.052	0.3245	-0.2416075	NAN	
10.53	0.42	0.0545	0.3265	-0.2383525	NAN	
10.54	0.43	0.057	0.3325	-0.2350575	NAN	
10.55	0.44	0.0595	0.3345	-0.2317225	NAN	
10.56	0.445	0.062	0.3385	-0.2283575	NAN	
10.57	0.455	0.0645	0.344	-0.224945	NAN	
10.58	0.46	0.067	0.345	-0.2215	NAN	
10.59	0.47	0.0695	0.352	-0.218015	NAN	
10.6	0.48	0.072	0.3515	-0.2144975	NAN	
10.61	0.485	0.074	0.3575	-0.2109525	NAN	
10.62	0.495	0.0765	0.3635	-0.2073475	NAN	
10.63	0.5	0.0785	0.368	-0.20369	NAN	
10.64	0.51	0.081	0.372	-0.19999	NAN	
10.65	0.52	0.0825	0.3735	-0.1962625	NAN	
10.66	0.525	0.085	0.381	-0.19249	NAN	
10.67	0.535	0.087	0.391	-0.18863	NAN	
10.68	0.54	0.089	0.3895	-0.1847275	NAN	
10.69	0.55	0.091	0.3985	-0.1807875	NAN	
10.7	0.56	0.093	0.401	-0.17679	NAN	
10.71	0.565	0.0945	0.41	-0.172735	NAN	
10.72	0.575	0.0965	0.415	-0.16861	NAN	
10.73	0.58	0.0985	0.4185	-0.1644425	NAN	
10.74	0.59	0.1	0.425	-0.160225	NAN	
10.75	0.6	0.102	0.431	-0.155945	NAN	
10.76	0.605	0.1035	0.435	-0.151615	NAN	
10.77	0.615	0.1055	0.4435	-0.1472225	NAN	
10.78	0.62	0.107	0.445	-0.14278	NAN	
10.79	0.63	0.1085	0.453	-0.13829	NAN	
10.8	0.64	0.1105	0.451	-0.13377	NAN	
10.81	0.645	0.1115	0.4585	-0.1292225	NAN	
10.82	0.655	0.1135	0.4635	-0.1246125	NAN	
10.83	0.66	0.115	0.468	-0.119955	NAN	
10.84	0.67	0.117	0.472	-0.115255	NAN	
10.85	0.68	0.1185	0.478	-0.110505	NAN	
10.86	0.685	0.12	0.4845	-0.1056925	NAN	
10.87	0.695	0.1215	0.4945	-0.1007975	NAN	
10.88	0.7	0.1235	0.4945	-0.0958525	NAN	
10.89	0.71	0.125	0.5065	-0.0908475	NAN	
10.9	0.72	0.1265	0.5075	-0.0857775	NAN	
10.91	0.725	0.1285	0.518	-0.08065	NAN	
10.92	0.735	0.1305	0.522	-0.07545	NAN	
10.93	0.74	0.132	0.527	-0.070205	NAN	
10.94	0.75	0.1335	0.5325	-0.0649075	NAN	
10.95	0.76	0.1355	0.5355	-0.0595675	NAN	
10.96	0.765	0.137	0.5385	-0.0541975	NAN	
10.97	0.775	0.139	0.548	-0.048765	NAN	
10.98	0.78	0.141	0.548	-0.043285	NAN	
10.99	0.79	0.1425	0.556	-0.037765	NAN	
11	0.8	0.1445	0.554	-0.032215	NAN	
11.01	0.805	0.1465	0.5655	-0.0266175	NAN	
11.02	0.815	0.148	0.571	-0.020935	NAN	
11.03	0.82	0.1505	0.575	-0.015205	NAN	
11.04	0.83	0.1525	0.581	-0.009425	NAN	
11.05	0.84	0.1545	0.5865	-0.0035875	NAN	
11.06	0.845	0.1565	0.5925	0.0023075	NAN	
11.07	0.855	0.159	0.6	0.00827	NAN	
11.08	0.86	0.161	0.5985	0.0142625	NAN	
11.09	0.87	0.163	0.6085	0.0202975	NAN	
11.1	0.88	0.1655	0.605	0.026365	NAN	
11.11	0.885	0.168	0.6135	0.0324575	NAN	
11.12	0.895	0.1705	0.614	0.038595	NAN	
11.13	0.9	0.1725	0.6195	0.0447625	NAN	
11.14	0.91	0.175	0.6235	0.0509775	NAN	
11.15	0.92	0.178	0.6265	0.0572275	NAN	
11.16	0.925	0.1805	0.631	0.063515	NAN	
11.17	0.935	0.183	0.6415	0.0698775	NAN	
11.18	0.94	0.186	0.6405	0.0762875	NAN	
11.19	0.95	0.189	0.647	0.082725	NAN	
11.2	0.96	0.1915	0.6445	0.0891825	NAN	
11.21	0.965	0.1945	0.651	0.09566	NAN	
11.22	0.975	0.198	0.651	0.10217	NAN	
11.23	0.98	0.2015	0.6515	0.1086825	NAN	
11.24	0.99	0.205	0.653	0.115205	NAN	
11.25	1	0.2075	0.6555	0.1217475	NAN	
11.26	1.005	0.2115	0.658	0.128315	NAN	
11.27	1.015	0.215	0.664	0.134925	NAN	
11.28	1.02	0.2185	0.6625	0.1415575	NAN	
11.29	1.03	0.2225	0.671	0.148225	NAN	
11.3	1.04	0.2265	0.6655	0.1549075	NAN	
11.31	1.045	0.2305	0.672	0.161595	NAN	
11.32	1.055	0.235	0.6715	0.1683125	NAN	
11.33	1.06	0.2395	0.671	0.175025	NAN	
11.34	1.07	0.2435	0.668	0.18172	NAN	
11.35	1.08	0.2485	0.668	0.1884	NAN	
11.36	1.085	0.2535	0.667	0.195075	NAN	
11.37	1.095	0.2585	0.673	0.201775	NAN	
11.38	1.1	0.264	0.665	0.208465	NAN	
11.39	1.11	0.269	0.6705	0.2151425	NAN	
11.4	1.12	0.275	0.665	0.22182	NAN	
11.41	1.125	0.281	0.6685	0.2284875	NAN	
11.42	1.135	0.287	0.6625	0.2351425	NAN	
11.43	1.14	0.2935	0.659	0.24175	NAN	
11.44	1.15	0.3	0.6545	0.2483175	NAN	
11.45	1.16	0.307	0.6495	0.2548375	NAN	
11.46	1.165	0.314	0.6435	0.2613025	NAN	
11.47	1.175	0.321	0.6465	0.2677525	NAN	
11.48	1.18	0.3285	0.636	0.274165	NAN	
11.49	1.19	0.336	0.6385	0.2805375	NAN	
11.5	1.2	0.344	0.6275	0.2868675	NAN	
11.51	1.205	0.352	0.6305	0.2931575	NAN	
11.52	1.215	0.3605	0.6225	0.2994225	NAN	
11.53	1.22	0.3685	0.615	0.30561	NAN	
11.54	1.23	0.3775	0.606	0.311715	NAN	
11.55	1.24	0.3875	0.599	0.31774	NAN	
11.56	1.245	0.3955	0.59	0.323685	NAN	
11.57	1.255	0.4055	0.5855	0.3295625	NAN	
11.58	1.26	0.415	0.571	0.335345	NAN	
11.59	1.27	0.4255	0.57	0.34105	NAN	
11.6	1.28	0.435	0.5545	0.3466725	NAN	
11.61	1.285	0.4455	0.549	0.35219	NAN	
11.62	1.295	0.456	0.539	0.35763	NAN	
11.63	1.3	0.467	0.532	0.362985	NAN	
11.64	1.31	0.4785	0.5205	0.3682475	NAN	
11.65	1.32	0.49	0.509	0.373395	NAN	
11.66	1.325	0.5015	0.4965	0.3784225	NAN	
11.67	1.335	0.5135	0.4925	0.3833675	NAN	
11.68	1.34	0.5255	0.471	0.388185	NAN	
11.69	1.35	0.5385	0.463	0.392855	NAN	
11.7	1.36	0.551	0.444	0.39739	NAN	
11.71	1.365	0.5635	0.4365	0.4017925	NAN	
11.72	1.375	0.577	0.42	0.406075	NAN	
11.73	1.38	0.5905	0.4055	0.4102025	NAN	
11.74	1.39	0.6035	0.39	0.41418	NAN	
11.75	1.4	0.6175	0.3785	0.4180225	NAN	
11.76	1.405	0.631	0.361	0.42172	NAN	
11.77	1.415	0.645	0.351	0.42528	NAN	
11.78	1.42	0.659	0.3325	0.4286975	NAN	
11.79	1.43	0.673	0.3245	0.4319825	NAN	
11.8	1.44	0.6865	0.3015	0.4351125	NAN	
11.81	1.445	0.7005	0.2935	0.4380875	NAN	
11.82	1.455	0.714	0.2785	0.4409475	NAN	
11.83	1.46	0.7275	0.2665	0.4436725	NAN	
11.84	1.47	0.741	0.2495	0.4462525	NAN	
11.85	1.48	0.7545	0.238	0.44869	NAN	
11.86	1.485	0.7675	0.225	0.451005	NAN	
11.87	1.495	0.7805	0.218	0.45322	NAN	
11.88	1.5	0.7925	0.1995	0.4553075	NAN	
11.89	1.51	0.8045	0.1935	0.4572725	NAN	
11.9	1.52	0.816	0.1765	0.4591225	NAN	
11.91	1.525	0.828	0.173	0.46087	NAN	
11.92	1.535	0.8385	0.161	0.46254	NAN	
11.93	1.54	0.8495	0.153	0.46411	NAN	
11.94	1.55	0.86	0.1425	0.4655875	NAN	
11.95	1.56	0.87	0.1365	0.4669825	NAN	
11.96	1.565	0.88	0.1255	0.4682925	NAN	
11.97	1.575	0.8895	0.1255	0.4695475	NAN	
11.98	1.58	0.8985	0.1125	0.4707375	NAN	
11.99	1.59	0.9075	0.1135	0.4718675	NAN	
12	1.6	0.916	0.099	0.47293	NAN	
12.01	1.605	0.924	0.0995	0.4739225	NAN	
12.02	1.615	0.932	0.093	0.474885	NAN	
12.03	1.62	0.9395	0.091	0.475805	NAN	
12.04	1.63	0.947	0.084	0.47668	NAN	
12.05	1.64	0.954	0.0825	0.4775125	NAN	
12.06	1.645	0.961	0.0785	0.4783175	NAN	
12.07	1.655	0.968	0.082	0.47912	NAN	
12.08	1.66	0.9745	0.0705	0.4798825	NAN	
12.09	1.67	0.981	0.0765	0.4806175	NAN	
12.1	1.68	0.9875	0.0675	0.4813375	NAN	
12.11	1.685	0.9935	0.074	0.482045	NAN	
12.12	1.695	0.9995	0.067	0.48275	NAN	
12.13	1.7	1.0055	0.068	0.483425	NAN	
12.14	1.71	1.0115	0.0635	0.4840825	NAN	
12.15	1.72	1.017	0.065	0.484725	NAN	
12.16	1.725	1.02	0.058	0.48534	NAN	
12.17	1.735	1.02	0.0635	0.4859475	NAN	
12.18	1.74	1.02	0.055	0.48654	NAN	
12.19	1.75	1.02	0.0595	0.4871125	NAN	
12.2	1.76	1.02	0.05	0.48766	NAN	
12.21	1.765	1.02	0.056	0.48819	NAN	
12.22	1.775	1.02	0.052	0.48873	NAN	
12.23	1.78	1.02	0.052	0.48925	NAN	
12.24	1.79	1.02	0.0465	0.4897425	NAN	
12.25	1.8	1.02	0.049	0.49022	NAN	
12.26	1.805	1.02	0.045	0.49069	NAN	
12.27	1.815	1.02	0.0505	0.4911675	NAN	
12.28	1.82	1.02	0.0415	0.4916275	NAN	
12.29	1.83	1.02	0.049	0.49208	NAN	
12.3	1.84	1.02	0.0425	0.4925375	NAN	
12.31	1.845	1.02	0.0475	0.4929875	NAN	
12.32	1.855	1.02	0.0445	0.4934475	NAN	
12.33	1.86	1.02	0.047	0.493905	NAN	
12.34	1.87	1.02	0.045	0.494365	NAN	
12.35	1.88	1.02	0.0465	0.4948225	NAN	
12.36	1.885	1.02	0.0435	0.4952725	NAN	
12.37	1.895	1.02	0.051	0.495745	NAN	
12.38	1.9	1.02	0.042	0.49621	NAN	
12.39	1.91	1.02	-0.0025	0.4964075	NAN	
12.4	1.92	1.02	0.0135	0.4964625	NAN	
12.41	1.925	1.02	-0.0005	0.4965275	NAN	
12.42	1.935	1.02	0.017	0.49661	NAN	
12.43	1.94	1.02	-0.005	0.49667	NAN	
12.44	1.95	1.02	0.014	0.496715	NAN	
12.45	1.96	1.02	-0.0005	0.4967825	NAN	
12.46	1.965	1.02	0.0115	0.4968375	NAN	
12.47	1.975	1.02	-0.0055	0.4968675	NAN	
12.48	1.98	1.02	0.0115	0.4968975	NAN	
12.49	1.99	1.02	-0.006	0.496925	NAN	
12.5	2	1.02	0.013	0.49696	NAN	
