MIN=0	-10	-1	-1	-2	0	
MAX=12.5	10	1	1	2	50	
SCALE=5	5	0.5	0.5	1	10	
DEC=2	2	3	3	2	2	
DEF="Time" t / s	"Voltage" U_1 / V	"Current" I_1 / A	"Voltage" U_B2 / V	"Magnetic Flux" &F / Vs	"Frequency" f / Hz	
0	0	-0.001	-0.0005	0	NAN	
0.01	0.005	-0.001	0.0045	2E-5	NAN	
0.02	0.015	-0.0005	0.014	0.0001125	NAN	
0.03	0.02	0.0005	0.0135	0.00025	NAN	
0.04	0.03	0.0015	0.027	0.0004525	NAN	
0.05	0.04	0.0015	0.0295	0.000735	NAN	
0.06	0.045	0.003	0.037	0.0010675	NAN	
0.07	0.055	0.004	0.0455	0.00148	NAN	
0.08	0.06	0.0055	0.0515	0.001965	NAN	
0.09	0.07	0.0065	0.0515	0.00248	NAN	
0.1	0.08	0.008	0.0625	0.00305	NAN	
0.11	0.085	0.0095	0.0635	0.00368	NAN	
0.12	0.095	0.011	0.0715	0.004355	NAN	
0.13	0.1	0.013	0.0765	0.005095	NAN	
0.14	0.11	0.015	0.0795	0.005875	NAN	
0.15	0.12	0.017	0.0785	0.006665	NAN	
0.16	0.125	0.019	0.091	0.0075125	NAN	
0.17	0.135	0.021	0.0895	0.008415	NAN	
0.18	0.14	0.0235	0.099	0.0093575	NAN	
0.19	0.15	0.0255	0.102	0.0103625	NAN	
0.2	0.16	0.0275	0.1035	0.01139	NAN	
0.21	0.165	0.03	0.111	0.0124625	NAN	
0.22	0.175	0.032	0.1175	0.013605	NAN	
0.23	0.18	0.035	0.1145	0.014765	NAN	
0.24	0.19	0.0375	0.127	0.0159725	NAN	
0.25	0.2	0.04	0.1175	0.017195	NAN	
0.26	0.205	0.043	0.1305	0.018435	NAN	
0.27	0.215	0.0445	0.1335	0.019755	NAN	
0.28	0.22	0.0475	0.1345	0.021095	NAN	
0.29	0.23	0.0495	0.1415	0.022475	NAN	
0.3	0.24	0.0515	0.143	0.0238975	NAN	
0.31	0.245	0.055	0.1455	0.02534	NAN	
0.32	0.255	0.057	0.158	0.0268575	NAN	
0.33	0.26	0.0595	0.1495	0.028395	NAN	
0.34	0.27	0.062	0.1655	0.02997	NAN	
0.35	0.28	0.0645	0.1585	0.03159	NAN	
0.36	0.285	0.067	0.1675	0.03322	NAN	
0.37	0.295	0.0695	0.172	0.0349175	NAN	
0.38	0.3	0.072	0.1725	0.03664	NAN	
0.39	0.31	0.0745	0.178	0.0383925	NAN	
0.4	0.32	0.077	0.183	0.0401975	NAN	
0.41	0.325	0.0795	0.1805	0.042015	NAN	
0.42	0.335	0.0815	0.195	0.0438925	NAN	
0.43	0.34	0.0845	0.1885	0.04581	NAN	
0.44	0.35	0.0865	0.201	0.0477575	NAN	
0.45	0.36	0.087	0.198	0.0497525	NAN	
0.46	0.365	0.0915	0.2045	0.051765	NAN	
0.47	0.375	0.0935	0.2125	0.05385	NAN	
0.48	0.38	0.096	0.212	0.0559725	NAN	
0.49	0.39	0.099	0.2145	0.058105	NAN	
0.5	0.4	0.101	0.2205	0.06028	NAN	
0.51	0.405	0.1035	0.2165	0.062465	NAN	
0.52	0.415	0.106	0.2305	0.0647	NAN	
0.53	0.42	0.1085	0.2245	0.066975	NAN	
0.54	0.43	0.1115	0.2395	0.069295	NAN	
0.55	0.44	0.114	0.247	0.0717275	NAN	
0.56	0.445	0.117	0.241	0.0741675	NAN	
0.57	0.455	0.1195	0.2465	0.076605	NAN	
0.58	0.46	0.122	0.2475	0.079075	NAN	
0.59	0.47	0.124	0.251	0.0815675	NAN	
0.6	0.48	0.1265	0.2545	0.084095	NAN	
0.61	0.485	0.1285	0.2555	0.086645	NAN	
0.62	0.495	0.131	0.265	0.0892475	NAN	
0.63	0.5	0.133	0.2635	0.09189	NAN	
0.64	0.51	0.135	0.2775	0.094595	NAN	
0.65	0.52	0.137	0.2695	0.09733	NAN	
0.66	0.525	0.139	0.287	0.1001125	NAN	
0.67	0.535	0.141	0.2865	0.10298	NAN	
0.68	0.54	0.143	0.287	0.1058475	NAN	
0.69	0.55	0.145	0.2875	0.10872	NAN	
0.7	0.56	0.147	0.299	0.1116525	NAN	
0.71	0.565	0.1485	0.3025	0.11466	NAN	
0.72	0.575	0.151	0.307	0.1177075	NAN	
0.73	0.58	0.153	0.306	0.1207725	NAN	
0.74	0.59	0.1545	0.321	0.1239075	NAN	
0.75	0.6	0.1565	0.309	0.1270575	NAN	
0.76	0.605	0.1585	0.3265	0.130235	NAN	
0.77	0.615	0.1605	0.333	0.1335325	NAN	
0.78	0.62	0.1625	0.3375	0.136885	NAN	
0.79	0.63	0.1645	0.3395	0.14027	NAN	
0.8	0.64	0.1665	0.345	0.1436925	NAN	
0.81	0.645	0.1685	0.3475	0.147155	NAN	
0.82	0.655	0.1705	0.358	0.1506825	NAN	
0.83	0.66	0.1725	0.3535	0.15424	NAN	
0.84	0.67	0.1745	0.371	0.1578625	NAN	
0.85	0.68	0.1765	0.3585	0.16151	NAN	
0.86	0.685	0.179	0.374	0.1651725	NAN	
0.87	0.695	0.1815	0.3725	0.168905	NAN	
0.88	0.7	0.1835	0.382	0.1726775	NAN	
0.89	0.71	0.186	0.382	0.1764975	NAN	
0.9	0.72	0.1885	0.387	0.1803425	NAN	
0.91	0.725	0.191	0.384	0.1841975	NAN	
0.92	0.735	0.1935	0.387	0.1880525	NAN	
0.93	0.74	0.1965	0.389	0.1919325	NAN	
0.94	0.75	0.199	0.3925	0.19584	NAN	
0.95	0.76	0.2015	0.4015	0.19981	NAN	
0.96	0.765	0.2045	0.4065	0.20385	NAN	
0.97	0.775	0.207	0.4115	0.20794	NAN	
0.98	0.78	0.21	0.413	0.2120625	NAN	
0.99	0.79	0.213	0.4125	0.21619	NAN	
1	0.8	0.216	0.4135	0.22032	NAN	
1.01	0.805	0.219	0.4165	0.22447	NAN	
1.02	0.815	0.222	0.4265	0.228685	NAN	
1.03	0.82	0.2255	0.4195	0.232915	NAN	
1.04	0.83	0.229	0.431	0.2371675	NAN	
1.05	0.84	0.2325	0.423	0.2414375	NAN	
1.06	0.845	0.236	0.4345	0.245725	NAN	
1.07	0.855	0.2395	0.4325	0.25006	NAN	
1.08	0.86	0.243	0.4345	0.254395	NAN	
1.09	0.87	0.247	0.4295	0.258715	NAN	
1.1	0.88	0.251	0.434	0.2630325	NAN	
1.11	0.885	0.255	0.4275	0.26734	NAN	
1.12	0.895	0.2595	0.4275	0.271615	NAN	
1.13	0.9	0.263	0.435	0.2759275	NAN	
1.14	0.91	0.2675	0.4485	0.280345	NAN	
1.15	0.92	0.2715	0.439	0.2847825	NAN	
1.16	0.925	0.2765	0.4525	0.28924	NAN	
1.17	0.935	0.281	0.4415	0.29371	NAN	
1.18	0.94	0.2855	0.441	0.2981225	NAN	
1.19	0.95	0.291	0.4375	0.302515	NAN	
1.2	0.96	0.296	0.4375	0.30689	NAN	
1.21	0.965	0.301	0.43	0.3112275	NAN	
1.22	0.975	0.306	0.438	0.3155675	NAN	
1.23	0.98	0.3115	0.4275	0.319895	NAN	
1.24	0.99	0.317	0.434	0.3242025	NAN	
1.25	1	0.3225	0.42	0.3284725	NAN	
1.26	1.005	0.3285	0.429	0.3327175	NAN	
1.27	1.015	0.334	0.422	0.3369725	NAN	
1.28	1.02	0.3395	0.424	0.3412025	NAN	
1.29	1.03	0.346	0.4185	0.345415	NAN	
1.3	1.04	0.352	0.411	0.3495625	NAN	
1.31	1.045	0.3585	0.41	0.3536675	NAN	
1.32	1.055	0.365	0.414	0.3577875	NAN	
1.33	1.06	0.3715	0.4045	0.36188	NAN	
1.34	1.07	0.3785	0.399	0.3658975	NAN	
1.35	1.08	0.386	0.3925	0.369855	NAN	
1.36	1.085	0.393	0.389	0.3737625	NAN	
1.37	1.095	0.4005	0.3845	0.37763	NAN	
1.38	1.1	0.408	0.3795	0.38145	NAN	
1.39	1.11	0.4155	0.37	0.3851975	NAN	
1.4	1.12	0.423	0.371	0.3889025	NAN	
1.41	1.125	0.431	0.3565	0.39254	NAN	
1.42	1.135	0.439	0.3615	0.39613	NAN	
1.43	1.14	0.4465	0.3435	0.399655	NAN	
1.44	1.15	0.455	0.347	0.4031075	NAN	
1.45	1.16	0.4625	0.33	0.4064925	NAN	
1.46	1.165	0.471	0.3305	0.409795	NAN	
1.47	1.175	0.4795	0.322	0.4130575	NAN	
1.48	1.18	0.488	0.312	0.4162275	NAN	
1.49	1.19	0.497	0.306	0.4193175	NAN	
1.5	1.2	0.5055	0.2955	0.422325	NAN	
1.51	1.205	0.5145	0.289	0.4252475	NAN	
1.52	1.215	0.5235	0.288	0.4281325	NAN	
1.53	1.22	0.5325	0.27	0.4309225	NAN	
1.54	1.23	0.5415	0.2725	0.433635	NAN	
1.55	1.24	0.5505	0.25	0.4362475	NAN	
1.56	1.245	0.5595	0.2555	0.438775	NAN	
1.57	1.255	0.569	0.241	0.4412575	NAN	
1.58	1.26	0.578	0.2355	0.44364	NAN	
1.59	1.27	0.587	0.226	0.4459475	NAN	
1.6	1.28	0.596	0.216	0.4481575	NAN	
1.61	1.285	0.605	0.206	0.4502675	NAN	
1.62	1.295	0.6135	0.202	0.4523075	NAN	
1.63	1.3	0.6225	0.187	0.4542525	NAN	
1.64	1.31	0.6315	0.191	0.4561425	NAN	
1.65	1.32	0.64	0.173	0.4579625	NAN	
1.66	1.325	0.6485	0.177	0.4597125	NAN	
1.67	1.335	0.657	0.165	0.4614225	NAN	
1.68	1.34	0.665	0.1585	0.46304	NAN	
1.69	1.35	0.673	0.155	0.4646075	NAN	
1.7	1.36	0.681	0.146	0.4661125	NAN	
1.71	1.365	0.689	0.1395	0.46754	NAN	
1.72	1.375	0.697	0.141	0.4689425	NAN	
1.73	1.38	0.704	0.1225	0.47026	NAN	
1.74	1.39	0.7115	0.1305	0.471525	NAN	
1.75	1.4	0.719	0.113	0.4727425	NAN	
1.76	1.405	0.726	0.117	0.4738925	NAN	
1.77	1.415	0.733	0.1115	0.475035	NAN	
1.78	1.42	0.7395	0.1085	0.476135	NAN	
1.79	1.43	0.7465	0.104	0.4771975	NAN	
1.8	1.44	0.753	0.108	0.4782575	NAN	
1.81	1.445	0.7595	0.088	0.4792375	NAN	
1.82	1.455	0.766	0.1005	0.48018	NAN	
1.83	1.46	0.772	0.0785	0.481075	NAN	
1.84	1.47	0.7785	0.0895	0.481915	NAN	
1.85	1.48	0.7845	0.084	0.4827825	NAN	
1.86	1.485	0.79	0.0785	0.483595	NAN	
1.87	1.495	0.796	0.0705	0.48434	NAN	
1.88	1.5	0.802	0.084	0.4851125	NAN	
1.89	1.51	0.8075	0.0785	0.485925	NAN	
1.9	1.52	0.813	0.089	0.4867625	NAN	
1.91	1.525	0.8185	0.075	0.4875825	NAN	
1.92	1.535	0.824	0.076	0.4883375	NAN	
1.93	1.54	0.829	0.063	0.4890325	NAN	
1.94	1.55	0.8345	0.0715	0.489705	NAN	
1.95	1.56	0.84	0.0615	0.49037	NAN	
1.96	1.565	0.8455	0.078	0.4910675	NAN	
1.97	1.575	0.85	0.0615	0.491765	NAN	
1.98	1.58	0.8555	0.067	0.4924075	NAN	
1.99	1.59	0.86	0.058	0.4930325	NAN	
2	1.6	0.8655	0.0645	0.493645	NAN	
2.01	1.605	0.87	0.06	0.4942675	NAN	
2.02	1.615	0.875	0.061	0.4948725	NAN	
2.03	1.62	0.88	0.052	0.4954375	NAN	
2.04	1.63	0.8845	0.0655	0.496025	NAN	
2.05	1.64	0.8895	0.0475	0.49659	NAN	
2.06	1.645	0.8945	0.061	0.4971325	NAN	
2.07	1.655	0.899	0.0545	0.49771	NAN	
2.08	1.66	0.9035	0.0525	0.498245	NAN	
2.09	1.67	0.9085	0.0505	0.49876	NAN	
2.1	1.68	0.913	0.052	0.4992725	NAN	
2.11	1.685	0.9175	0.044	0.4997525	NAN	
2.12	1.695	0.9225	0.0565	0.500255	NAN	
2.13	1.7	0.927	0.0465	0.50077	NAN	
2.14	1.71	0.9315	0.0535	0.50127	NAN	
2.15	1.72	0.936	0.04	0.5017375	NAN	
2.16	1.725	0.9405	0.0565	0.50222	NAN	
2.17	1.735	0.945	0.0535	0.50277	NAN	
2.18	1.74	0.9495	0.0485	0.50328	NAN	
2.19	1.75	0.954	0.044	0.5037425	NAN	
2.2	1.76	0.9585	0.0455	0.50419	NAN	
2.21	1.765	0.9625	0.041	0.5046225	NAN	
2.22	1.775	0.9675	0.0525	0.50509	NAN	
2.23	1.78	0.972	0.0405	0.505555	NAN	
2.24	1.79	0.976	0.0395	0.505955	NAN	
2.25	1.8	0.9805	0.0465	0.506385	NAN	
2.26	1.805	0.985	0.059	0.5069125	NAN	
2.27	1.815	0.9895	0.029	0.5073525	NAN	
2.28	1.82	0.994	0.031	0.5076525	NAN	
2.29	1.83	0.998	0.0635	0.508125	NAN	
2.3	1.84	1.0025	0.031	0.5085975	NAN	
2.31	1.845	1.007	0.0335	0.50892	NAN	
2.32	1.855	1.0115	0.05	0.5093375	NAN	
2.33	1.86	1.0155	0.032	0.5097475	NAN	
2.34	1.87	1.02	0.049	0.5101525	NAN	
2.35	1.88	1.02	0.0375	0.510585	NAN	
2.36	1.885	1.02	0.0405	0.510975	NAN	
2.37	1.895	1.02	0.0385	0.51137	NAN	
2.38	1.9	1.02	0.0385	0.511755	NAN	
2.39	1.91	1.02	0.035	0.5121225	NAN	
2.4	1.92	1.02	0.0425	0.51251	NAN	
2.41	1.925	1.02	0.03	0.5128725	NAN	
2.42	1.935	1.02	0.042	0.5132325	NAN	
2.43	1.94	1.02	0.0405	0.513645	NAN	
2.44	1.95	1.02	0.049	0.5140925	NAN	
2.45	1.96	1.02	0.0345	0.51451	NAN	
2.46	1.965	1.02	0.046	0.5149125	NAN	
2.47	1.975	1.02	0.0345	0.515315	NAN	
2.48	1.98	1.02	0.0425	0.5157	NAN	
2.49	1.99	1.02	0.038	0.5161025	NAN	
2.5	2	1.02	0.0365	0.516475	NAN	
2.51	1.995	1.02	0.029	0.5168025	NAN	
2.52	1.985	1.02	0.0225	0.51706	NAN	
2.53	1.98	1.02	0.0045	0.517195	NAN	
2.54	1.97	1.02	0.0085	0.51726	NAN	
2.55	1.96	1.02	-0.0055	0.517275	NAN	
2.56	1.955	1.02	-0.003	0.5172325	NAN	
2.57	1.945	1.02	-0.0095	0.51717	NAN	
2.58	1.94	1.02	-0.0075	0.517085	NAN	
2.59	1.93	1.02	-0.0105	0.516995	NAN	
2.6	1.92	1.02	-0.003	0.5169275	NAN	
2.61	1.915	1.02	-0.0135	0.516845	NAN	
2.62	1.905	1.02	-0.0075	0.51674	NAN	
2.63	1.9	1.02	-0.0155	0.516625	NAN	
2.64	1.89	1.02	-0.006	0.5165175	NAN	
2.65	1.88	1.02	-0.0145	0.516415	NAN	
2.66	1.875	1.02	-0.0095	0.516295	NAN	
2.67	1.865	1.02	-0.014	0.5161775	NAN	
2.68	1.86	1.02	-0.0135	0.51604	NAN	
2.69	1.85	1.02	-0.0125	0.51591	NAN	
2.7	1.84	1.02	-0.01	0.5157975	NAN	
2.71	1.835	1.02	-0.016	0.5156675	NAN	
2.72	1.825	1.02	-0.0065	0.515555	NAN	
2.73	1.82	1.02	-0.02	0.5154225	NAN	
2.74	1.81	1.02	-0.009	0.5152775	NAN	
2.75	1.8	1.02	-0.0175	0.515145	NAN	
2.76	1.795	1.0185	-0.011	0.5150025	NAN	
2.77	1.785	1.014	-0.014	0.5148775	NAN	
2.78	1.78	1.01	-0.014	0.5147375	NAN	
2.79	1.77	1.006	-0.0145	0.514595	NAN	
2.8	1.76	1.0025	-0.012	0.5144625	NAN	
2.81	1.755	0.9975	-0.01	0.5143525	NAN	
2.82	1.745	0.994	-0.0155	0.514225	NAN	
2.83	1.74	0.9895	-0.0175	0.51406	NAN	
2.84	1.73	0.9855	-0.012	0.5139125	NAN	
2.85	1.72	0.9815	-0.0225	0.51374	NAN	
2.86	1.715	0.9775	-0.01	0.5135775	NAN	
2.87	1.705	0.973	-0.0225	0.513415	NAN	
2.88	1.7	0.969	-0.0145	0.51323	NAN	
2.89	1.69	0.9645	-0.0145	0.513085	NAN	
2.9	1.68	0.9605	-0.011	0.5129575	NAN	
2.91	1.675	0.9565	-0.019	0.5128075	NAN	
2.92	1.665	0.952	-0.0165	0.51263	NAN	
2.93	1.66	0.948	-0.022	0.5124375	NAN	
2.94	1.65	0.944	-0.011	0.5122725	NAN	
2.95	1.64	0.9395	-0.0175	0.51213	NAN	
2.96	1.635	0.9355	-0.0125	0.51198	NAN	
2.97	1.625	0.931	-0.017	0.5118325	NAN	
2.98	1.62	0.927	-0.017	0.5116625	NAN	
2.99	1.61	0.923	-0.0195	0.51148	NAN	
3	1.6	0.9185	-0.012	0.5113225	NAN	
3.01	1.595	0.914	-0.0205	0.51116	NAN	
3.02	1.585	0.9105	-0.019	0.5109625	NAN	
3.03	1.58	0.906	-0.024	0.5107475	NAN	
3.04	1.57	0.9025	-0.013	0.5105625	NAN	
3.05	1.56	0.898	-0.0215	0.51039	NAN	
3.06	1.555	0.8935	-0.0135	0.510215	NAN	
3.07	1.545	0.889	-0.0225	0.510035	NAN	
3.08	1.54	0.885	-0.0135	0.509855	NAN	
3.09	1.53	0.8805	-0.0205	0.509685	NAN	
3.1	1.52	0.876	-0.0205	0.50948	NAN	
3.11	1.515	0.8715	-0.02	0.5092775	NAN	
3.12	1.505	0.8675	-0.021	0.5090725	NAN	
3.13	1.5	0.863	-0.02	0.5088675	NAN	
3.14	1.49	0.859	-0.013	0.5087025	NAN	
3.15	1.48	0.854	-0.0235	0.50852	NAN	
3.16	1.475	0.85	-0.0135	0.508335	NAN	
3.17	1.465	0.8455	-0.025	0.5081425	NAN	
3.18	1.46	0.841	-0.0165	0.507935	NAN	
3.19	1.45	0.8365	-0.0215	0.507745	NAN	
3.2	1.44	0.8325	-0.0185	0.507545	NAN	
3.21	1.435	0.828	-0.021	0.5073475	NAN	
3.22	1.425	0.824	-0.022	0.5071325	NAN	
3.23	1.42	0.8195	-0.0245	0.5069	NAN	
3.24	1.41	0.815	-0.0175	0.50669	NAN	
3.25	1.4	0.8105	-0.0245	0.50648	NAN	
3.26	1.395	0.8065	-0.015	0.5062825	NAN	
3.27	1.385	0.802	-0.0265	0.506075	NAN	
3.28	1.38	0.7975	-0.019	0.5058475	NAN	
3.29	1.37	0.7935	-0.014	0.5056825	NAN	
3.3	1.36	0.789	-0.0215	0.505505	NAN	
3.31	1.355	0.7845	-0.024	0.5052775	NAN	
3.32	1.345	0.78	-0.0195	0.50506	NAN	
3.33	1.34	0.7755	-0.027	0.5048275	NAN	
3.34	1.33	0.7715	-0.0215	0.504585	NAN	
3.35	1.32	0.767	-0.027	0.5043425	NAN	
3.36	1.315	0.7625	-0.018	0.5041175	NAN	
3.37	1.305	0.758	-0.0305	0.503875	NAN	
3.38	1.3	0.7535	-0.0185	0.50363	NAN	
3.39	1.29	0.749	-0.0285	0.503395	NAN	
3.4	1.28	0.745	-0.023	0.5031375	NAN	
3.41	1.275	0.74	-0.0225	0.50291	NAN	
3.42	1.265	0.7365	-0.022	0.5026875	NAN	
3.43	1.26	0.732	-0.0245	0.502455	NAN	
3.44	1.25	0.728	-0.018	0.5022425	NAN	
3.45	1.24	0.7235	-0.028	0.5020125	NAN	
3.46	1.235	0.7195	-0.0185	0.50178	NAN	
3.47	1.225	0.715	-0.033	0.5015225	NAN	
3.48	1.22	0.711	-0.028	0.5012175	NAN	
3.49	1.21	0.7065	-0.022	0.5009675	NAN	
3.5	1.2	0.702	-0.0215	0.50075	NAN	
3.51	1.195	0.698	-0.024	0.5005225	NAN	
3.52	1.185	0.6935	-0.026	0.5002725	NAN	
3.53	1.18	0.689	-0.0245	0.50002	NAN	
3.54	1.17	0.685	-0.0235	0.49978	NAN	
3.55	1.16	0.6805	-0.0295	0.499515	NAN	
3.56	1.155	0.6765	-0.0215	0.49926	NAN	
3.57	1.145	0.672	-0.0335	0.498985	NAN	
3.58	1.14	0.6675	-0.023	0.4987025	NAN	
3.59	1.13	0.663	-0.0315	0.49843	NAN	
3.6	1.12	0.659	-0.027	0.4981375	NAN	
3.61	1.115	0.6545	-0.0295	0.497855	NAN	
3.62	1.105	0.6505	-0.0285	0.497565	NAN	
3.63	1.1	0.646	-0.031	0.4972675	NAN	
3.64	1.09	0.642	-0.0285	0.49697	NAN	
3.65	1.08	0.6375	-0.0335	0.49666	NAN	
3.66	1.075	0.6335	-0.025	0.4963675	NAN	
3.67	1.065	0.629	-0.0325	0.49608	NAN	
3.68	1.06	0.6245	-0.026	0.4957875	NAN	
3.69	1.05	0.62	-0.033	0.4954925	NAN	
3.7	1.04	0.616	-0.0255	0.4952	NAN	
3.71	1.035	0.6115	-0.0345	0.4949	NAN	
3.72	1.025	0.6075	-0.031	0.4945725	NAN	
3.73	1.02	0.603	-0.0345	0.494245	NAN	
3.74	1.01	0.599	-0.031	0.4939175	NAN	
3.75	1	0.5945	-0.0355	0.493585	NAN	
3.76	0.995	0.5905	-0.0305	0.493255	NAN	
3.77	0.985	0.586	-0.041	0.4928975	NAN	
3.78	0.98	0.5815	-0.0265	0.49256	NAN	
3.79	0.97	0.577	-0.0335	0.49226	NAN	
3.8	0.96	0.5725	-0.032	0.4919325	NAN	
3.81	0.955	0.5685	-0.03	0.4916225	NAN	
3.82	0.945	0.5645	-0.0355	0.491295	NAN	
3.83	0.94	0.56	-0.035	0.4909425	NAN	
3.84	0.93	0.556	-0.0305	0.490615	NAN	
3.85	0.92	0.5515	-0.0405	0.49026	NAN	
3.86	0.915	0.5475	-0.031	0.4899025	NAN	
3.87	0.905	0.5425	-0.043	0.4895325	NAN	
3.88	0.9	0.5385	-0.033	0.4891525	NAN	
3.89	0.89	0.534	-0.04	0.4887875	NAN	
3.9	0.88	0.53	-0.0355	0.48841	NAN	
3.91	0.875	0.5255	-0.038	0.4880425	NAN	
3.92	0.865	0.521	-0.038	0.4876625	NAN	
3.93	0.86	0.5165	-0.0365	0.48729	NAN	
3.94	0.85	0.512	-0.0375	0.48692	NAN	
3.95	0.84	0.5075	-0.0405	0.48653	NAN	
3.96	0.835	0.5035	-0.035	0.4861525	NAN	
3.97	0.825	0.499	-0.0435	0.48576	NAN	
3.98	0.82	0.4945	-0.039	0.4853475	NAN	
3.99	0.81	0.49	-0.0425	0.48494	NAN	
4	0.8	0.486	-0.0375	0.48454	NAN	
4.01	0.795	0.4815	-0.039	0.4841575	NAN	
4.02	0.785	0.477	-0.041	0.4837575	NAN	
4.03	0.78	0.4725	-0.0435	0.483335	NAN	
4.04	0.77	0.4685	-0.0365	0.482935	NAN	
4.05	0.76	0.464	-0.0475	0.482515	NAN	
4.06	0.755	0.4595	-0.04	0.4820775	NAN	
4.07	0.745	0.4555	-0.0525	0.481615	NAN	
4.08	0.74	0.451	-0.0395	0.481155	NAN	
4.09	0.73	0.4465	-0.0475	0.48072	NAN	
4.1	0.72	0.4425	-0.045	0.4802575	NAN	
4.11	0.715	0.4375	-0.047	0.4797975	NAN	
4.12	0.705	0.4335	-0.05	0.4793125	NAN	
4.13	0.7	0.429	-0.05	0.4788125	NAN	
4.14	0.69	0.425	-0.045	0.4783375	NAN	
4.15	0.68	0.4205	-0.0515	0.477855	NAN	
4.16	0.675	0.4165	-0.0445	0.477375	NAN	
4.17	0.665	0.412	-0.0545	0.47688	NAN	
4.18	0.66	0.4075	-0.049	0.4763625	NAN	
4.19	0.65	0.403	-0.053	0.4758525	NAN	
4.2	0.64	0.399	-0.052	0.4753275	NAN	
4.21	0.635	0.3945	-0.054	0.4747975	NAN	
4.22	0.625	0.3905	-0.0535	0.47426	NAN	
4.23	0.62	0.386	-0.0565	0.47371	NAN	
4.24	0.61	0.382	-0.048	0.4731875	NAN	
4.25	0.6	0.3775	-0.057	0.4726625	NAN	
4.26	0.595	0.3735	-0.0495	0.47213	NAN	
4.27	0.585	0.3695	-0.0575	0.471595	NAN	
4.28	0.58	0.3655	-0.0535	0.47104	NAN	
4.29	0.57	0.361	-0.058	0.4704825	NAN	
4.3	0.56	0.357	-0.057	0.4699075	NAN	
4.31	0.555	0.353	-0.0615	0.469315	NAN	
4.32	0.545	0.3485	-0.0565	0.468725	NAN	
4.33	0.54	0.3445	-0.065	0.4681175	NAN	
4.34	0.53	0.341	-0.0555	0.467515	NAN	
4.35	0.52	0.336	-0.067	0.4669025	NAN	
4.36	0.515	0.332	-0.059	0.4662725	NAN	
4.37	0.505	0.328	-0.062	0.4656675	NAN	
4.38	0.5	0.324	-0.0615	0.46505	NAN	
4.39	0.49	0.32	-0.064	0.4644225	NAN	
4.4	0.48	0.3155	-0.061	0.4637975	NAN	
4.41	0.475	0.312	-0.067	0.4631575	NAN	
4.42	0.465	0.3075	-0.062	0.4625125	NAN	
4.43	0.46	0.3035	-0.0705	0.46185	NAN	
4.44	0.45	0.2995	-0.0615	0.46119	NAN	
4.45	0.44	0.2955	-0.07	0.4605325	NAN	
4.46	0.435	0.2915	-0.07	0.4598325	NAN	
4.47	0.425	0.2875	-0.0765	0.4591	NAN	
4.48	0.42	0.2835	-0.075	0.4583425	NAN	
4.49	0.41	0.2795	-0.07	0.4576175	NAN	
4.5	0.4	0.2755	-0.071	0.4569125	NAN	
4.51	0.395	0.2715	-0.0775	0.45617	NAN	
4.52	0.385	0.2675	-0.074	0.4554125	NAN	
4.53	0.38	0.2635	-0.081	0.4546375	NAN	
4.54	0.37	0.2595	-0.0755	0.453855	NAN	
4.55	0.36	0.256	-0.078	0.4530875	NAN	
4.56	0.355	0.2515	-0.0795	0.4523	NAN	
4.57	0.345	0.2475	-0.0865	0.45147	NAN	
4.58	0.34	0.2435	-0.081	0.4506325	NAN	
4.59	0.33	0.2395	-0.081	0.4498225	NAN	
4.6	0.32	0.236	-0.083	0.4490025	NAN	
4.61	0.315	0.232	-0.088	0.4481475	NAN	
4.62	0.305	0.228	-0.082	0.4472975	NAN	
4.63	0.3	0.224	-0.09	0.4464375	NAN	
4.64	0.29	0.2205	-0.087	0.4455525	NAN	
4.65	0.28	0.2165	-0.0885	0.444675	NAN	
4.66	0.275	0.213	-0.0925	0.44377	NAN	
4.67	0.265	0.209	-0.098	0.4428175	NAN	
4.68	0.26	0.2055	-0.094	0.4418575	NAN	
4.69	0.25	0.2015	-0.1005	0.440885	NAN	
4.7	0.24	0.1975	-0.094	0.4399125	NAN	
4.71	0.235	0.1935	-0.102	0.4389325	NAN	
4.72	0.225	0.19	-0.0955	0.437945	NAN	
4.73	0.22	0.186	-0.106	0.4369375	NAN	
4.74	0.21	0.1825	-0.101	0.4359025	NAN	
4.75	0.2	0.1785	-0.104	0.4348775	NAN	
4.76	0.195	0.175	-0.1015	0.43385	NAN	
4.77	0.185	0.171	-0.111	0.4327875	NAN	
4.78	0.18	0.1675	-0.111	0.4316775	NAN	
4.79	0.17	0.164	-0.118	0.4305325	NAN	
4.8	0.16	0.16	-0.113	0.4293775	NAN	
4.81	0.155	0.1565	-0.121	0.4282075	NAN	
4.82	0.145	0.153	-0.118	0.4270125	NAN	
4.83	0.14	0.149	-0.123	0.4258075	NAN	
4.84	0.13	0.1455	-0.1185	0.4246	NAN	
4.85	0.12	0.142	-0.1235	0.42339	NAN	
4.86	0.115	0.138	-0.123	0.4221575	NAN	
4.87	0.105	0.1345	-0.1295	0.420895	NAN	
4.88	0.1	0.131	-0.127	0.4196125	NAN	
4.89	0.09	0.1275	-0.1375	0.41829	NAN	
4.9	0.08	0.124	-0.127	0.4169675	NAN	
4.91	0.075	0.1205	-0.1395	0.415635	NAN	
4.92	0.065	0.117	-0.137	0.4142525	NAN	
4.93	0.06	0.1135	-0.1425	0.412855	NAN	
4.94	0.05	0.11	-0.143	0.4114275	NAN	
4.95	0.04	0.1065	-0.1415	0.410005	NAN	
4.96	0.035	0.103	-0.1455	0.40857	NAN	
4.97	0.025	0.0995	-0.1515	0.407085	NAN	
4.98	0.02	0.0965	-0.1455	0.4056	NAN	
4.99	0.01	0.093	-0.157	0.4040875	NAN	
5	0	0.0895	-0.1455	0.402575	NAN	
5.01	-0.005	0.086	-0.162	0.4010375	NAN	
5.02	-0.015	0.083	-0.154	0.3994575	NAN	
5.03	-0.02	0.0795	-0.166	0.3978575	NAN	
5.04	-0.03	0.0765	-0.1625	0.396215	NAN	
5.05	-0.04	0.073	-0.165	0.3945775	NAN	
5.06	-0.045	0.07	-0.167	0.3929175	NAN	
5.07	-0.055	0.0665	-0.169	0.3912375	NAN	
5.08	-0.06	0.0635	-0.173	0.3895275	NAN	
5.09	-0.07	0.0605	-0.1705	0.38781	NAN	
5.1	-0.08	0.0575	-0.1755	0.38608	NAN	
5.11	-0.085	0.054	-0.1825	0.38429	NAN	
5.12	-0.095	0.051	-0.1795	0.38248	NAN	
5.13	-0.1	0.0475	-0.1875	0.380645	NAN	
5.14	-0.11	0.0445	-0.1885	0.378765	NAN	
5.15	-0.12	0.042	-0.1925	0.37686	NAN	
5.16	-0.125	0.039	-0.1955	0.37492	NAN	
5.17	-0.135	0.0355	-0.199	0.3729475	NAN	
5.18	-0.14	0.0325	-0.2	0.3709525	NAN	
5.19	-0.15	0.0285	-0.2065	0.36892	NAN	
5.2	-0.16	0.027	-0.2005	0.366885	NAN	
5.21	-0.165	0.024	-0.214	0.3648125	NAN	
5.22	-0.175	0.021	-0.2105	0.36269	NAN	
5.23	-0.18	0.0185	-0.22	0.3605375	NAN	
5.24	-0.19	0.015	-0.2225	0.358325	NAN	
5.25	-0.2	0.012	-0.2095	0.356165	NAN	
5.26	-0.205	0.0095	-0.2235	0.354	NAN	
5.27	-0.215	0.0065	-0.229	0.3517375	NAN	
5.28	-0.22	0.004	-0.225	0.3494675	NAN	
5.29	-0.23	0.001	-0.236	0.3471625	NAN	
5.3	-0.24	-0.0015	-0.2355	0.344805	NAN	
5.31	-0.245	-0.0045	-0.245	0.3424025	NAN	
5.32	-0.255	-0.0095	-0.2435	0.33996	NAN	
5.33	-0.26	-0.0095	-0.252	0.3374825	NAN	
5.34	-0.27	-0.0125	-0.2515	0.334965	NAN	
5.35	-0.28	-0.015	-0.246	0.3324775	NAN	
5.36	-0.285	-0.0175	-0.257	0.3299625	NAN	
5.37	-0.295	-0.02	-0.2625	0.327365	NAN	
5.38	-0.3	-0.0225	-0.263	0.3247375	NAN	
5.39	-0.31	-0.0255	-0.275	0.3220475	NAN	
5.4	-0.32	-0.0275	-0.271	0.3193175	NAN	
5.41	-0.325	-0.0305	-0.2815	0.316555	NAN	
5.42	-0.335	-0.033	-0.2805	0.313745	NAN	
5.43	-0.34	-0.0355	-0.2865	0.31091	NAN	
5.44	-0.35	-0.038	-0.286	0.3080475	NAN	
5.45	-0.36	-0.0405	-0.2905	0.305165	NAN	
5.46	-0.365	-0.0425	-0.2925	0.30225	NAN	
5.47	-0.375	-0.0455	-0.301	0.2992825	NAN	
5.48	-0.38	-0.0475	-0.3025	0.296265	NAN	
5.49	-0.39	-0.05	-0.306	0.2932225	NAN	
5.5	-0.4	-0.052	-0.309	0.2901475	NAN	
5.51	-0.405	-0.0545	-0.3165	0.28702	NAN	
5.52	-0.415	-0.0565	-0.3195	0.28384	NAN	
5.53	-0.42	-0.059	-0.3275	0.280605	NAN	
5.54	-0.43	-0.0615	-0.325	0.2773425	NAN	
5.55	-0.44	-0.0635	-0.335	0.2740425	NAN	
5.56	-0.445	-0.0655	-0.334	0.2706975	NAN	
5.57	-0.455	-0.068	-0.3465	0.267295	NAN	
5.58	-0.46	-0.07	-0.342	0.2638525	NAN	
5.59	-0.47	-0.072	-0.3495	0.260395	NAN	
5.6	-0.48	-0.0735	-0.3515	0.25689	NAN	
5.61	-0.485	-0.076	-0.358	0.2533425	NAN	
5.62	-0.495	-0.078	-0.3635	0.249735	NAN	
5.63	-0.5	-0.08	-0.3665	0.246085	NAN	
5.64	-0.51	-0.0825	-0.369	0.2424075	NAN	
5.65	-0.52	-0.084	-0.3775	0.238675	NAN	
5.66	-0.525	-0.086	-0.3775	0.2349	NAN	
5.67	-0.535	-0.088	-0.392	0.2310525	NAN	
5.68	-0.54	-0.0895	-0.388	0.2271525	NAN	
5.69	-0.55	-0.0915	-0.4005	0.22321	NAN	
5.7	-0.56	-0.0935	-0.3965	0.219225	NAN	
5.71	-0.565	-0.095	-0.405	0.2152175	NAN	
5.72	-0.575	-0.0975	-0.4125	0.21113	NAN	
5.73	-0.58	-0.0985	-0.413	0.2070025	NAN	
5.74	-0.59	-0.1005	-0.421	0.2028325	NAN	
5.75	-0.6	-0.102	-0.424	0.1986075	NAN	
5.76	-0.605	-0.103	-0.429	0.1943425	NAN	
5.77	-0.615	-0.105	-0.4395	0.19	NAN	
5.78	-0.62	-0.1065	-0.438	0.1856125	NAN	
5.79	-0.63	-0.1085	-0.4535	0.181155	NAN	
5.8	-0.64	-0.11	-0.447	0.1766525	NAN	
5.81	-0.645	-0.1115	-0.4605	0.172115	NAN	
5.82	-0.655	-0.113	-0.4605	0.16751	NAN	
5.83	-0.66	-0.1145	-0.467	0.1628725	NAN	
5.84	-0.67	-0.1155	-0.471	0.1581825	NAN	
5.85	-0.68	-0.117	-0.4735	0.15346	NAN	
5.86	-0.685	-0.1185	-0.481	0.1486875	NAN	
5.87	-0.695	-0.12	-0.4885	0.14384	NAN	
5.88	-0.7	-0.1215	-0.493	0.1389325	NAN	
5.89	-0.71	-0.1225	-0.502	0.1339575	NAN	
5.9	-0.72	-0.124	-0.5035	0.12893	NAN	
5.91	-0.725	-0.1255	-0.516	0.1238325	NAN	
5.92	-0.735	-0.127	-0.515	0.1186775	NAN	
5.93	-0.74	-0.1285	-0.526	0.1134725	NAN	
5.94	-0.75	-0.1295	-0.522	0.1082325	NAN	
5.95	-0.76	-0.131	-0.533	0.1029575	NAN	
5.96	-0.765	-0.133	-0.5325	0.09763	NAN	
5.97	-0.775	-0.1345	-0.5485	0.092225	NAN	
5.98	-0.78	-0.1355	-0.5415	0.086775	NAN	
5.99	-0.79	-0.1375	-0.558	0.0812775	NAN	
6	-0.8	-0.1395	-0.5545	0.075715	NAN	
6.01	-0.805	-0.141	-0.568	0.0701025	NAN	
6.02	-0.815	-0.143	-0.57	0.0644125	NAN	
6.03	-0.82	-0.1445	-0.5725	0.0587	NAN	
6.04	-0.83	-0.1465	-0.579	0.0529425	NAN	
6.05	-0.84	-0.148	-0.5815	0.04714	NAN	
6.06	-0.845	-0.15	-0.5885	0.04129	NAN	
6.07	-0.855	-0.152	-0.5955	0.03537	NAN	
6.08	-0.86	-0.154	-0.5955	0.029415	NAN	
6.09	-0.87	-0.1565	-0.5995	0.02344	NAN	
6.1	-0.88	-0.158	-0.605	0.0174175	NAN	
6.11	-0.885	-0.1605	-0.611	0.0113375	NAN	
6.12	-0.895	-0.1625	-0.613	0.0052175	NAN	
6.13	-0.9	-0.165	-0.619	-0.0009425	NAN	
6.14	-0.91	-0.167	-0.6155	-0.007115	NAN	
6.15	-0.92	-0.1695	-0.627	-0.0133275	NAN	
6.16	-0.925	-0.172	-0.626	-0.0195925	NAN	
6.17	-0.935	-0.1745	-0.6385	-0.025915	NAN	
6.18	-0.94	-0.177	-0.6345	-0.03228	NAN	
6.19	-0.95	-0.1795	-0.6415	-0.03866	NAN	
6.2	-0.96	-0.1815	-0.6385	-0.04506	NAN	
6.21	-0.965	-0.1845	-0.6445	-0.051475	NAN	
6.22	-0.975	-0.1875	-0.6475	-0.057935	NAN	
6.23	-0.98	-0.19	-0.649	-0.0644175	NAN	
6.24	-0.99	-0.193	-0.654	-0.0709325	NAN	
6.25	-1	-0.1955	-0.6555	-0.07748	NAN	
6.26	-1.005	-0.1985	-0.6565	-0.08404	NAN	
6.27	-1.015	-0.2015	-0.661	-0.0906275	NAN	
6.28	-1.02	-0.205	-0.6635	-0.09725	NAN	
6.29	-1.03	-0.2075	-0.6695	-0.103915	NAN	
6.3	-1.04	-0.211	-0.6695	-0.11061	NAN	
6.31	-1.045	-0.214	-0.6715	-0.117315	NAN	
6.32	-1.055	-0.2175	-0.6755	-0.12405	NAN	
6.33	-1.06	-0.2205	-0.6755	-0.130805	NAN	
6.34	-1.07	-0.2245	-0.674	-0.1375525	NAN	
6.35	-1.08	-0.2285	-0.6775	-0.14431	NAN	
6.36	-1.085	-0.2325	-0.677	-0.1510825	NAN	
6.37	-1.095	-0.236	-0.6825	-0.15788	NAN	
6.38	-1.1	-0.2405	-0.6765	-0.164675	NAN	
6.39	-1.11	-0.2445	-0.682	-0.1714675	NAN	
6.4	-1.12	-0.249	-0.6745	-0.17825	NAN	
6.41	-1.125	-0.2535	-0.685	-0.1850475	NAN	
6.42	-1.135	-0.258	-0.6775	-0.19186	NAN	
6.43	-1.14	-0.2625	-0.685	-0.1986725	NAN	
6.44	-1.15	-0.267	-0.675	-0.2054725	NAN	
6.45	-1.16	-0.2725	-0.681	-0.2122525	NAN	
6.46	-1.165	-0.2775	-0.6715	-0.219015	NAN	
6.47	-1.175	-0.283	-0.678	-0.2257625	NAN	
6.48	-1.18	-0.2885	-0.6665	-0.232485	NAN	
6.49	-1.19	-0.294	-0.671	-0.2391725	NAN	
6.5	-1.2	-0.3	-0.6635	-0.245845	NAN	
6.51	-1.205	-0.3065	-0.663	-0.2524775	NAN	
6.52	-1.215	-0.3125	-0.662	-0.2591025	NAN	
6.53	-1.22	-0.319	-0.655	-0.2656875	NAN	
6.54	-1.23	-0.326	-0.653	-0.2722275	NAN	
6.55	-1.24	-0.333	-0.648	-0.2787325	NAN	
6.56	-1.245	-0.34	-0.6435	-0.28519	NAN	
6.57	-1.255	-0.348	-0.636	-0.2915875	NAN	
6.58	-1.26	-0.3555	-0.6295	-0.297915	NAN	
6.59	-1.27	-0.3635	-0.6225	-0.304175	NAN	
6.6	-1.28	-0.372	-0.612	-0.3103475	NAN	
6.61	-1.285	-0.381	-0.6055	-0.316435	NAN	
6.62	-1.295	-0.3905	-0.595	-0.3224375	NAN	
6.63	-1.3	-0.3995	-0.5895	-0.32836	NAN	
6.64	-1.31	-0.409	-0.5765	-0.33419	NAN	
6.65	-1.32	-0.4195	-0.5715	-0.33993	NAN	
6.66	-1.325	-0.43	-0.555	-0.3455625	NAN	
6.67	-1.335	-0.4405	-0.553	-0.3511025	NAN	
6.68	-1.34	-0.4515	-0.531	-0.3565225	NAN	
6.69	-1.35	-0.4625	-0.5305	-0.36183	NAN	
6.7	-1.36	-0.474	-0.504	-0.3670025	NAN	
6.71	-1.365	-0.486	-0.499	-0.3720175	NAN	
6.72	-1.375	-0.4975	-0.4845	-0.376935	NAN	
6.73	-1.38	-0.5095	-0.4695	-0.381705	NAN	
6.74	-1.39	-0.5215	-0.46	-0.3863525	NAN	
6.75	-1.4	-0.5345	-0.441	-0.3908575	NAN	
6.76	-1.405	-0.547	-0.4295	-0.39521	NAN	
6.77	-1.415	-0.5595	-0.4185	-0.39945	NAN	
6.78	-1.42	-0.573	-0.3965	-0.403525	NAN	
6.79	-1.43	-0.5855	-0.388	-0.4074475	NAN	
6.8	-1.44	-0.599	-0.3615	-0.411195	NAN	
6.81	-1.445	-0.6125	-0.359	-0.4147975	NAN	
6.82	-1.455	-0.626	-0.336	-0.4182725	NAN	
6.83	-1.46	-0.639	-0.3205	-0.421555	NAN	
6.84	-1.47	-0.6525	-0.306	-0.4246875	NAN	
6.85	-1.48	-0.6655	-0.2895	-0.427665	NAN	
6.86	-1.485	-0.679	-0.273	-0.4304775	NAN	
6.87	-1.495	-0.692	-0.259	-0.4331375	NAN	
6.88	-1.5	-0.705	-0.2455	-0.43566	NAN	
6.89	-1.51	-0.7175	-0.236	-0.4380675	NAN	
6.9	-1.52	-0.7295	-0.2145	-0.44032	NAN	
6.91	-1.525	-0.742	-0.214	-0.4424625	NAN	
6.92	-1.535	-0.753	-0.1935	-0.4445	NAN	
6.93	-1.54	-0.7645	-0.187	-0.4464025	NAN	
6.94	-1.55	-0.7755	-0.172	-0.4481975	NAN	
6.95	-1.56	-0.7865	-0.163	-0.4498725	NAN	
6.96	-1.565	-0.7965	-0.1515	-0.451445	NAN	
6.97	-1.575	-0.8065	-0.147	-0.4529375	NAN	
6.98	-1.58	-0.8155	-0.133	-0.4543375	NAN	
6.99	-1.59	-0.8255	-0.1315	-0.45566	NAN	
7	-1.6	-0.8335	-0.1135	-0.456885	NAN	
7.01	-1.605	-0.8425	-0.118	-0.4580425	NAN	
7.02	-1.615	-0.8505	-0.104	-0.4591525	NAN	
7.03	-1.62	-0.8585	-0.107	-0.4602075	NAN	
7.04	-1.63	-0.867	-0.1	-0.4612425	NAN	
7.05	-1.64	-0.874	-0.0905	-0.462195	NAN	
7.06	-1.645	-0.8805	-0.093	-0.4631125	NAN	
7.07	-1.655	-0.8875	-0.088	-0.4640175	NAN	
7.08	-1.66	-0.8945	-0.079	-0.4648525	NAN	
7.09	-1.67	-0.901	-0.084	-0.4656675	NAN	
7.1	-1.68	-0.9075	-0.0655	-0.466415	NAN	
7.11	-1.685	-0.9135	-0.079	-0.4671375	NAN	
7.12	-1.695	-0.9195	-0.066	-0.4678625	NAN	
7.13	-1.7	-0.9255	-0.0715	-0.46855	NAN	
7.14	-1.71	-0.9315	-0.0645	-0.46923	NAN	
7.15	-1.72	-0.9365	-0.063	-0.4698675	NAN	
7.16	-1.725	-0.9425	-0.065	-0.4705075	NAN	
7.17	-1.735	-0.948	-0.0665	-0.471165	NAN	
7.18	-1.74	-0.953	-0.055	-0.4717725	NAN	
7.19	-1.75	-0.959	-0.063	-0.4723625	NAN	
7.2	-1.76	-0.964	-0.047	-0.4729125	NAN	
7.21	-1.765	-0.9695	-0.061	-0.4734525	NAN	
7.22	-1.775	-0.975	-0.05	-0.4740075	NAN	
7.23	-1.78	-0.9795	-0.056	-0.4745375	NAN	
7.24	-1.79	-0.985	-0.0505	-0.47507	NAN	
7.25	-1.8	-0.99	-0.049	-0.4755675	NAN	
7.26	-1.805	-0.993	-0.051	-0.4760675	NAN	
7.27	-1.815	-0.9995	-0.0545	-0.476595	NAN	
7.28	-1.82	-1.0035	-0.0445	-0.47709	NAN	
7.29	-1.83	-1.0095	-0.055	-0.4775875	NAN	
7.3	-1.84	-1.0135	-0.038	-0.4780525	NAN	
7.31	-1.845	-1.0195	-0.0535	-0.47851	NAN	
7.32	-1.855	-1.0245	-0.044	-0.4789975	NAN	
7.33	-1.86	-1.0275	-0.046	-0.4794475	NAN	
7.34	-1.87	-1.0275	-0.045	-0.4799025	NAN	
7.35	-1.88	-1.0275	-0.0445	-0.48035	NAN	
7.36	-1.885	-1.0275	-0.0435	-0.48079	NAN	
7.37	-1.895	-1.0275	-0.049	-0.4812525	NAN	
7.38	-1.9	-1.0275	-0.0405	-0.4817	NAN	
7.39	-1.91	-1.0275	-0.051	-0.4821575	NAN	
7.4	-1.92	-1.0275	-0.034	-0.4825825	NAN	
7.41	-1.925	-1.0275	-0.047	-0.4829875	NAN	
7.42	-1.935	-1.0275	-0.0385	-0.483415	NAN	
7.43	-1.94	-1.0275	-0.0415	-0.483815	NAN	
7.44	-1.95	-1.0275	-0.0395	-0.48422	NAN	
7.45	-1.96	-1.0275	-0.0385	-0.48461	NAN	
7.46	-1.965	-1.0275	-0.039	-0.4849975	NAN	
7.47	-1.975	-1.0275	-0.0425	-0.485405	NAN	
7.48	-1.98	-1.0275	-0.0345	-0.48579	NAN	
7.49	-1.99	-1.0275	-0.0465	-0.486195	NAN	
7.5	-2	-1.0275	-0.0315	-0.486585	NAN	
7.51	-1.995	-1.0275	-0.036	-0.4869225	NAN	
7.52	-1.985	-1.0275	0.0085	-0.48706	NAN	
7.53	-1.98	-1.0275	-0.0025	-0.48703	NAN	
7.54	-1.97	-1.0275	-0.004	-0.4870625	NAN	
7.55	-1.96	-1.0275	-0.001	-0.4870875	NAN	
7.56	-1.955	-1.0275	0.007	-0.4870575	NAN	
7.57	-1.945	-1.0275	0.003	-0.4870075	NAN	
7.58	-1.94	-1.0275	0.013	-0.4869275	NAN	
7.59	-1.93	-1.0275	0.004	-0.4868425	NAN	
7.6	-1.92	-1.0275	0.0085	-0.48678	NAN	
7.61	-1.915	-1.0275	0.0075	-0.4867	NAN	
7.62	-1.905	-1.0275	0.0125	-0.4866	NAN	
7.63	-1.9	-1.0275	0.006	-0.4865075	NAN	
7.64	-1.89	-1.0275	0.0165	-0.486395	NAN	
7.65	-1.88	-1.0275	0.0055	-0.486285	NAN	
7.66	-1.875	-1.0275	0.0155	-0.48618	NAN	
7.67	-1.865	-1.0275	0.0135	-0.486035	NAN	
7.68	-1.86	-1.0275	0.013	-0.4859025	NAN	
7.69	-1.85	-1.0275	0.0125	-0.485775	NAN	
7.7	-1.84	-1.0275	0.017	-0.4856275	NAN	
7.71	-1.835	-1.0275	0.007	-0.4855075	NAN	
7.72	-1.825	-1.0275	0.019	-0.4853775	NAN	
7.73	-1.82	-1.0275	0.0095	-0.485235	NAN	
7.74	-1.81	-1.0275	0.0125	-0.485125	NAN	
7.75	-1.8	-1.0275	0.013	-0.4849975	NAN	
7.76	-1.795	-1.0275	0.017	-0.4848475	NAN	
7.77	-1.785	-1.0275	0.0115	-0.484705	NAN	
7.78	-1.78	-1.0245	0.0185	-0.484555	NAN	
7.79	-1.77	-1.02	0.0115	-0.484405	NAN	
7.8	-1.76	-1.015	0.0145	-0.484275	NAN	
7.81	-1.755	-1.011	0.015	-0.4841275	NAN	
7.82	-1.745	-1.0065	0.0185	-0.48396	NAN	
7.83	-1.74	-1.002	0.0095	-0.48382	NAN	
7.84	-1.73	-0.9975	0.021	-0.4836675	NAN	
7.85	-1.72	-0.993	0.0085	-0.48352	NAN	
7.86	-1.715	-0.9885	0.019	-0.4833825	NAN	
7.87	-1.705	-0.984	0.0155	-0.48321	NAN	
7.88	-1.7	-0.9795	0.015	-0.4830575	NAN	
7.89	-1.69	-0.9755	0.0135	-0.482915	NAN	
7.9	-1.68	-0.9705	0.0195	-0.48275	NAN	
7.91	-1.675	-0.9665	0.011	-0.4825975	NAN	
7.92	-1.665	-0.962	0.0225	-0.48243	NAN	
7.93	-1.66	-0.9575	0.0155	-0.48224	NAN	
7.94	-1.65	-0.9525	0.018	-0.4820725	NAN	
7.95	-1.64	-0.949	0.014	-0.4819125	NAN	
7.96	-1.635	-0.944	0.02	-0.4817425	NAN	
7.97	-1.625	-0.9395	0.0115	-0.481585	NAN	
7.98	-1.62	-0.9345	0.022	-0.4814175	NAN	
7.99	-1.61	-0.93	0.0145	-0.481235	NAN	
8	-1.6	-0.926	0.0175	-0.481075	NAN	
8.01	-1.595	-0.922	0.017	-0.4809025	NAN	
8.02	-1.585	-0.9175	0.0205	-0.480715	NAN	
8.03	-1.58	-0.9135	0.014	-0.4805425	NAN	
8.04	-1.57	-0.9085	0.025	-0.4803475	NAN	
8.05	-1.56	-0.9045	0.0125	-0.48016	NAN	
8.06	-1.555	-0.8995	0.0215	-0.47999	NAN	
8.07	-1.545	-0.8955	0.019	-0.4797875	NAN	
8.08	-1.54	-0.891	0.017	-0.4796075	NAN	
8.09	-1.53	-0.886	0.016	-0.4794425	NAN	
8.1	-1.52	-0.882	0.021	-0.4792575	NAN	
8.11	-1.515	-0.8775	0.012	-0.4790925	NAN	
8.12	-1.505	-0.873	0.0245	-0.47891	NAN	
8.13	-1.5	-0.8685	0.018	-0.4786975	NAN	
8.14	-1.49	-0.8635	0.022	-0.4784975	NAN	
8.15	-1.48	-0.8595	0.017	-0.4783025	NAN	
8.16	-1.475	-0.8545	0.024	-0.4780975	NAN	
8.17	-1.465	-0.85	0.016	-0.4778975	NAN	
8.18	-1.46	-0.846	0.0245	-0.477695	NAN	
8.19	-1.45	-0.8415	0.019	-0.4774775	NAN	
8.2	-1.44	-0.837	0.02	-0.4772825	NAN	
8.21	-1.435	-0.8325	0.0195	-0.477085	NAN	
8.22	-1.425	-0.8265	0.0235	-0.47687	NAN	
8.23	-1.42	-0.824	0.0135	-0.476685	NAN	
8.24	-1.41	-0.8185	0.0255	-0.47649	NAN	
8.25	-1.4	-0.815	0.0135	-0.476295	NAN	
8.26	-1.395	-0.8115	0.025	-0.4761025	NAN	
8.27	-1.385	-0.806	0.024	-0.4758575	NAN	
8.28	-1.38	-0.802	0.0205	-0.475635	NAN	
8.29	-1.37	-0.7975	0.02	-0.4754325	NAN	
8.3	-1.36	-0.7905	0.0255	-0.475205	NAN	
8.31	-1.355	-0.7885	0.017	-0.4749925	NAN	
8.32	-1.345	-0.7835	0.0285	-0.474765	NAN	
8.33	-1.34	-0.7795	0.0205	-0.47452	NAN	
8.34	-1.33	-0.7755	0.0225	-0.474305	NAN	
8.35	-1.32	-0.7705	0.019	-0.4740975	NAN	
8.36	-1.315	-0.7665	0.025	-0.4738775	NAN	
8.37	-1.305	-0.7615	0.0185	-0.47366	NAN	
8.38	-1.3	-0.7565	0.0285	-0.473425	NAN	
8.39	-1.29	-0.7525	0.022	-0.4731725	NAN	
8.4	-1.28	-0.748	0.0235	-0.472945	NAN	
8.41	-1.275	-0.744	0.0235	-0.47271	NAN	
8.42	-1.265	-0.739	0.0275	-0.472455	NAN	
8.43	-1.26	-0.7355	0.018	-0.4722275	NAN	
8.44	-1.25	-0.7305	0.03	-0.4719875	NAN	
8.45	-1.24	-0.727	0.0205	-0.471735	NAN	
8.46	-1.235	-0.7225	0.027	-0.4714975	NAN	
8.47	-1.225	-0.718	0.026	-0.4712325	NAN	
8.48	-1.22	-0.7135	0.0225	-0.47099	NAN	
8.49	-1.21	-0.7095	0.024	-0.4707575	NAN	
8.5	-1.2	-0.705	0.026	-0.4705075	NAN	
8.51	-1.195	-0.701	0.023	-0.4702625	NAN	
8.52	-1.185	-0.6965	0.036	-0.4699675	NAN	
8.53	-1.18	-0.6925	0.0255	-0.46966	NAN	
8.54	-1.17	-0.688	0.029	-0.4693875	NAN	
8.55	-1.16	-0.6835	0.0245	-0.46912	NAN	
8.56	-1.155	-0.679	0.0305	-0.468845	NAN	
8.57	-1.145	-0.675	0.0235	-0.468575	NAN	
8.58	-1.14	-0.6705	0.029	-0.4683125	NAN	
8.59	-1.13	-0.666	0.0245	-0.468045	NAN	
8.6	-1.12	-0.662	0.026	-0.4677925	NAN	
8.61	-1.115	-0.658	0.0225	-0.46755	NAN	
8.62	-1.105	-0.6535	0.03	-0.4672875	NAN	
8.63	-1.1	-0.649	0.0265	-0.467005	NAN	
8.64	-1.09	-0.6445	0.0325	-0.46671	NAN	
8.65	-1.08	-0.64	0.0295	-0.4664	NAN	
8.66	-1.075	-0.636	0.0295	-0.466105	NAN	
8.67	-1.065	-0.6315	0.0315	-0.4658	NAN	
8.68	-1.06	-0.6275	0.023	-0.4655275	NAN	
8.69	-1.05	-0.623	0.025	-0.4652875	NAN	
8.7	-1.04	-0.6185	0.034	-0.4649925	NAN	
8.71	-1.035	-0.6145	0.0265	-0.46469	NAN	
8.72	-1.025	-0.61	0.038	-0.4643675	NAN	
8.73	-1.02	-0.6055	0.0275	-0.46404	NAN	
8.74	-1.01	-0.6015	0.034	-0.4637325	NAN	
8.75	-1	-0.597	0.0295	-0.463415	NAN	
8.76	-0.995	-0.5925	0.0345	-0.463095	NAN	
8.77	-0.985	-0.5885	0.033	-0.4627575	NAN	
8.78	-0.98	-0.584	0.0365	-0.46241	NAN	
8.79	-0.97	-0.5795	0.03	-0.4620775	NAN	
8.8	-0.96	-0.5755	0.031	-0.4617725	NAN	
8.81	-0.955	-0.571	0.027	-0.4614825	NAN	
8.82	-0.945	-0.567	0.0325	-0.461185	NAN	
8.83	-0.94	-0.5625	0.026	-0.4608925	NAN	
8.84	-0.93	-0.5585	0.042	-0.4605525	NAN	
8.85	-0.92	-0.554	0.0295	-0.460195	NAN	
8.86	-0.915	-0.55	0.0415	-0.45984	NAN	
8.87	-0.905	-0.5455	0.0375	-0.459445	NAN	
8.88	-0.9	-0.541	0.038	-0.4590675	NAN	
8.89	-0.89	-0.5365	0.0355	-0.4587	NAN	
8.9	-0.88	-0.5325	0.037	-0.4583375	NAN	
8.91	-0.875	-0.528	0.031	-0.4579975	NAN	
8.92	-0.865	-0.5235	0.046	-0.4576125	NAN	
8.93	-0.86	-0.519	0.036	-0.4572025	NAN	
8.94	-0.85	-0.515	0.0415	-0.456815	NAN	
8.95	-0.84	-0.5105	0.0355	-0.45643	NAN	
8.96	-0.835	-0.5065	0.04	-0.4560525	NAN	
8.97	-0.825	-0.502	0.037	-0.4556675	NAN	
8.98	-0.82	-0.4975	0.043	-0.4552675	NAN	
8.99	-0.81	-0.4935	0.0345	-0.45488	NAN	
9	-0.8	-0.4895	0.042	-0.4544975	NAN	
9.01	-0.795	-0.485	0.041	-0.4540825	NAN	
9.02	-0.785	-0.4805	0.044	-0.4536575	NAN	
9.03	-0.78	-0.476	0.0405	-0.453235	NAN	
9.04	-0.77	-0.472	0.047	-0.4527975	NAN	
9.05	-0.76	-0.4675	0.0355	-0.452385	NAN	
9.06	-0.755	-0.4635	0.0485	-0.451965	NAN	
9.07	-0.745	-0.459	0.041	-0.4515175	NAN	
9.08	-0.74	-0.455	0.044	-0.4510925	NAN	
9.09	-0.73	-0.4505	0.048	-0.4506325	NAN	
9.1	-0.72	-0.446	0.045	-0.4501675	NAN	
9.11	-0.715	-0.442	0.0435	-0.449725	NAN	
9.12	-0.705	-0.4375	0.0535	-0.44924	NAN	
9.13	-0.7	-0.4335	0.041	-0.4487675	NAN	
9.14	-0.69	-0.4295	0.051	-0.4483075	NAN	
9.15	-0.68	-0.425	0.046	-0.4478225	NAN	
9.16	-0.675	-0.42	0.049	-0.4473475	NAN	
9.17	-0.665	-0.4165	0.049	-0.4468575	NAN	
9.18	-0.66	-0.412	0.0515	-0.446355	NAN	
9.19	-0.65	-0.408	0.043	-0.4458825	NAN	
9.2	-0.64	-0.404	0.053	-0.4454025	NAN	
9.21	-0.635	-0.3995	0.047	-0.4449025	NAN	
9.22	-0.625	-0.3955	0.0535	-0.4444	NAN	
9.23	-0.62	-0.391	0.051	-0.4438775	NAN	
9.24	-0.61	-0.3875	0.0535	-0.443355	NAN	
9.25	-0.6	-0.383	0.048	-0.4428475	NAN	
9.26	-0.595	-0.3785	0.059	-0.4423125	NAN	
9.27	-0.585	-0.3745	0.051	-0.4417625	NAN	
9.28	-0.58	-0.3705	0.0585	-0.441215	NAN	
9.29	-0.57	-0.366	0.056	-0.4406425	NAN	
9.3	-0.56	-0.362	0.0545	-0.44009	NAN	
9.31	-0.555	-0.358	0.055	-0.4395425	NAN	
9.32	-0.545	-0.3535	0.061	-0.4389625	NAN	
9.33	-0.54	-0.3495	0.0515	-0.4384	NAN	
9.34	-0.53	-0.345	0.065	-0.4378175	NAN	
9.35	-0.52	-0.341	0.0535	-0.437225	NAN	
9.36	-0.515	-0.337	0.0635	-0.43664	NAN	
9.37	-0.505	-0.333	0.063	-0.4360075	NAN	
9.38	-0.5	-0.329	0.062	-0.4353825	NAN	
9.39	-0.49	-0.3245	0.062	-0.4347625	NAN	
9.4	-0.48	-0.3205	0.066	-0.4341225	NAN	
9.41	-0.475	-0.3165	0.061	-0.4334875	NAN	
9.42	-0.465	-0.3125	0.07	-0.4328325	NAN	
9.43	-0.46	-0.308	0.0615	-0.432175	NAN	
9.44	-0.45	-0.3045	0.0665	-0.431535	NAN	
9.45	-0.44	-0.3005	0.0655	-0.430875	NAN	
9.46	-0.435	-0.296	0.071	-0.4301925	NAN	
9.47	-0.425	-0.292	0.0675	-0.4295	NAN	
9.48	-0.42	-0.288	0.075	-0.4287875	NAN	
9.49	-0.41	-0.284	0.0675	-0.428075	NAN	
9.5	-0.4	-0.2795	0.074	-0.4273675	NAN	
9.51	-0.395	-0.276	0.0735	-0.42663	NAN	
9.52	-0.385	-0.272	0.078	-0.4258725	NAN	
9.53	-0.38	-0.268	0.0735	-0.425115	NAN	
9.54	-0.37	-0.264	0.0795	-0.42435	NAN	
9.55	-0.36	-0.2595	0.0695	-0.423605	NAN	
9.56	-0.355	-0.2555	0.083	-0.4228425	NAN	
9.57	-0.345	-0.252	0.0765	-0.422045	NAN	
9.58	-0.34	-0.2475	0.082	-0.4212525	NAN	
9.59	-0.33	-0.244	0.083	-0.4204275	NAN	
9.6	-0.32	-0.2405	0.0825	-0.4196	NAN	
9.61	-0.315	-0.236	0.0805	-0.418785	NAN	
9.62	-0.305	-0.232	0.091	-0.4179275	NAN	
9.63	-0.3	-0.2285	0.08	-0.4170725	NAN	
9.64	-0.29	-0.225	0.0925	-0.41621	NAN	
9.65	-0.28	-0.2205	0.0845	-0.415325	NAN	
9.66	-0.275	-0.2165	0.0925	-0.41444	NAN	
9.67	-0.265	-0.213	0.0945	-0.413505	NAN	
9.68	-0.26	-0.2095	0.0915	-0.412575	NAN	
9.69	-0.25	-0.2055	0.0905	-0.411665	NAN	
9.7	-0.24	-0.2015	0.092	-0.4107525	NAN	
9.71	-0.235	-0.1975	0.0855	-0.409865	NAN	
9.72	-0.225	-0.194	0.096	-0.4089575	NAN	
9.73	-0.22	-0.19	0.094	-0.4080075	NAN	
9.74	-0.21	-0.186	0.1075	-0.407	NAN	
9.75	-0.2	-0.1825	0.0955	-0.405985	NAN	
9.76	-0.195	-0.1785	0.108	-0.4049675	NAN	
9.77	-0.185	-0.175	0.1025	-0.403915	NAN	
9.78	-0.18	-0.171	0.111	-0.4028475	NAN	
9.79	-0.17	-0.1675	0.105	-0.4017675	NAN	
9.8	-0.16	-0.164	0.1105	-0.40069	NAN	
9.81	-0.155	-0.16	0.11	-0.3995875	NAN	
9.82	-0.145	-0.157	0.116	-0.3984575	NAN	
9.83	-0.14	-0.153	0.1165	-0.397295	NAN	
9.84	-0.13	-0.149	0.1205	-0.39611	NAN	
9.85	-0.12	-0.146	0.115	-0.3949325	NAN	
9.86	-0.115	-0.142	0.126	-0.3937275	NAN	
9.87	-0.105	-0.1385	0.1205	-0.392495	NAN	
9.88	-0.1	-0.1345	0.1295	-0.391245	NAN	
9.89	-0.09	-0.1315	0.127	-0.3899625	NAN	
9.9	-0.08	-0.128	0.128	-0.3886875	NAN	
9.91	-0.075	-0.1245	0.131	-0.3873925	NAN	
9.92	-0.065	-0.121	0.1345	-0.386065	NAN	
9.93	-0.06	-0.1175	0.13	-0.3847425	NAN	
9.94	-0.05	-0.114	0.142	-0.3833825	NAN	
9.95	-0.04	-0.1105	0.1315	-0.382015	NAN	
9.96	-0.035	-0.107	0.146	-0.3806275	NAN	
9.97	-0.025	-0.1035	0.1435	-0.37918	NAN	
9.98	-0.02	-0.1	0.145	-0.3777375	NAN	
9.99	-0.01	-0.097	0.15	-0.3762625	NAN	
10	0	-0.0935	0.1495	-0.374765	NAN	
10.01	0.005	-0.09	0.15	-0.3732675	NAN	
10.02	0.015	-0.087	0.161	-0.3717125	NAN	
10.03	0.02	-0.0835	0.1535	-0.37014	NAN	
10.04	0.03	-0.08	0.1665	-0.36854	NAN	
10.05	0.04	-0.0775	0.153	-0.3669425	NAN	
10.06	0.045	-0.0735	0.166	-0.3653475	NAN	
10.07	0.055	-0.0705	0.1665	-0.363685	NAN	
10.08	0.06	-0.0675	0.1685	-0.36201	NAN	
10.09	0.07	-0.0645	0.1715	-0.36031	NAN	
10.1	0.08	-0.061	0.1745	-0.35858	NAN	
10.11	0.085	-0.058	0.1735	-0.35684	NAN	
10.12	0.095	-0.055	0.186	-0.3550425	NAN	
10.13	0.1	-0.052	0.177	-0.3532275	NAN	
10.14	0.11	-0.0485	0.19	-0.3513925	NAN	
10.15	0.12	-0.046	0.185	-0.3495175	NAN	
10.16	0.125	-0.0425	0.1815	-0.347685	NAN	
10.17	0.135	-0.0395	0.1915	-0.34582	NAN	
10.18	0.14	-0.0365	0.1935	-0.343895	NAN	
10.19	0.15	-0.0335	0.201	-0.3419225	NAN	
10.2	0.16	-0.031	0.2005	-0.339915	NAN	
10.21	0.165	-0.0275	0.218	-0.3378225	NAN	
10.22	0.175	-0.0255	0.2135	-0.335665	NAN	
10.23	0.18	-0.022	0.1955	-0.33362	NAN	
10.24	0.19	-0.0195	0.218	-0.3315525	NAN	
10.25	0.2	-0.016	0.2145	-0.32939	NAN	
10.26	0.205	-0.013	0.2195	-0.32722	NAN	
10.27	0.215	-0.0105	0.23	-0.3249725	NAN	
10.28	0.22	-0.0065	0.2265	-0.32269	NAN	
10.29	0.23	-0.0045	0.2275	-0.32042	NAN	
10.3	0.24	-0.0015	0.2305	-0.31813	NAN	
10.31	0.245	0.0005	0.2315	-0.31582	NAN	
10.32	0.255	0.003	0.2455	-0.313435	NAN	
10.33	0.26	0.006	0.2385	-0.311015	NAN	
10.34	0.27	0.009	0.2515	-0.308565	NAN	
10.35	0.28	0.0115	0.246	-0.3060775	NAN	
10.36	0.285	0.014	0.258	-0.3035575	NAN	
10.37	0.295	0.017	0.2625	-0.300955	NAN	
10.38	0.3	0.019	0.261	-0.2983375	NAN	
10.39	0.31	0.022	0.267	-0.2956975	NAN	
10.4	0.32	0.0245	0.2685	-0.29302	NAN	
10.41	0.325	0.027	0.2705	-0.290325	NAN	
10.42	0.335	0.03	0.2805	-0.28757	NAN	
10.43	0.34	0.032	0.275	-0.2847925	NAN	
10.44	0.35	0.0345	0.2925	-0.281955	NAN	
10.45	0.36	0.037	0.278	-0.2791025	NAN	
10.46	0.365	0.0395	0.293	-0.2762475	NAN	
10.47	0.375	0.0415	0.298	-0.2732925	NAN	
10.48	0.38	0.0445	0.296	-0.2703225	NAN	
10.49	0.39	0.0465	0.3065	-0.26731	NAN	
10.5	0.4	0.049	0.295	-0.2643025	NAN	
10.51	0.405	0.0515	0.303	-0.2613125	NAN	
10.52	0.415	0.0545	0.312	-0.2582375	NAN	
10.53	0.42	0.056	0.3175	-0.25509	NAN	
10.54	0.43	0.058	0.33	-0.2518525	NAN	
10.55	0.44	0.06	0.321	-0.2485975	NAN	
10.56	0.445	0.0625	0.332	-0.2453325	NAN	
10.57	0.455	0.065	0.3265	-0.24204	NAN	
10.58	0.46	0.0665	0.3395	-0.23871	NAN	
10.59	0.47	0.069	0.341	-0.2353075	NAN	
10.6	0.48	0.071	0.3455	-0.231875	NAN	
10.61	0.485	0.073	0.3535	-0.22838	NAN	
10.62	0.495	0.075	0.357	-0.2248275	NAN	
10.63	0.5	0.078	0.3585	-0.22125	NAN	
10.64	0.51	0.079	0.3665	-0.217625	NAN	
10.65	0.52	0.081	0.3665	-0.21396	NAN	
10.66	0.525	0.0835	0.3765	-0.210245	NAN	
10.67	0.535	0.0845	0.3765	-0.20648	NAN	
10.68	0.54	0.0865	0.384	-0.2026775	NAN	
10.69	0.55	0.0885	0.384	-0.1988375	NAN	
10.7	0.56	0.0905	0.394	-0.1949475	NAN	
10.71	0.565	0.092	0.3915	-0.19102	NAN	
10.72	0.575	0.094	0.407	-0.1870275	NAN	
10.73	0.58	0.0955	0.404	-0.1829725	NAN	
10.74	0.59	0.0975	0.415	-0.1788775	NAN	
10.75	0.6	0.099	0.416	-0.1747225	NAN	
10.76	0.605	0.101	0.424	-0.1705225	NAN	
10.77	0.615	0.1025	0.431	-0.1662475	NAN	
10.78	0.62	0.104	0.433	-0.1619275	NAN	
10.79	0.63	0.106	0.44	-0.1575625	NAN	
10.8	0.64	0.1075	0.441	-0.1531575	NAN	
10.81	0.645	0.109	0.4445	-0.14873	NAN	
10.82	0.655	0.1105	0.4545	-0.144235	NAN	
10.83	0.66	0.1115	0.455	-0.1396875	NAN	
10.84	0.67	0.113	0.467	-0.1350775	NAN	
10.85	0.68	0.1145	0.465	-0.1304175	NAN	
10.86	0.685	0.116	0.48	-0.1256925	NAN	
10.87	0.695	0.1175	0.4785	-0.1209	NAN	
10.88	0.7	0.119	0.491	-0.1160525	NAN	
10.89	0.71	0.1205	0.4905	-0.111145	NAN	
10.9	0.72	0.1215	0.503	-0.1061775	NAN	
10.91	0.725	0.123	0.501	-0.1011575	NAN	
10.92	0.735	0.1245	0.5165	-0.09607	NAN	
10.93	0.74	0.126	0.509	-0.0909425	NAN	
10.94	0.75	0.1275	0.525	-0.0857725	NAN	
10.95	0.76	0.129	0.5205	-0.080545	NAN	
10.96	0.765	0.1305	0.535	-0.0752675	NAN	
10.97	0.775	0.1315	0.5385	-0.0699	NAN	
10.98	0.78	0.133	0.544	-0.0644875	NAN	
10.99	0.79	0.135	0.5495	-0.05902	NAN	
11	0.8	0.1365	0.5535	-0.053505	NAN	
11.01	0.805	0.138	0.5585	-0.047945	NAN	
11.02	0.815	0.1395	0.5665	-0.04232	NAN	
11.03	0.82	0.1415	0.5705	-0.036635	NAN	
11.04	0.83	0.143	0.5755	-0.030905	NAN	
11.05	0.84	0.145	0.5785	-0.025135	NAN	
11.06	0.845	0.1465	0.578	-0.0193525	NAN	
11.07	0.855	0.1485	0.5925	-0.0135	NAN	
11.08	0.86	0.1505	0.592	-0.0075775	NAN	
11.09	0.87	0.1525	0.601	-0.0016125	NAN	
11.1	0.88	0.1545	0.6035	0.00441	NAN	
11.11	0.885	0.1565	0.608	0.0104675	NAN	
11.12	0.895	0.1585	0.6165	0.01659	NAN	
11.13	0.9	0.161	0.616	0.0227525	NAN	
11.14	0.91	0.163	0.624	0.0289525	NAN	
11.15	0.92	0.1655	0.622	0.0351825	NAN	
11.16	0.925	0.1675	0.632	0.0414525	NAN	
11.17	0.935	0.17	0.635	0.0477875	NAN	
11.18	0.94	0.172	0.638	0.0541525	NAN	
11.19	0.95	0.1745	0.6385	0.060535	NAN	
11.2	0.96	0.177	0.6435	0.066945	NAN	
11.21	0.965	0.1795	0.6445	0.073385	NAN	
11.22	0.975	0.1825	0.657	0.0798925	NAN	
11.23	0.98	0.185	0.6505	0.08643	NAN	
11.24	0.99	0.1875	0.662	0.0929925	NAN	
11.25	1	0.1905	0.656	0.0995825	NAN	
11.26	1.005	0.193	0.667	0.1061975	NAN	
11.27	1.015	0.196	0.6735	0.1129	NAN	
11.28	1.02	0.1985	0.6665	0.1196	NAN	
11.29	1.03	0.2015	0.6665	0.126265	NAN	
11.3	1.04	0.2045	0.6805	0.133	NAN	
11.31	1.045	0.2075	0.6725	0.139765	NAN	
11.32	1.055	0.211	0.6825	0.14654	NAN	
11.33	1.06	0.214	0.6785	0.153345	NAN	
11.34	1.07	0.2175	0.6875	0.160175	NAN	
11.35	1.08	0.221	0.6775	0.167	NAN	
11.36	1.085	0.225	0.6875	0.173825	NAN	
11.37	1.095	0.2285	0.6865	0.180695	NAN	
11.38	1.1	0.2325	0.69	0.1875775	NAN	
11.39	1.11	0.2365	0.6855	0.194455	NAN	
11.4	1.12	0.2405	0.6905	0.201335	NAN	
11.41	1.125	0.245	0.6865	0.20822	NAN	
11.42	1.135	0.249	0.7005	0.215155	NAN	
11.43	1.14	0.2535	0.6825	0.22207	NAN	
11.44	1.15	0.2585	0.678	0.2288725	NAN	
11.45	1.16	0.263	0.6775	0.23565	NAN	
11.46	1.165	0.268	0.6855	0.242465	NAN	
11.47	1.175	0.273	0.668	0.2492325	NAN	
11.48	1.18	0.278	0.689	0.2560175	NAN	
11.49	1.19	0.2835	0.693	0.2629275	NAN	
11.5	1.2	0.289	0.685	0.2698175	NAN	
11.51	1.205	0.295	0.675	0.2766175	NAN	
11.52	1.215	0.301	0.687	0.2834275	NAN	
11.53	1.22	0.307	0.671	0.2902175	NAN	
11.54	1.23	0.3135	0.67	0.2969225	NAN	
11.55	1.24	0.32	0.6545	0.303545	NAN	
11.56	1.245	0.327	0.6605	0.31012	NAN	
11.57	1.255	0.334	0.6515	0.31668	NAN	
11.58	1.26	0.342	0.6515	0.323195	NAN	
11.59	1.27	0.3495	0.6375	0.32964	NAN	
11.6	1.28	0.3575	0.6365	0.33601	NAN	
11.61	1.285	0.366	0.615	0.3422675	NAN	
11.62	1.295	0.3745	0.623	0.3484575	NAN	
11.63	1.3	0.3835	0.6085	0.354615	NAN	
11.64	1.31	0.3935	0.6055	0.360685	NAN	
11.65	1.32	0.403	0.59	0.3666625	NAN	
11.66	1.325	0.4135	0.586	0.3725425	NAN	
11.67	1.335	0.4235	0.5655	0.3783	NAN	
11.68	1.34	0.4345	0.5555	0.383905	NAN	
11.69	1.35	0.4455	0.545	0.3894075	NAN	
11.7	1.36	0.457	0.5305	0.394785	NAN	
11.71	1.365	0.469	0.5195	0.400035	NAN	
11.72	1.375	0.4815	0.5135	0.4052	NAN	
11.73	1.38	0.494	0.489	0.4102125	NAN	
11.74	1.39	0.507	0.479	0.4150525	NAN	
11.75	1.4	0.52	0.462	0.4197575	NAN	
11.76	1.405	0.5335	0.446	0.4242975	NAN	
11.77	1.415	0.547	0.4285	0.42867	NAN	
11.78	1.42	0.5615	0.41	0.4328625	NAN	
11.79	1.43	0.5755	0.3935	0.43688	NAN	
11.8	1.44	0.5895	0.369	0.4406925	NAN	
11.81	1.445	0.604	0.3575	0.444325	NAN	
11.82	1.455	0.618	0.3445	0.447835	NAN	
11.83	1.46	0.6325	0.3205	0.45116	NAN	
11.84	1.47	0.647	0.319	0.4543575	NAN	
11.85	1.48	0.661	0.277	0.4573375	NAN	
11.86	1.485	0.675	0.2775	0.46011	NAN	
11.87	1.495	0.6885	0.259	0.4627925	NAN	
11.88	1.5	0.7025	0.2435	0.465305	NAN	
11.89	1.51	0.7155	0.2245	0.467645	NAN	
11.9	1.52	0.728	0.2145	0.46984	NAN	
11.91	1.525	0.7405	0.1955	0.47189	NAN	
11.92	1.535	0.752	0.1905	0.47382	NAN	
11.93	1.54	0.764	0.173	0.4756375	NAN	
11.94	1.55	0.775	0.1645	0.477325	NAN	
11.95	1.56	0.7855	0.1545	0.47892	NAN	
11.96	1.565	0.796	0.1405	0.480395	NAN	
11.97	1.575	0.806	0.128	0.4817375	NAN	
11.98	1.58	0.8155	0.127	0.4830125	NAN	
11.99	1.59	0.8245	0.118	0.4842375	NAN	
12	1.6	0.833	0.1075	0.485365	NAN	
12.01	1.605	0.8415	0.1005	0.486405	NAN	
12.02	1.615	0.849	0.103	0.4874225	NAN	
12.03	1.62	0.8565	0.0845	0.48836	NAN	
12.04	1.63	0.864	0.098	0.4892725	NAN	
12.05	1.64	0.871	0.072	0.4901225	NAN	
12.06	1.645	0.8775	0.079	0.4908775	NAN	
12.07	1.655	0.884	0.078	0.4916625	NAN	
12.08	1.66	0.8905	0.074	0.4924225	NAN	
12.09	1.67	0.8965	0.0655	0.49312	NAN	
12.1	1.68	0.9025	0.0705	0.4938	NAN	
12.11	1.685	0.9085	0.0595	0.49445	NAN	
12.12	1.695	0.914	0.07	0.4950975	NAN	
12.13	1.7	0.9195	0.0585	0.49574	NAN	
12.14	1.71	0.925	0.059	0.4963275	NAN	
12.15	1.72	0.9305	0.052	0.4968825	NAN	
12.16	1.725	0.9355	0.0555	0.49742	NAN	
12.17	1.735	0.9405	0.0505	0.49795	NAN	
12.18	1.74	0.9455	0.0565	0.498485	NAN	
12.19	1.75	0.9505	0.047	0.4990025	NAN	
12.2	1.76	0.9555	0.052	0.4994975	NAN	
12.21	1.765	0.96	0.047	0.4999925	NAN	
12.22	1.775	0.965	0.0495	0.500475	NAN	
12.23	1.78	0.9695	0.046	0.5009525	NAN	
12.24	1.79	0.974	0.051	0.5014375	NAN	
12.25	1.8	0.9785	0.04	0.5018925	NAN	
12.26	1.805	0.9835	0.051	0.5023475	NAN	
12.27	1.815	0.9875	0.045	0.5028275	NAN	
12.28	1.82	0.9925	0.0395	0.50325	NAN	
12.29	1.83	0.997	0.0475	0.503685	NAN	
12.3	1.84	1.0015	0.0375	0.50411	NAN	
12.31	1.845	1.0055	0.0365	0.50448	NAN	
12.32	1.855	1.01	0.0565	0.504945	NAN	
12.33	1.86	1.0145	0.0375	0.505415	NAN	
12.34	1.87	1.019	0.053	0.5058675	NAN	
12.35	1.88	1.02	0.0495	0.50638	NAN	
12.36	1.885	1.02	0.029	0.5067725	NAN	
12.37	1.895	1.02	0.036	0.5070975	NAN	
12.38	1.9	1.02	0.019	0.5073725	NAN	
12.39	1.91	1.02	0.032	0.5076275	NAN	
12.4	1.92	1.02	0.0535	0.508055	NAN	
12.41	1.925	1.02	0.018	0.5084125	NAN	
12.42	1.935	1.02	0.02	0.5086025	NAN	
12.43	1.94	1.02	0.04	0.5089025	NAN	
12.44	1.95	1.02	0.039	0.5092975	NAN	
12.45	1.96	1.02	0.031	0.5096475	NAN	
12.46	1.965	1.02	0.0395	0.51	NAN	
12.47	1.975	1.02	0.0385	0.51039	NAN	
12.48	1.98	1.02	0.038	0.5107725	NAN	
12.49	1.99	1.02	0.0365	0.511145	NAN	
12.5	2	1.02	0.0375	0.511515	NAN	
