MIN=0	-10	-1	-1	-2	0	
MAX=12.5	10	1	1	2	50	
SCALE=5	5	0.5	0.5	1	10	
DEC=2	2	3	3	2	2	
DEF="Time" t / s	"Voltage" U_1 / V	"Current" I_1 / A	"Voltage" U_B2 / V	"Magnetic Flux" &F / Vs	"Frequency" f / Hz	
0	0	-0.001	0.004	0	NAN	
0.01	0.005	-0.001	0.001	2.5E-5	NAN	
0.02	0.015	-0.0005	0.0115	8.75E-5	NAN	
0.03	0.02	0	0.014	0.000215	NAN	
0.04	0.03	0.0015	0.0265	0.0004175	NAN	
0.05	0.04	0.002	0.032	0.00071	NAN	
0.06	0.045	0.003	0.046	0.0011	NAN	
0.07	0.055	0.0035	0.047	0.001565	NAN	
0.08	0.06	0.005	0.0545	0.0020725	NAN	
0.09	0.07	0.006	0.0505	0.0025975	NAN	
0.1	0.08	0.008	0.058	0.00314	NAN	
0.11	0.085	0.0095	0.0635	0.0037475	NAN	
0.12	0.095	0.0115	0.0705	0.0044175	NAN	
0.13	0.1	0.0135	0.0735	0.0051375	NAN	
0.14	0.11	0.0145	0.083	0.00592	NAN	
0.15	0.12	0.0175	0.0805	0.0067375	NAN	
0.16	0.125	0.019	0.0935	0.0076075	NAN	
0.17	0.135	0.0215	0.092	0.008535	NAN	
0.18	0.14	0.0235	0.1	0.009495	NAN	
0.19	0.15	0.0255	0.1025	0.0105075	NAN	
0.2	0.16	0.0285	0.1005	0.0115225	NAN	
0.21	0.165	0.0305	0.1085	0.0125675	NAN	
0.22	0.175	0.0325	0.1145	0.0136825	NAN	
0.23	0.18	0.035	0.115	0.01483	NAN	
0.24	0.19	0.037	0.1255	0.0160325	NAN	
0.25	0.2	0.04	0.1205	0.0172625	NAN	
0.26	0.205	0.042	0.1335	0.0185325	NAN	
0.27	0.215	0.0445	0.134	0.01987	NAN	
0.28	0.22	0.047	0.1375	0.0212275	NAN	
0.29	0.23	0.0495	0.1435	0.0226325	NAN	
0.3	0.24	0.0525	0.1405	0.0240525	NAN	
0.31	0.245	0.0545	0.1465	0.0254875	NAN	
0.32	0.255	0.0575	0.1545	0.0269925	NAN	
0.33	0.26	0.06	0.1515	0.0285225	NAN	
0.34	0.27	0.062	0.164	0.0301	NAN	
0.35	0.28	0.065	0.1585	0.0317125	NAN	
0.36	0.285	0.067	0.17	0.033355	NAN	
0.37	0.295	0.07	0.172	0.035065	NAN	
0.38	0.3	0.0725	0.174	0.036795	NAN	
0.39	0.31	0.075	0.183	0.03858	NAN	
0.4	0.32	0.077	0.18	0.040395	NAN	
0.41	0.325	0.0795	0.187	0.04223	NAN	
0.42	0.335	0.0815	0.191	0.04412	NAN	
0.43	0.34	0.0845	0.191	0.04603	NAN	
0.44	0.35	0.0865	0.201	0.04799	NAN	
0.45	0.36	0.089	0.197	0.04998	NAN	
0.46	0.365	0.0915	0.208	0.052005	NAN	
0.47	0.375	0.0935	0.2105	0.0540975	NAN	
0.48	0.38	0.0965	0.214	0.05622	NAN	
0.49	0.39	0.0985	0.217	0.058375	NAN	
0.5	0.4	0.101	0.219	0.060555	NAN	
0.51	0.405	0.1035	0.2245	0.0627725	NAN	
0.52	0.415	0.1065	0.2265	0.0650275	NAN	
0.53	0.42	0.109	0.2275	0.0672975	NAN	
0.54	0.43	0.1115	0.234	0.069605	NAN	
0.55	0.44	0.1145	0.232	0.071935	NAN	
0.56	0.445	0.117	0.243	0.07431	NAN	
0.57	0.455	0.1195	0.242	0.076735	NAN	
0.58	0.46	0.122	0.2505	0.0791975	NAN	
0.59	0.47	0.1245	0.2485	0.0816925	NAN	
0.6	0.48	0.1265	0.258	0.084225	NAN	
0.61	0.485	0.129	0.2565	0.0867975	NAN	
0.62	0.495	0.131	0.266	0.08941	NAN	
0.63	0.5	0.1335	0.264	0.09206	NAN	
0.64	0.51	0.1355	0.272	0.09474	NAN	
0.65	0.52	0.137	0.2745	0.0974725	NAN	
0.66	0.525	0.139	0.2795	0.1002425	NAN	
0.67	0.535	0.1415	0.2875	0.1030775	NAN	
0.68	0.54	0.143	0.2905	0.1059675	NAN	
0.69	0.55	0.1455	0.2945	0.1088925	NAN	
0.7	0.56	0.1475	0.301	0.11187	NAN	
0.71	0.565	0.149	0.3005	0.1148775	NAN	
0.72	0.575	0.151	0.315	0.117955	NAN	
0.73	0.58	0.1535	0.308	0.12107	NAN	
0.74	0.59	0.155	0.3205	0.1242125	NAN	
0.75	0.6	0.157	0.316	0.127395	NAN	
0.76	0.605	0.159	0.328	0.130615	NAN	
0.77	0.615	0.161	0.3325	0.1339175	NAN	
0.78	0.62	0.163	0.336	0.13726	NAN	
0.79	0.63	0.165	0.3405	0.1406425	NAN	
0.8	0.64	0.167	0.3405	0.1440475	NAN	
0.81	0.645	0.169	0.348	0.14749	NAN	
0.82	0.655	0.171	0.3545	0.1510025	NAN	
0.83	0.66	0.173	0.356	0.154555	NAN	
0.84	0.67	0.175	0.3625	0.1581475	NAN	
0.85	0.68	0.177	0.361	0.161765	NAN	
0.86	0.685	0.1795	0.3705	0.1654225	NAN	
0.87	0.695	0.1815	0.3715	0.1691325	NAN	
0.88	0.7	0.184	0.379	0.172885	NAN	
0.89	0.71	0.1865	0.3785	0.1766725	NAN	
0.9	0.72	0.1885	0.3885	0.1805075	NAN	
0.91	0.725	0.191	0.3865	0.1843825	NAN	
0.92	0.735	0.194	0.4	0.188315	NAN	
0.93	0.74	0.1965	0.3925	0.1922775	NAN	
0.94	0.75	0.199	0.4045	0.1962625	NAN	
0.95	0.76	0.202	0.3985	0.2002775	NAN	
0.96	0.765	0.2045	0.4065	0.2043025	NAN	
0.97	0.775	0.2075	0.409	0.20838	NAN	
0.98	0.78	0.2105	0.409	0.21247	NAN	
0.99	0.79	0.2135	0.4145	0.2165875	NAN	
1	0.8	0.2165	0.415	0.220735	NAN	
1.01	0.805	0.2195	0.4215	0.2249175	NAN	
1.02	0.815	0.2225	0.424	0.229145	NAN	
1.03	0.82	0.2255	0.4255	0.2333925	NAN	
1.04	0.83	0.229	0.428	0.23766	NAN	
1.05	0.84	0.2325	0.4285	0.2419425	NAN	
1.06	0.845	0.236	0.431	0.24624	NAN	
1.07	0.855	0.24	0.433	0.25056	NAN	
1.08	0.86	0.2435	0.433	0.25489	NAN	
1.09	0.87	0.2475	0.4325	0.2592175	NAN	
1.1	0.88	0.2515	0.437	0.263565	NAN	
1.11	0.885	0.2555	0.434	0.26792	NAN	
1.12	0.895	0.2595	0.443	0.272305	NAN	
1.13	0.9	0.264	0.433	0.276685	NAN	
1.14	0.91	0.268	0.4445	0.2810725	NAN	
1.15	0.92	0.2725	0.436	0.285475	NAN	
1.16	0.925	0.277	0.444	0.289875	NAN	
1.17	0.935	0.2815	0.4375	0.2942825	NAN	
1.18	0.94	0.2865	0.443	0.298685	NAN	
1.19	0.95	0.2915	0.4345	0.3030725	NAN	
1.2	0.96	0.2965	0.4405	0.3074475	NAN	
1.21	0.965	0.302	0.43	0.3118	NAN	
1.22	0.975	0.307	0.439	0.316145	NAN	
1.23	0.98	0.312	0.427	0.320475	NAN	
1.24	0.99	0.3175	0.435	0.324785	NAN	
1.25	1	0.3235	0.425	0.329085	NAN	
1.26	1.005	0.329	0.428	0.33335	NAN	
1.27	1.015	0.3345	0.425	0.337615	NAN	
1.28	1.02	0.3405	0.423	0.341855	NAN	
1.29	1.03	0.347	0.421	0.346075	NAN	
1.3	1.04	0.353	0.411	0.350235	NAN	
1.31	1.045	0.36	0.409	0.354335	NAN	
1.32	1.055	0.3665	0.4065	0.3584125	NAN	
1.33	1.06	0.373	0.4015	0.3624525	NAN	
1.34	1.07	0.3805	0.408	0.3665	NAN	
1.35	1.08	0.387	0.3935	0.3705075	NAN	
1.36	1.085	0.3945	0.395	0.37445	NAN	
1.37	1.095	0.4015	0.387	0.37836	NAN	
1.38	1.1	0.4095	0.368	0.382135	NAN	
1.39	1.11	0.4165	0.369	0.38582	NAN	
1.4	1.12	0.4245	0.365	0.38949	NAN	
1.41	1.125	0.4325	0.3525	0.3930775	NAN	
1.42	1.135	0.4405	0.3615	0.3966475	NAN	
1.43	1.14	0.4485	0.3485	0.4001975	NAN	
1.44	1.15	0.4565	0.3445	0.4036625	NAN	
1.45	1.16	0.4645	0.33	0.407035	NAN	
1.46	1.165	0.473	0.3305	0.4103375	NAN	
1.47	1.175	0.4815	0.32	0.41359	NAN	
1.48	1.18	0.49	0.315	0.416765	NAN	
1.49	1.19	0.4985	0.3055	0.4198675	NAN	
1.5	1.2	0.5075	0.294	0.422865	NAN	
1.51	1.205	0.5165	0.2905	0.4257875	NAN	
1.52	1.215	0.5255	0.283	0.428655	NAN	
1.53	1.22	0.5345	0.272	0.43143	NAN	
1.54	1.23	0.5435	0.269	0.434135	NAN	
1.55	1.24	0.553	0.2525	0.4367425	NAN	
1.56	1.245	0.5615	0.2545	0.4392775	NAN	
1.57	1.255	0.571	0.24	0.44175	NAN	
1.58	1.26	0.58	0.238	0.44414	NAN	
1.59	1.27	0.5895	0.221	0.446435	NAN	
1.6	1.28	0.5985	0.2165	0.4486225	NAN	
1.61	1.285	0.6075	0.2035	0.4507225	NAN	
1.62	1.295	0.6165	0.199	0.452735	NAN	
1.63	1.3	0.625	0.19	0.45468	NAN	
1.64	1.31	0.6335	0.1855	0.4565575	NAN	
1.65	1.32	0.6425	0.1755	0.4583625	NAN	
1.66	1.325	0.651	0.1725	0.4601025	NAN	
1.67	1.335	0.6595	0.162	0.461775	NAN	
1.68	1.34	0.668	0.1615	0.4633925	NAN	
1.69	1.35	0.676	0.1475	0.4649375	NAN	
1.7	1.36	0.684	0.148	0.466415	NAN	
1.71	1.365	0.6915	0.135	0.46783	NAN	
1.72	1.375	0.6995	0.136	0.469185	NAN	
1.73	1.38	0.707	0.127	0.4705	NAN	
1.74	1.39	0.7145	0.124	0.471755	NAN	
1.75	1.4	0.722	0.1155	0.4729525	NAN	
1.76	1.405	0.729	0.1165	0.4741125	NAN	
1.77	1.415	0.736	0.1075	0.4752325	NAN	
1.78	1.42	0.7425	0.1095	0.4763175	NAN	
1.79	1.43	0.7495	0.0995	0.4773625	NAN	
1.8	1.44	0.7555	0.102	0.47837	NAN	
1.81	1.445	0.7625	0.0945	0.4793525	NAN	
1.82	1.455	0.769	0.0955	0.4803025	NAN	
1.83	1.46	0.775	0.0875	0.4812175	NAN	
1.84	1.47	0.781	0.087	0.48209	NAN	
1.85	1.48	0.787	0.0775	0.4829125	NAN	
1.86	1.485	0.793	0.0855	0.4837275	NAN	
1.87	1.495	0.799	0.0755	0.4845325	NAN	
1.88	1.5	0.8045	0.082	0.48532	NAN	
1.89	1.51	0.8105	0.073	0.486095	NAN	
1.9	1.52	0.816	0.0735	0.4868275	NAN	
1.91	1.525	0.8215	0.072	0.487555	NAN	
1.92	1.535	0.827	0.073	0.48828	NAN	
1.93	1.54	0.832	0.0655	0.4889725	NAN	
1.94	1.55	0.8375	0.0725	0.4896625	NAN	
1.95	1.56	0.843	0.0555	0.4903025	NAN	
1.96	1.565	0.848	0.0685	0.4909225	NAN	
1.97	1.575	0.8535	0.061	0.49157	NAN	
1.98	1.58	0.8585	0.0615	0.4921825	NAN	
1.99	1.59	0.8635	0.0615	0.4927975	NAN	
2	1.6	0.8685	0.0595	0.4934025	NAN	
2.01	1.605	0.8735	0.055	0.493975	NAN	
2.02	1.615	0.878	0.064	0.49457	NAN	
2.03	1.62	0.883	0.0505	0.4951425	NAN	
2.04	1.63	0.888	0.062	0.495705	NAN	
2.05	1.64	0.893	0.048	0.496255	NAN	
2.06	1.645	0.897	0.054	0.496765	NAN	
2.07	1.655	0.902	0.0515	0.4972925	NAN	
2.08	1.66	0.9065	0.0465	0.4977825	NAN	
2.09	1.67	0.9115	0.049	0.49826	NAN	
2.1	1.68	0.916	0.0505	0.4987575	NAN	
2.11	1.685	0.9205	0.044	0.49923	NAN	
2.12	1.695	0.9255	0.057	0.499735	NAN	
2.13	1.7	0.93	0.045	0.500245	NAN	
2.14	1.71	0.935	0.051	0.500725	NAN	
2.15	1.72	0.939	0.0455	0.5012075	NAN	
2.16	1.725	0.944	0.0495	0.5016825	NAN	
2.17	1.735	0.948	0.0465	0.5021625	NAN	
2.18	1.74	0.953	0.0485	0.5026375	NAN	
2.19	1.75	0.957	0.04	0.50308	NAN	
2.2	1.76	0.9615	0.0475	0.5035175	NAN	
2.21	1.765	0.966	0.041	0.50396	NAN	
2.22	1.775	0.9705	0.0475	0.5044025	NAN	
2.23	1.78	0.975	0.0425	0.5048525	NAN	
2.24	1.79	0.9795	0.0455	0.5052925	NAN	
2.25	1.8	0.984	0.0385	0.5057125	NAN	
2.26	1.805	0.988	0.049	0.50615	NAN	
2.27	1.815	0.993	0.04	0.506595	NAN	
2.28	1.82	0.9975	0.047	0.50703	NAN	
2.29	1.83	1.0015	0.0385	0.5074575	NAN	
2.3	1.84	1.006	0.04	0.50785	NAN	
2.31	1.845	1.01	0.0345	0.5082225	NAN	
2.32	1.855	1.0145	0.041	0.5086	NAN	
2.33	1.86	1.019	0.035	0.50898	NAN	
2.34	1.87	1.02	0.041	0.50936	NAN	
2.35	1.88	1.02	0.031	0.50972	NAN	
2.36	1.885	1.02	0.0425	0.5100875	NAN	
2.37	1.895	1.02	0.038	0.51049	NAN	
2.38	1.9	1.02	0.038	0.51087	NAN	
2.39	1.91	1.02	0.04	0.51126	NAN	
2.4	1.92	1.02	0.0375	0.5116475	NAN	
2.41	1.925	1.02	0.032	0.511995	NAN	
2.42	1.935	1.02	0.041	0.51236	NAN	
2.43	1.94	1.02	0.0295	0.5127125	NAN	
2.44	1.95	1.02	0.042	0.51307	NAN	
2.45	1.96	1.02	0.031	0.513435	NAN	
2.46	1.965	1.02	0.038	0.51378	NAN	
2.47	1.975	1.02	0.0385	0.5141625	NAN	
2.48	1.98	1.02	0.041	0.51456	NAN	
2.49	1.99	1.02	0.033	0.51493	NAN	
2.5	2	1.02	0.0415	0.5153025	NAN	
2.51	1.995	1.02	0.0245	0.5156325	NAN	
2.52	1.985	1.02	0.0185	0.5158475	NAN	
2.53	1.98	1.02	0.005	0.515965	NAN	
2.54	1.97	1.02	0.0005	0.5159925	NAN	
2.55	1.96	1.02	-0.004	0.515975	NAN	
2.56	1.955	1.02	-0.0025	0.5159425	NAN	
2.57	1.945	1.02	-0.015	0.515855	NAN	
2.58	1.94	1.02	-0.004	0.51576	NAN	
2.59	1.93	1.02	-0.0165	0.5156575	NAN	
2.6	1.92	1.02	-0.005	0.51555	NAN	
2.61	1.915	1.02	-0.0145	0.5154525	NAN	
2.62	1.905	1.02	-0.009	0.515335	NAN	
2.63	1.9	1.02	-0.0145	0.5152175	NAN	
2.64	1.89	1.02	-0.013	0.51508	NAN	
2.65	1.88	1.02	-0.0135	0.5149475	NAN	
2.66	1.875	1.02	-0.0155	0.5148025	NAN	
2.67	1.865	1.02	-0.01	0.514675	NAN	
2.68	1.86	1.02	-0.01	0.514575	NAN	
2.69	1.85	1.02	-0.013	0.51446	NAN	
2.7	1.84	1.02	-0.0085	0.5143525	NAN	
2.71	1.835	1.02	-0.014	0.51424	NAN	
2.72	1.825	1.02	-0.013	0.514105	NAN	
2.73	1.82	1.02	-0.0185	0.5139475	NAN	
2.74	1.81	1.02	-0.014	0.513785	NAN	
2.75	1.8	1.02	-0.015	0.51364	NAN	
2.76	1.795	1.02	-0.016	0.513485	NAN	
2.77	1.785	1.017	-0.016	0.513325	NAN	
2.78	1.78	1.013	-0.014	0.513175	NAN	
2.79	1.77	1.0085	-0.0165	0.5130225	NAN	
2.8	1.76	1.0045	-0.011	0.512885	NAN	
2.81	1.755	1.0005	-0.018	0.51274	NAN	
2.82	1.745	0.9965	-0.011	0.512595	NAN	
2.83	1.74	0.992	-0.02	0.51244	NAN	
2.84	1.73	0.988	-0.01	0.51229	NAN	
2.85	1.72	0.984	-0.0185	0.5121475	NAN	
2.86	1.715	0.9795	-0.0135	0.5119875	NAN	
2.87	1.705	0.9755	-0.019	0.511825	NAN	
2.88	1.7	0.9715	-0.016	0.51165	NAN	
2.89	1.69	0.967	-0.017	0.511485	NAN	
2.9	1.68	0.9635	-0.014	0.51133	NAN	
2.91	1.675	0.9585	-0.0175	0.5111725	NAN	
2.92	1.665	0.955	-0.015	0.51101	NAN	
2.93	1.66	0.9505	-0.02	0.510835	NAN	
2.94	1.65	0.9465	-0.0105	0.5106825	NAN	
2.95	1.64	0.942	-0.0205	0.5105275	NAN	
2.96	1.635	0.938	-0.0135	0.5103575	NAN	
2.97	1.625	0.934	-0.024	0.51017	NAN	
2.98	1.62	0.9295	-0.015	0.509975	NAN	
2.99	1.61	0.925	-0.02	0.5098	NAN	
3	1.6	0.921	-0.0165	0.5096175	NAN	
3.01	1.595	0.917	-0.017	0.50945	NAN	
3.02	1.585	0.913	-0.017	0.50928	NAN	
3.03	1.58	0.9085	-0.019	0.5091	NAN	
3.04	1.57	0.9045	-0.0145	0.5089325	NAN	
3.05	1.56	0.9	-0.0215	0.5087525	NAN	
3.06	1.555	0.896	-0.012	0.508585	NAN	
3.07	1.545	0.8915	-0.026	0.508395	NAN	
3.08	1.54	0.887	-0.015	0.50819	NAN	
3.09	1.53	0.8825	-0.025	0.50799	NAN	
3.1	1.52	0.8785	-0.0165	0.5077825	NAN	
3.11	1.515	0.874	-0.0205	0.5075975	NAN	
3.12	1.505	0.8695	-0.022	0.507385	NAN	
3.13	1.5	0.865	-0.0195	0.5071775	NAN	
3.14	1.49	0.861	-0.0185	0.5069875	NAN	
3.15	1.48	0.8565	-0.0215	0.5067875	NAN	
3.16	1.475	0.8525	-0.015	0.506605	NAN	
3.17	1.465	0.8475	-0.026	0.5064	NAN	
3.18	1.46	0.8435	-0.013	0.506205	NAN	
3.19	1.45	0.839	-0.0285	0.5059975	NAN	
3.2	1.44	0.835	-0.017	0.50577	NAN	
3.21	1.435	0.8305	-0.025	0.50556	NAN	
3.22	1.425	0.826	-0.0225	0.5053225	NAN	
3.23	1.42	0.8215	-0.02	0.50511	NAN	
3.24	1.41	0.817	-0.0225	0.5048975	NAN	
3.25	1.4	0.813	-0.021	0.50468	NAN	
3.26	1.395	0.8085	-0.0185	0.5044825	NAN	
3.27	1.385	0.804	-0.026	0.50426	NAN	
3.28	1.38	0.7995	-0.0165	0.5040475	NAN	
3.29	1.37	0.7955	-0.029	0.50382	NAN	
3.3	1.36	0.791	-0.0165	0.5035925	NAN	
3.31	1.355	0.7865	-0.028	0.50337	NAN	
3.32	1.345	0.782	-0.023	0.503115	NAN	
3.33	1.34	0.7775	-0.025	0.502875	NAN	
3.34	1.33	0.7735	-0.023	0.502635	NAN	
3.35	1.32	0.769	-0.0215	0.5024125	NAN	
3.36	1.315	0.764	-0.0235	0.5021875	NAN	
3.37	1.305	0.7605	-0.026	0.50194	NAN	
3.38	1.3	0.7555	-0.0195	0.5017125	NAN	
3.39	1.29	0.751	-0.028	0.501475	NAN	
3.4	1.28	0.747	-0.0175	0.5012475	NAN	
3.41	1.275	0.7425	-0.0295	0.5010125	NAN	
3.42	1.265	0.7385	-0.021	0.50076	NAN	
3.43	1.26	0.734	-0.0275	0.5005175	NAN	
3.44	1.25	0.73	-0.024	0.50026	NAN	
3.45	1.24	0.726	-0.0245	0.5000175	NAN	
3.46	1.235	0.7215	-0.0245	0.4997725	NAN	
3.47	1.225	0.717	-0.026	0.49952	NAN	
3.48	1.22	0.7125	-0.0235	0.4992725	NAN	
3.49	1.21	0.7085	-0.0265	0.4990225	NAN	
3.5	1.2	0.7045	-0.0205	0.4987875	NAN	
3.51	1.195	0.7	-0.031	0.49853	NAN	
3.52	1.185	0.6955	-0.023	0.49826	NAN	
3.53	1.18	0.691	-0.0325	0.4979825	NAN	
3.54	1.17	0.687	-0.025	0.497695	NAN	
3.55	1.16	0.6825	-0.0265	0.4974375	NAN	
3.56	1.155	0.6785	-0.0265	0.4971725	NAN	
3.57	1.145	0.6735	-0.0275	0.4969025	NAN	
3.58	1.14	0.6695	-0.0255	0.4966375	NAN	
3.59	1.13	0.665	-0.029	0.496365	NAN	
3.6	1.12	0.661	-0.0245	0.4960975	NAN	
3.61	1.115	0.6565	-0.03	0.495825	NAN	
3.62	1.105	0.6525	-0.025	0.49555	NAN	
3.63	1.1	0.648	-0.0345	0.4952525	NAN	
3.64	1.09	0.6435	-0.026	0.49495	NAN	
3.65	1.08	0.6395	-0.0325	0.4946575	NAN	
3.66	1.075	0.635	-0.027	0.49436	NAN	
3.67	1.065	0.6305	-0.033	0.49406	NAN	
3.68	1.06	0.6265	-0.03	0.493745	NAN	
3.69	1.05	0.622	-0.0305	0.4934425	NAN	
3.7	1.04	0.618	-0.0285	0.4931475	NAN	
3.71	1.035	0.6135	-0.0325	0.4928425	NAN	
3.72	1.025	0.609	-0.0295	0.4925325	NAN	
3.73	1.02	0.605	-0.033	0.49222	NAN	
3.74	1.01	0.6005	-0.0275	0.4919175	NAN	
3.75	1	0.596	-0.035	0.491605	NAN	
3.76	0.995	0.592	-0.03	0.49128	NAN	
3.77	0.985	0.5875	-0.039	0.490935	NAN	
3.78	0.98	0.583	-0.0315	0.4905825	NAN	
3.79	0.97	0.5785	-0.0335	0.4902575	NAN	
3.8	0.96	0.5745	-0.033	0.489925	NAN	
3.81	0.955	0.5705	-0.0335	0.4895925	NAN	
3.82	0.945	0.5665	-0.0295	0.4892775	NAN	
3.83	0.94	0.5615	-0.0365	0.4889475	NAN	
3.84	0.93	0.5575	-0.0305	0.4886125	NAN	
3.85	0.92	0.5535	-0.0385	0.4882675	NAN	
3.86	0.915	0.549	-0.0315	0.4879175	NAN	
3.87	0.905	0.5445	-0.0445	0.4875375	NAN	
3.88	0.9	0.5405	-0.0325	0.4871525	NAN	
3.89	0.89	0.5355	-0.0415	0.4867825	NAN	
3.9	0.88	0.5315	-0.035	0.4864	NAN	
3.91	0.875	0.527	-0.0375	0.4860375	NAN	
3.92	0.865	0.5225	-0.041	0.485645	NAN	
3.93	0.86	0.518	-0.04	0.48524	NAN	
3.94	0.85	0.514	-0.038	0.48485	NAN	
3.95	0.84	0.5095	-0.041	0.484455	NAN	
3.96	0.835	0.505	-0.0355	0.4840725	NAN	
3.97	0.825	0.5005	-0.047	0.48366	NAN	
3.98	0.82	0.496	-0.036	0.483245	NAN	
3.99	0.81	0.492	-0.048	0.482825	NAN	
4	0.8	0.4875	-0.038	0.482395	NAN	
4.01	0.795	0.483	-0.0435	0.4819875	NAN	
4.02	0.785	0.4785	-0.049	0.481525	NAN	
4.03	0.78	0.474	-0.0455	0.4810525	NAN	
4.04	0.77	0.47	-0.0445	0.4806025	NAN	
4.05	0.76	0.4655	-0.042	0.48017	NAN	
4.06	0.755	0.461	-0.04	0.47976	NAN	
4.07	0.745	0.4565	-0.053	0.479295	NAN	
4.08	0.74	0.452	-0.04	0.47883	NAN	
4.09	0.73	0.448	-0.053	0.478365	NAN	
4.1	0.72	0.4435	-0.0425	0.4778875	NAN	
4.11	0.715	0.4395	-0.049	0.47743	NAN	
4.12	0.705	0.435	-0.049	0.47694	NAN	
4.13	0.7	0.4305	-0.048	0.476455	NAN	
4.14	0.69	0.4265	-0.049	0.47597	NAN	
4.15	0.68	0.422	-0.051	0.47547	NAN	
4.16	0.675	0.4175	-0.048	0.474975	NAN	
4.17	0.665	0.4135	-0.0575	0.4744475	NAN	
4.18	0.66	0.409	-0.0445	0.4739375	NAN	
4.19	0.65	0.4045	-0.057	0.47343	NAN	
4.2	0.64	0.4	-0.0465	0.4729125	NAN	
4.21	0.635	0.396	-0.055	0.472405	NAN	
4.22	0.625	0.3915	-0.054	0.47186	NAN	
4.23	0.62	0.3875	-0.0535	0.4713225	NAN	
4.24	0.61	0.3835	-0.0545	0.4707825	NAN	
4.25	0.6	0.379	-0.0545	0.4702375	NAN	
4.26	0.595	0.375	-0.0525	0.4697025	NAN	
4.27	0.585	0.3705	-0.0595	0.4691425	NAN	
4.28	0.58	0.3665	-0.0505	0.4685925	NAN	
4.29	0.57	0.3625	-0.061	0.468035	NAN	
4.3	0.56	0.358	-0.052	0.46747	NAN	
4.31	0.555	0.354	-0.06	0.46691	NAN	
4.32	0.545	0.3495	-0.0605	0.4663075	NAN	
4.33	0.54	0.3455	-0.06	0.465705	NAN	
4.34	0.53	0.3415	-0.0625	0.4650925	NAN	
4.35	0.52	0.3375	-0.061	0.464475	NAN	
4.36	0.515	0.3335	-0.0585	0.4638775	NAN	
4.37	0.505	0.329	-0.069	0.46324	NAN	
4.38	0.5	0.325	-0.0565	0.4626125	NAN	
4.39	0.49	0.321	-0.069	0.461985	NAN	
4.4	0.48	0.317	-0.057	0.461355	NAN	
4.41	0.475	0.313	-0.068	0.46073	NAN	
4.42	0.465	0.309	-0.0655	0.4600625	NAN	
4.43	0.46	0.3045	-0.0675	0.4593975	NAN	
4.44	0.45	0.3005	-0.0705	0.4587075	NAN	
4.45	0.44	0.2965	-0.069	0.45801	NAN	
4.46	0.435	0.2925	-0.07	0.457315	NAN	
4.47	0.425	0.2885	-0.0755	0.4565875	NAN	
4.48	0.42	0.2845	-0.066	0.45588	NAN	
4.49	0.41	0.2805	-0.0775	0.4551625	NAN	
4.5	0.4	0.2765	-0.066	0.454445	NAN	
4.51	0.395	0.2725	-0.079	0.45372	NAN	
4.52	0.385	0.2685	-0.075	0.45295	NAN	
4.53	0.38	0.2645	-0.077	0.45219	NAN	
4.54	0.37	0.2605	-0.0785	0.4514125	NAN	
4.55	0.36	0.2565	-0.08	0.45062	NAN	
4.56	0.355	0.2525	-0.0805	0.4498175	NAN	
4.57	0.345	0.2485	-0.087	0.44898	NAN	
4.58	0.34	0.2445	-0.077	0.44816	NAN	
4.59	0.33	0.2405	-0.089	0.44733	NAN	
4.6	0.32	0.2365	-0.077	0.4465	NAN	
4.61	0.315	0.233	-0.091	0.44566	NAN	
4.62	0.305	0.229	-0.083	0.44479	NAN	
4.63	0.3	0.225	-0.09	0.443925	NAN	
4.64	0.29	0.221	-0.0875	0.4430375	NAN	
4.65	0.28	0.2175	-0.089	0.442155	NAN	
4.66	0.275	0.2135	-0.093	0.441245	NAN	
4.67	0.265	0.2095	-0.0985	0.4402875	NAN	
4.68	0.26	0.206	-0.0935	0.4393275	NAN	
4.69	0.25	0.202	-0.1015	0.4383525	NAN	
4.7	0.24	0.198	-0.0905	0.4373925	NAN	
4.71	0.235	0.194	-0.1045	0.4364175	NAN	
4.72	0.225	0.1905	-0.098	0.435405	NAN	
4.73	0.22	0.1865	-0.106	0.434385	NAN	
4.74	0.21	0.183	-0.102	0.433345	NAN	
4.75	0.2	0.179	-0.1045	0.4323125	NAN	
4.76	0.195	0.1755	-0.109	0.431245	NAN	
4.77	0.185	0.1715	-0.113	0.430135	NAN	
4.78	0.18	0.168	-0.1095	0.4290225	NAN	
4.79	0.17	0.1645	-0.118	0.427885	NAN	
4.8	0.16	0.1605	-0.1085	0.4267525	NAN	
4.81	0.155	0.157	-0.1215	0.4256025	NAN	
4.82	0.145	0.1535	-0.114	0.424425	NAN	
4.83	0.14	0.1495	-0.122	0.423245	NAN	
4.84	0.13	0.146	-0.12	0.422035	NAN	
4.85	0.12	0.1425	-0.1215	0.4208275	NAN	
4.86	0.115	0.139	-0.1245	0.4195975	NAN	
4.87	0.105	0.1355	-0.1305	0.4183225	NAN	
4.88	0.1	0.132	-0.128	0.41703	NAN	
4.89	0.09	0.128	-0.137	0.415705	NAN	
4.9	0.08	0.1245	-0.13	0.41437	NAN	
4.91	0.075	0.121	-0.1465	0.4129875	NAN	
4.92	0.065	0.1175	-0.131	0.4116	NAN	
4.93	0.06	0.114	-0.1375	0.4102575	NAN	
4.94	0.05	0.1105	-0.1415	0.4088625	NAN	
4.95	0.04	0.107	-0.1465	0.4074225	NAN	
4.96	0.035	0.1035	-0.1395	0.4059925	NAN	
4.97	0.025	0.1	-0.1475	0.4045575	NAN	
4.98	0.02	0.097	-0.1565	0.4030375	NAN	
4.99	0.01	0.093	-0.156	0.401475	NAN	
5	0	0.09	-0.151	0.39994	NAN	
5.01	-0.005	0.0865	-0.163	0.39837	NAN	
5.02	-0.015	0.0835	-0.1575	0.3967675	NAN	
5.03	-0.02	0.08	-0.1635	0.3951625	NAN	
5.04	-0.03	0.0765	-0.16	0.393545	NAN	
5.05	-0.04	0.0735	-0.1665	0.3919125	NAN	
5.06	-0.045	0.0705	-0.162	0.39027	NAN	
5.07	-0.055	0.067	-0.1715	0.3886025	NAN	
5.08	-0.06	0.064	-0.167	0.38691	NAN	
5.09	-0.07	0.061	-0.1765	0.3851925	NAN	
5.1	-0.08	0.0575	-0.177	0.383425	NAN	
5.11	-0.085	0.0545	-0.1845	0.3816175	NAN	
5.12	-0.095	0.0515	-0.185	0.37977	NAN	
5.13	-0.1	0.048	-0.19	0.377895	NAN	
5.14	-0.11	0.0455	-0.1825	0.3760325	NAN	
5.15	-0.12	0.0425	-0.1925	0.3741575	NAN	
5.16	-0.125	0.039	-0.1955	0.3722175	NAN	
5.17	-0.135	0.0355	-0.201	0.370235	NAN	
5.18	-0.14	0.033	-0.203	0.368215	NAN	
5.19	-0.15	0.0305	-0.2085	0.3661575	NAN	
5.2	-0.16	0.027	-0.201	0.36411	NAN	
5.21	-0.165	0.024	-0.212	0.362045	NAN	
5.22	-0.175	0.021	-0.215	0.35991	NAN	
5.23	-0.18	0.0185	-0.219	0.35774	NAN	
5.24	-0.19	0.016	-0.2175	0.3555575	NAN	
5.25	-0.2	0.0125	-0.2255	0.3533425	NAN	
5.26	-0.205	0.0095	-0.219	0.35112	NAN	
5.27	-0.215	0.007	-0.2345	0.3488525	NAN	
5.28	-0.22	0.004	-0.2225	0.3465675	NAN	
5.29	-0.23	0.0015	-0.231	0.3443	NAN	
5.3	-0.24	-0.0015	-0.219	0.34205	NAN	
5.31	-0.245	-0.0045	-0.246	0.339725	NAN	
5.32	-0.255	-0.006	-0.2475	0.3372575	NAN	
5.33	-0.26	-0.0095	-0.249	0.334775	NAN	
5.34	-0.27	-0.012	-0.255	0.332255	NAN	
5.35	-0.28	-0.015	-0.253	0.329715	NAN	
5.36	-0.285	-0.0175	-0.254	0.32718	NAN	
5.37	-0.295	-0.02	-0.2695	0.3245625	NAN	
5.38	-0.3	-0.023	-0.254	0.321945	NAN	
5.39	-0.31	-0.025	-0.2745	0.3193025	NAN	
5.4	-0.32	-0.028	-0.267	0.316595	NAN	
5.41	-0.325	-0.03	-0.2745	0.3138875	NAN	
5.42	-0.335	-0.033	-0.2775	0.3111275	NAN	
5.43	-0.34	-0.0355	-0.284	0.30832	NAN	
5.44	-0.35	-0.038	-0.2905	0.3054475	NAN	
5.45	-0.36	-0.0405	-0.291	0.30254	NAN	
5.46	-0.365	-0.0425	-0.2935	0.2996175	NAN	
5.47	-0.375	-0.045	-0.3005	0.2966475	NAN	
5.48	-0.38	-0.0475	-0.2995	0.2936475	NAN	
5.49	-0.39	-0.05	-0.3115	0.2905925	NAN	
5.5	-0.4	-0.052	-0.305	0.28751	NAN	
5.51	-0.405	-0.0545	-0.3185	0.2843925	NAN	
5.52	-0.415	-0.057	-0.317	0.281215	NAN	
5.53	-0.42	-0.0585	-0.3255	0.2780025	NAN	
5.54	-0.43	-0.061	-0.3285	0.2747325	NAN	
5.55	-0.44	-0.0635	-0.3325	0.2714275	NAN	
5.56	-0.445	-0.0655	-0.336	0.268085	NAN	
5.57	-0.455	-0.0675	-0.3425	0.2646925	NAN	
5.58	-0.46	-0.07	-0.351	0.261225	NAN	
5.59	-0.47	-0.072	-0.3495	0.2577225	NAN	
5.6	-0.48	-0.074	-0.344	0.254255	NAN	
5.61	-0.485	-0.076	-0.3645	0.2507125	NAN	
5.62	-0.495	-0.078	-0.359	0.247095	NAN	
5.63	-0.5	-0.08	-0.368	0.24346	NAN	
5.64	-0.51	-0.082	-0.3645	0.2397975	NAN	
5.65	-0.52	-0.084	-0.3925	0.2360125	NAN	
5.66	-0.525	-0.086	-0.3765	0.2321675	NAN	
5.67	-0.535	-0.088	-0.395	0.22831	NAN	
5.68	-0.54	-0.09	-0.3875	0.2243975	NAN	
5.69	-0.55	-0.0915	-0.397	0.220475	NAN	
5.7	-0.56	-0.093	-0.397	0.216505	NAN	
5.71	-0.565	-0.095	-0.4045	0.2124975	NAN	
5.72	-0.575	-0.097	-0.411	0.20842	NAN	
5.73	-0.58	-0.0985	-0.4125	0.2043025	NAN	
5.74	-0.59	-0.1	-0.421	0.200135	NAN	
5.75	-0.6	-0.102	-0.4285	0.1958875	NAN	
5.76	-0.605	-0.1035	-0.432	0.191585	NAN	
5.77	-0.615	-0.105	-0.4335	0.1872575	NAN	
5.78	-0.62	-0.1065	-0.42	0.18299	NAN	
5.79	-0.63	-0.1085	-0.4755	0.1785125	NAN	
5.8	-0.64	-0.11	-0.4375	0.1739475	NAN	
5.81	-0.645	-0.1115	-0.43	0.16961	NAN	
5.82	-0.655	-0.1125	-0.461	0.165155	NAN	
5.83	-0.66	-0.114	-0.472	0.16049	NAN	
5.84	-0.67	-0.116	-0.4685	0.1557875	NAN	
5.85	-0.68	-0.117	-0.4675	0.1511075	NAN	
5.86	-0.685	-0.118	-0.4865	0.1463375	NAN	
5.87	-0.695	-0.1195	-0.492	0.141445	NAN	
5.88	-0.7	-0.121	-0.496	0.136505	NAN	
5.89	-0.71	-0.1225	-0.501	0.13152	NAN	
5.9	-0.72	-0.124	-0.506	0.126485	NAN	
5.91	-0.725	-0.1255	-0.511	0.1214	NAN	
5.92	-0.735	-0.1275	-0.516	0.116265	NAN	
5.93	-0.74	-0.1285	-0.5215	0.1110775	NAN	
5.94	-0.75	-0.13	-0.525	0.105845	NAN	
5.95	-0.76	-0.1315	-0.532	0.10056	NAN	
5.96	-0.765	-0.133	-0.5335	0.0952325	NAN	
5.97	-0.775	-0.1345	-0.549	0.08982	NAN	
5.98	-0.78	-0.136	-0.535	0.0844	NAN	
5.99	-0.79	-0.1375	-0.558	0.078935	NAN	
6	-0.8	-0.1395	-0.556	0.073365	NAN	
6.01	-0.805	-0.141	-0.5655	0.0677575	NAN	
6.02	-0.815	-0.1425	-0.565	0.062105	NAN	
6.03	-0.82	-0.1445	-0.575	0.056405	NAN	
6.04	-0.83	-0.1465	-0.574	0.05066	NAN	
6.05	-0.84	-0.148	-0.5825	0.0448775	NAN	
6.06	-0.845	-0.15	-0.5695	0.0391175	NAN	
6.07	-0.855	-0.152	-0.6015	0.0332625	NAN	
6.08	-0.86	-0.154	-0.5915	0.0272975	NAN	
6.09	-0.87	-0.1565	-0.629	0.021195	NAN	
6.1	-0.88	-0.1585	-0.5955	0.0150725	NAN	
6.11	-0.885	-0.1605	-0.617	0.00901	NAN	
6.12	-0.895	-0.1625	-0.618	0.002835	NAN	
6.13	-0.9	-0.165	-0.606	-0.003285	NAN	
6.14	-0.91	-0.1675	-0.6225	-0.0094275	NAN	
6.15	-0.92	-0.1695	-0.615	-0.015615	NAN	
6.16	-0.925	-0.1725	-0.6235	-0.0218075	NAN	
6.17	-0.935	-0.1745	-0.6385	-0.0281175	NAN	
6.18	-0.94	-0.1775	-0.6315	-0.0344675	NAN	
6.19	-0.95	-0.1795	-0.639	-0.04082	NAN	
6.2	-0.96	-0.182	-0.6395	-0.0472125	NAN	
6.21	-0.965	-0.185	-0.6425	-0.0536225	NAN	
6.22	-0.975	-0.1875	-0.654	-0.060105	NAN	
6.23	-0.98	-0.1905	-0.6625	-0.0666875	NAN	
6.24	-0.99	-0.193	-0.659	-0.073295	NAN	
6.25	-1	-0.196	-0.6345	-0.0797625	NAN	
6.26	-1.005	-0.199	-0.659	-0.08623	NAN	
6.27	-1.015	-0.2015	-0.6705	-0.0928775	NAN	
6.28	-1.02	-0.2045	-0.6525	-0.0994925	NAN	
6.29	-1.03	-0.2075	-0.657	-0.10604	NAN	
6.3	-1.04	-0.2115	-0.6525	-0.1125875	NAN	
6.31	-1.045	-0.214	-0.6875	-0.1192875	NAN	
6.32	-1.055	-0.2175	-0.6885	-0.1261675	NAN	
6.33	-1.06	-0.2215	-0.675	-0.132985	NAN	
6.34	-1.07	-0.225	-0.669	-0.139705	NAN	
6.35	-1.08	-0.2285	-0.6815	-0.1464575	NAN	
6.36	-1.085	-0.233	-0.6635	-0.1531825	NAN	
6.37	-1.095	-0.2365	-0.6795	-0.1598975	NAN	
6.38	-1.1	-0.2405	-0.6725	-0.1666575	NAN	
6.39	-1.11	-0.245	-0.684	-0.17344	NAN	
6.4	-1.12	-0.2495	-0.664	-0.18018	NAN	
6.41	-1.125	-0.2535	-0.672	-0.18686	NAN	
6.42	-1.135	-0.2585	-0.6765	-0.1936025	NAN	
6.43	-1.14	-0.263	-0.6865	-0.2004175	NAN	
6.44	-1.15	-0.268	-0.677	-0.207235	NAN	
6.45	-1.16	-0.273	-0.6865	-0.2140525	NAN	
6.46	-1.165	-0.278	-0.669	-0.22083	NAN	
6.47	-1.175	-0.2835	-0.675	-0.22755	NAN	
6.48	-1.18	-0.289	-0.669	-0.23427	NAN	
6.49	-1.19	-0.2945	-0.672	-0.240975	NAN	
6.5	-1.2	-0.3005	-0.663	-0.24765	NAN	
6.51	-1.205	-0.3065	-0.6625	-0.2542775	NAN	
6.52	-1.215	-0.313	-0.6635	-0.2609075	NAN	
6.53	-1.22	-0.3195	-0.6555	-0.2675025	NAN	
6.54	-1.23	-0.3265	-0.653	-0.274045	NAN	
6.55	-1.24	-0.3335	-0.647	-0.280545	NAN	
6.56	-1.245	-0.341	-0.6415	-0.2869875	NAN	
6.57	-1.255	-0.349	-0.636	-0.293375	NAN	
6.58	-1.26	-0.3565	-0.624	-0.299675	NAN	
6.59	-1.27	-0.3645	-0.6255	-0.3059225	NAN	
6.6	-1.28	-0.3735	-0.609	-0.312095	NAN	
6.61	-1.285	-0.382	-0.6015	-0.3181475	NAN	
6.62	-1.295	-0.3915	-0.5925	-0.3241175	NAN	
6.63	-1.3	-0.4005	-0.5925	-0.3300425	NAN	
6.64	-1.31	-0.4105	-0.577	-0.33589	NAN	
6.65	-1.32	-0.4205	-0.5745	-0.3416475	NAN	
6.66	-1.325	-0.431	-0.5545	-0.3472925	NAN	
6.67	-1.335	-0.4415	-0.5555	-0.3528425	NAN	
6.68	-1.34	-0.4525	-0.527	-0.358255	NAN	
6.69	-1.35	-0.464	-0.529	-0.363535	NAN	
6.7	-1.36	-0.475	-0.503	-0.368695	NAN	
6.71	-1.365	-0.487	-0.504	-0.37373	NAN	
6.72	-1.375	-0.499	-0.483	-0.378665	NAN	
6.73	-1.38	-0.5115	-0.474	-0.38345	NAN	
6.74	-1.39	-0.5235	-0.455	-0.388095	NAN	
6.75	-1.4	-0.536	-0.4435	-0.3925875	NAN	
6.76	-1.405	-0.5485	-0.43	-0.396955	NAN	
6.77	-1.415	-0.5615	-0.4185	-0.4011975	NAN	
6.78	-1.42	-0.5745	-0.3975	-0.4052775	NAN	
6.79	-1.43	-0.5875	-0.3855	-0.4091925	NAN	
6.8	-1.44	-0.601	-0.363	-0.412935	NAN	
6.81	-1.445	-0.614	-0.356	-0.41653	NAN	
6.82	-1.455	-0.6275	-0.3335	-0.4199775	NAN	
6.83	-1.46	-0.6415	-0.324	-0.423265	NAN	
6.84	-1.47	-0.6545	-0.301	-0.42639	NAN	
6.85	-1.48	-0.6685	-0.295	-0.42937	NAN	
6.86	-1.485	-0.6815	-0.272	-0.432205	NAN	
6.87	-1.495	-0.694	-0.269	-0.43491	NAN	
6.88	-1.5	-0.7075	-0.243	-0.43747	NAN	
6.89	-1.51	-0.72	-0.235	-0.43986	NAN	
6.9	-1.52	-0.732	-0.217	-0.44212	NAN	
6.91	-1.525	-0.744	-0.207	-0.44424	NAN	
6.92	-1.535	-0.7555	-0.193	-0.44624	NAN	
6.93	-1.54	-0.767	-0.184	-0.448125	NAN	
6.94	-1.55	-0.7785	-0.1685	-0.4498875	NAN	
6.95	-1.56	-0.789	-0.166	-0.45156	NAN	
6.96	-1.565	-0.799	-0.148	-0.45313	NAN	
6.97	-1.575	-0.8095	-0.1535	-0.4546375	NAN	
6.98	-1.58	-0.819	-0.1315	-0.4560625	NAN	
6.99	-1.59	-0.828	-0.134	-0.45739	NAN	
7	-1.6	-0.837	-0.118	-0.45865	NAN	
7.01	-1.605	-0.845	-0.114	-0.45981	NAN	
7.02	-1.615	-0.8535	-0.1075	-0.4609175	NAN	
7.03	-1.62	-0.8615	-0.1015	-0.4619625	NAN	
7.04	-1.63	-0.869	-0.094	-0.46294	NAN	
7.05	-1.64	-0.8765	-0.0945	-0.4638825	NAN	
7.06	-1.645	-0.8835	-0.0805	-0.4647575	NAN	
7.07	-1.655	-0.8905	-0.092	-0.46562	NAN	
7.08	-1.66	-0.8975	-0.075	-0.466455	NAN	
7.09	-1.67	-0.904	-0.0845	-0.4672525	NAN	
7.1	-1.68	-0.91	-0.071	-0.46803	NAN	
7.11	-1.685	-0.9165	-0.074	-0.468755	NAN	
7.12	-1.695	-0.9225	-0.0705	-0.4694775	NAN	
7.13	-1.7	-0.9285	-0.067	-0.470165	NAN	
7.14	-1.71	-0.934	-0.0635	-0.4708175	NAN	
7.15	-1.72	-0.94	-0.063	-0.47145	NAN	
7.16	-1.725	-0.9455	-0.0565	-0.4720475	NAN	
7.17	-1.735	-0.951	-0.067	-0.472665	NAN	
7.18	-1.74	-0.9565	-0.0495	-0.4732475	NAN	
7.19	-1.75	-0.962	-0.063	-0.47381	NAN	
7.2	-1.76	-0.967	-0.0505	-0.4743775	NAN	
7.21	-1.765	-0.972	-0.059	-0.474925	NAN	
7.22	-1.775	-0.977	-0.0555	-0.4754975	NAN	
7.23	-1.78	-0.982	-0.051	-0.47603	NAN	
7.24	-1.79	-0.9875	-0.0535	-0.4765525	NAN	
7.25	-1.8	-0.9925	-0.051	-0.477075	NAN	
7.26	-1.805	-0.9975	-0.0445	-0.4775525	NAN	
7.27	-1.815	-1.0025	-0.057	-0.47806	NAN	
7.28	-1.82	-1.0075	-0.0405	-0.4785475	NAN	
7.29	-1.83	-1.0125	-0.054	-0.47902	NAN	
7.3	-1.84	-1.0175	-0.0405	-0.4794925	NAN	
7.31	-1.845	-1.022	-0.0515	-0.4799525	NAN	
7.32	-1.855	-1.027	-0.048	-0.48045	NAN	
7.33	-1.86	-1.0275	-0.0475	-0.4809275	NAN	
7.34	-1.87	-1.0275	-0.046	-0.481395	NAN	
7.35	-1.88	-1.0275	-0.045	-0.48185	NAN	
7.36	-1.885	-1.0275	-0.0455	-0.4823025	NAN	
7.37	-1.895	-1.0275	-0.0535	-0.4827975	NAN	
7.38	-1.9	-1.0275	0.027	-0.48293	NAN	
7.39	-1.91	-1.0275	-0.0505	-0.4830475	NAN	
7.4	-1.92	-1.0275	-0.0355	-0.4834775	NAN	
7.41	-1.925	-1.0275	-0.0485	-0.4838975	NAN	
7.42	-1.935	-1.0275	-0.0415	-0.4843475	NAN	
7.43	-1.94	-1.0275	-0.0435	-0.4847725	NAN	
7.44	-1.95	-1.0275	-0.039	-0.485185	NAN	
7.45	-1.96	-1.0275	-0.037	-0.485565	NAN	
7.46	-1.965	-1.0275	-0.0365	-0.4859325	NAN	
7.47	-1.975	-1.0275	-0.0405	-0.4863175	NAN	
7.48	-1.98	-1.0275	-0.0335	-0.4866875	NAN	
7.49	-1.99	-1.0275	-0.046	-0.487085	NAN	
7.5	-2	-1.0275	-0.0305	-0.4874675	NAN	
7.51	-1.995	-1.0275	0.0005	-0.4876175	NAN	
7.52	-1.985	-1.0275	0.005	-0.48759	NAN	
7.53	-1.98	-1.0275	-0.0005	-0.4875675	NAN	
7.54	-1.97	-1.0275	-0.0265	-0.4877025	NAN	
7.55	-1.96	-1.0275	0.011	-0.48778	NAN	
7.56	-1.955	-1.0275	0.0145	-0.4876525	NAN	
7.57	-1.945	-1.0275	0.0355	-0.4874025	NAN	
7.58	-1.94	-1.0275	0.0065	-0.4871925	NAN	
7.59	-1.93	-1.0275	0	-0.48716	NAN	
7.6	-1.92	-1.0275	0.012	-0.4871	NAN	
7.61	-1.915	-1.0275	0.012	-0.48698	NAN	
7.62	-1.905	-1.0275	0.0075	-0.4868825	NAN	
7.63	-1.9	-1.0275	0.016	-0.486765	NAN	
7.64	-1.89	-1.0275	0.012	-0.486625	NAN	
7.65	-1.88	-1.0275	0.0035	-0.4865475	NAN	
7.66	-1.875	-1.0275	0.016	-0.48645	NAN	
7.67	-1.865	-1.0275	0.005	-0.486345	NAN	
7.68	-1.86	-1.0275	0.0155	-0.4862425	NAN	
7.69	-1.85	-1.0275	0.0125	-0.4861025	NAN	
7.7	-1.84	-1.0275	0.0075	-0.4860025	NAN	
7.71	-1.835	-1.0275	0.0165	-0.4858825	NAN	
7.72	-1.825	-1.0275	0.02	-0.4857	NAN	
7.73	-1.82	-1.0275	0.0055	-0.4855725	NAN	
7.74	-1.81	-1.0275	0.0245	-0.4854225	NAN	
7.75	-1.8	-1.0275	0.0075	-0.4852625	NAN	
7.76	-1.795	-1.0275	0.014	-0.485155	NAN	
7.77	-1.785	-1.0275	0.0135	-0.4850175	NAN	
7.78	-1.78	-1.0265	0.0135	-0.4848825	NAN	
7.79	-1.77	-1.022	0.0115	-0.4847575	NAN	
7.8	-1.76	-1.017	0.022	-0.48459	NAN	
7.81	-1.755	-1.0135	0.006	-0.48445	NAN	
7.82	-1.745	-1.0085	0.022	-0.48431	NAN	
7.83	-1.74	-1.0045	0.015	-0.484125	NAN	
7.84	-1.73	-1	0.011	-0.483995	NAN	
7.85	-1.72	-0.9955	0.013	-0.483875	NAN	
7.86	-1.715	-0.9905	0.017	-0.483725	NAN	
7.87	-1.705	-0.9865	0.018	-0.48355	NAN	
7.88	-1.7	-0.982	0.019	-0.483365	NAN	
7.89	-1.69	-0.9775	0.0065	-0.4832375	NAN	
7.9	-1.68	-0.973	0.019	-0.48311	NAN	
7.91	-1.675	-0.9685	0.0095	-0.4829675	NAN	
7.92	-1.665	-0.964	0.015	-0.482845	NAN	
7.93	-1.66	-0.9595	0.0085	-0.4827275	NAN	
7.94	-1.65	-0.9555	0.0215	-0.4825775	NAN	
7.95	-1.64	-0.951	0.01	-0.48242	NAN	
7.96	-1.635	-0.9465	0.0205	-0.4822675	NAN	
7.97	-1.625	-0.942	0.0085	-0.4821225	NAN	
7.98	-1.62	-0.9375	0.0145	-0.4820075	NAN	
7.99	-1.61	-0.933	0.018	-0.481845	NAN	
8	-1.6	-0.9285	0.017	-0.48167	NAN	
8.01	-1.595	-0.924	0.0105	-0.4815325	NAN	
8.02	-1.585	-0.919	0.023	-0.481365	NAN	
8.03	-1.58	-0.9155	0.0125	-0.4811875	NAN	
8.04	-1.57	-0.911	0.0205	-0.4810225	NAN	
8.05	-1.56	-0.9065	0.016	-0.48084	NAN	
8.06	-1.555	-0.902	0.019	-0.480665	NAN	
8.07	-1.545	-0.8975	0.017	-0.480485	NAN	
8.08	-1.54	-0.8925	0.0205	-0.4802975	NAN	
8.09	-1.53	-0.8885	0.0115	-0.4801375	NAN	
8.1	-1.52	-0.8835	0.0205	-0.4799775	NAN	
8.11	-1.515	-0.8795	0.016	-0.479795	NAN	
8.12	-1.505	-0.875	0.0205	-0.4796125	NAN	
8.13	-1.5	-0.8705	0.0165	-0.4794275	NAN	
8.14	-1.49	-0.866	0.023	-0.47923	NAN	
8.15	-1.48	-0.861	0.0145	-0.4790425	NAN	
8.16	-1.475	-0.8565	0.0275	-0.4788325	NAN	
8.17	-1.465	-0.853	0.015	-0.47862	NAN	
8.18	-1.46	-0.848	0.0185	-0.4784525	NAN	
8.19	-1.45	-0.8435	0.0235	-0.4782425	NAN	
8.2	-1.44	-0.8395	0.014	-0.478055	NAN	
8.21	-1.435	-0.835	0.016	-0.477905	NAN	
8.22	-1.425	-0.83	0.022	-0.477715	NAN	
8.23	-1.42	-0.826	0.013	-0.47754	NAN	
8.24	-1.41	-0.8215	0.0305	-0.4773225	NAN	
8.25	-1.4	-0.8175	0.018	-0.47708	NAN	
8.26	-1.395	-0.8125	0.017	-0.476905	NAN	
8.27	-1.385	-0.808	0.0275	-0.4766825	NAN	
8.28	-1.38	-0.8035	0.0215	-0.4764375	NAN	
8.29	-1.37	-0.7995	0.021	-0.476225	NAN	
8.3	-1.36	-0.795	0.0245	-0.4759975	NAN	
8.31	-1.355	-0.7905	0.0155	-0.4757975	NAN	
8.32	-1.345	-0.786	0.0265	-0.4755875	NAN	
8.33	-1.34	-0.7815	0.0155	-0.4753775	NAN	
8.34	-1.33	-0.777	0.0255	-0.4751725	NAN	
8.35	-1.32	-0.773	0.0225	-0.4749325	NAN	
8.36	-1.315	-0.7675	0.022	-0.47471	NAN	
8.37	-1.305	-0.7635	0.0215	-0.4744925	NAN	
8.38	-1.3	-0.7585	0.029	-0.47424	NAN	
8.39	-1.29	-0.7545	0.02	-0.473995	NAN	
8.4	-1.28	-0.7505	0.0235	-0.4737775	NAN	
8.41	-1.275	-0.746	0.021	-0.473555	NAN	
8.42	-1.265	-0.7415	0.023	-0.473335	NAN	
8.43	-1.26	-0.737	0.02	-0.47312	NAN	
8.44	-1.25	-0.733	0.0255	-0.4728925	NAN	
8.45	-1.24	-0.729	0.0175	-0.4726775	NAN	
8.46	-1.235	-0.724	0.029	-0.472445	NAN	
8.47	-1.225	-0.7205	0.022	-0.47219	NAN	
8.48	-1.22	-0.716	0.0245	-0.4719575	NAN	
8.49	-1.21	-0.7115	0.029	-0.47169	NAN	
8.5	-1.2	-0.7075	0.0235	-0.4714275	NAN	
8.51	-1.195	-0.703	0.0195	-0.4712125	NAN	
8.52	-1.185	-0.6985	0.0265	-0.4709825	NAN	
8.53	-1.18	-0.694	0.022	-0.47074	NAN	
8.54	-1.17	-0.6895	0.018	-0.47054	NAN	
8.55	-1.16	-0.6855	0.0055	-0.4704225	NAN	
8.56	-1.155	-0.681	0.003	-0.47038	NAN	
8.57	-1.145	-0.6765	0.0395	-0.4701675	NAN	
8.58	-1.14	-0.6725	0.031	-0.469815	NAN	
8.59	-1.13	-0.668	0.025	-0.469535	NAN	
8.6	-1.12	-0.6635	0.037	-0.469225	NAN	
8.61	-1.115	-0.6595	0.021	-0.468935	NAN	
8.62	-1.105	-0.655	0.042	-0.46862	NAN	
8.63	-1.1	-0.6505	0.019	-0.468315	NAN	
8.64	-1.09	-0.6465	0.03	-0.46807	NAN	
8.65	-1.08	-0.642	0.0265	-0.4677875	NAN	
8.66	-1.075	-0.6375	0.0265	-0.4675225	NAN	
8.67	-1.065	-0.6335	0.025	-0.467265	NAN	
8.68	-1.06	-0.629	0.031	-0.466985	NAN	
8.69	-1.05	-0.6245	0.0265	-0.4666975	NAN	
8.7	-1.04	-0.62	0.035	-0.46639	NAN	
8.71	-1.035	-0.616	0.032	-0.466055	NAN	
8.72	-1.025	-0.6115	0.034	-0.465725	NAN	
8.73	-1.02	-0.6075	0.0325	-0.4653925	NAN	
8.74	-1.01	-0.603	0.0315	-0.4650725	NAN	
8.75	-1	-0.5985	0.0225	-0.4648025	NAN	
8.76	-0.995	-0.594	0.037	-0.464505	NAN	
8.77	-0.985	-0.59	0.029	-0.464175	NAN	
8.78	-0.98	-0.5855	0.0345	-0.4638575	NAN	
8.79	-0.97	-0.581	0.032	-0.463525	NAN	
8.8	-0.96	-0.5765	0.031	-0.46321	NAN	
8.81	-0.955	-0.5725	0.03	-0.462905	NAN	
8.82	-0.945	-0.5685	0.038	-0.462565	NAN	
8.83	-0.94	-0.564	0.028	-0.462235	NAN	
8.84	-0.93	-0.5595	0.0375	-0.4619075	NAN	
8.85	-0.92	-0.556	0.029	-0.461575	NAN	
8.86	-0.915	-0.5515	0.038	-0.46124	NAN	
8.87	-0.905	-0.547	0.0355	-0.4608725	NAN	
8.88	-0.9	-0.5425	0.037	-0.46051	NAN	
8.89	-0.89	-0.538	0.0335	-0.4601575	NAN	
8.9	-0.88	-0.5335	0.039	-0.459795	NAN	
8.91	-0.875	-0.5295	0.03	-0.45945	NAN	
8.92	-0.865	-0.525	0.0425	-0.4590875	NAN	
8.93	-0.86	-0.521	0.0355	-0.4586975	NAN	
8.94	-0.85	-0.516	0.039	-0.458325	NAN	
8.95	-0.84	-0.512	0.037	-0.457945	NAN	
8.96	-0.835	-0.5075	0.041	-0.457555	NAN	
8.97	-0.825	-0.5035	0.0355	-0.4571725	NAN	
8.98	-0.82	-0.4995	0.0405	-0.4567925	NAN	
8.99	-0.81	-0.4945	0.036	-0.45641	NAN	
9	-0.8	-0.49	0.042	-0.45602	NAN	
9.01	-0.795	-0.4865	0.04	-0.45561	NAN	
9.02	-0.785	-0.4815	0.044	-0.45519	NAN	
9.03	-0.78	-0.4775	0.04	-0.45477	NAN	
9.04	-0.77	-0.473	0.046	-0.45434	NAN	
9.05	-0.76	-0.469	0.037	-0.453925	NAN	
9.06	-0.755	-0.4645	0.048	-0.4535	NAN	
9.07	-0.745	-0.4605	0.0405	-0.4530575	NAN	
9.08	-0.74	-0.456	0.0445	-0.4526325	NAN	
9.09	-0.73	-0.4515	0.042	-0.4522	NAN	
9.1	-0.72	-0.4475	0.043	-0.451775	NAN	
9.11	-0.715	-0.4435	0.043	-0.451345	NAN	
9.12	-0.705	-0.439	0.054	-0.45086	NAN	
9.13	-0.7	-0.4345	0.037	-0.450405	NAN	
9.14	-0.69	-0.4305	0.0585	-0.4499275	NAN	
9.15	-0.68	-0.426	0.049	-0.44939	NAN	
9.16	-0.675	-0.4215	0.061	-0.44884	NAN	
9.17	-0.665	-0.4175	0.037	-0.44835	NAN	
9.18	-0.66	-0.4135	0.042	-0.447955	NAN	
9.19	-0.65	-0.409	0.046	-0.447515	NAN	
9.2	-0.64	-0.4045	0.0475	-0.4470475	NAN	
9.21	-0.635	-0.4005	0.0445	-0.4465875	NAN	
9.22	-0.625	-0.3965	0.056	-0.446085	NAN	
9.23	-0.62	-0.392	0.046	-0.445575	NAN	
9.24	-0.61	-0.388	0.056	-0.445065	NAN	
9.25	-0.6	-0.384	0.0515	-0.4445275	NAN	
9.26	-0.595	-0.3795	0.053	-0.444005	NAN	
9.27	-0.585	-0.3755	0.0495	-0.4434925	NAN	
9.28	-0.58	-0.3715	0.0475	-0.4430075	NAN	
9.29	-0.57	-0.367	0.05	-0.44252	NAN	
9.3	-0.56	-0.363	0.058	-0.44198	NAN	
9.31	-0.555	-0.3585	0.057	-0.441405	NAN	
9.32	-0.545	-0.354	0.0615	-0.4408125	NAN	
9.33	-0.54	-0.3505	0.056	-0.440225	NAN	
9.34	-0.53	-0.3465	0.0575	-0.4396575	NAN	
9.35	-0.52	-0.342	0.0575	-0.4390825	NAN	
9.36	-0.515	-0.338	0.0635	-0.4384775	NAN	
9.37	-0.505	-0.334	0.058	-0.43787	NAN	
9.38	-0.5	-0.3295	0.0645	-0.4372575	NAN	
9.39	-0.49	-0.3255	0.0585	-0.4366425	NAN	
9.4	-0.48	-0.3215	0.064	-0.43603	NAN	
9.41	-0.475	-0.3175	0.0575	-0.4354225	NAN	
9.42	-0.465	-0.313	0.0665	-0.4348025	NAN	
9.43	-0.46	-0.309	0.071	-0.434115	NAN	
9.44	-0.45	-0.3045	0.065	-0.433435	NAN	
9.45	-0.44	-0.301	0.061	-0.432805	NAN	
9.46	-0.435	-0.2965	0.0735	-0.4321325	NAN	
9.47	-0.425	-0.2925	0.0675	-0.4314275	NAN	
9.48	-0.42	-0.289	0.071	-0.430735	NAN	
9.49	-0.41	-0.285	0.0745	-0.4300075	NAN	
9.5	-0.4	-0.2805	0.073	-0.42927	NAN	
9.51	-0.395	-0.2765	0.0805	-0.4285025	NAN	
9.52	-0.385	-0.2725	0.0825	-0.4276875	NAN	
9.53	-0.38	-0.2685	0.0595	-0.4269775	NAN	
9.54	-0.37	-0.2645	0.07	-0.42633	NAN	
9.55	-0.36	-0.2605	0.0715	-0.4256225	NAN	
9.56	-0.355	-0.256	0.0735	-0.4248975	NAN	
9.57	-0.345	-0.2525	0.0745	-0.4241575	NAN	
9.58	-0.34	-0.248	0.0725	-0.4234225	NAN	
9.59	-0.33	-0.2445	0.08	-0.42266	NAN	
9.6	-0.32	-0.2405	0.0875	-0.4218225	NAN	
9.61	-0.315	-0.2365	0.0765	-0.4210025	NAN	
9.62	-0.305	-0.233	0.092	-0.42016	NAN	
9.63	-0.3	-0.229	0.076	-0.41932	NAN	
9.64	-0.29	-0.225	0.0905	-0.4184875	NAN	
9.65	-0.28	-0.2215	0.083	-0.41762	NAN	
9.66	-0.275	-0.2175	0.091	-0.41675	NAN	
9.67	-0.265	-0.2135	0.092	-0.415835	NAN	
9.68	-0.26	-0.2095	0.0935	-0.4149075	NAN	
9.69	-0.25	-0.2055	0.0925	-0.4139775	NAN	
9.7	-0.24	-0.202	0.1005	-0.4130125	NAN	
9.71	-0.235	-0.198	0.0945	-0.4120375	NAN	
9.72	-0.225	-0.1945	0.1045	-0.4110425	NAN	
9.73	-0.22	-0.1905	0.0965	-0.4100375	NAN	
9.74	-0.21	-0.1865	0.0945	-0.4090825	NAN	
9.75	-0.2	-0.183	0.112	-0.40805	NAN	
9.76	-0.195	-0.1795	0.0995	-0.4069925	NAN	
9.77	-0.185	-0.1755	0.119	-0.4059	NAN	
9.78	-0.18	-0.1715	0.1175	-0.4047175	NAN	
9.79	-0.17	-0.168	0.1165	-0.4035475	NAN	
9.8	-0.16	-0.1645	0.1175	-0.4023775	NAN	
9.81	-0.155	-0.161	0.1095	-0.4012425	NAN	
9.82	-0.145	-0.157	0.1175	-0.4001075	NAN	
9.83	-0.14	-0.1535	0.1205	-0.3989175	NAN	
9.84	-0.13	-0.15	0.1205	-0.3977125	NAN	
9.85	-0.12	-0.146	0.111	-0.396555	NAN	
9.86	-0.115	-0.1425	0.12	-0.3954	NAN	
9.87	-0.105	-0.139	0.12	-0.3942	NAN	
9.88	-0.1	-0.1355	0.131	-0.392945	NAN	
9.89	-0.09	-0.132	0.121	-0.391685	NAN	
9.9	-0.08	-0.1285	0.129	-0.390435	NAN	
9.91	-0.075	-0.1245	0.1335	-0.3891225	NAN	
9.92	-0.065	-0.1215	0.1365	-0.3877725	NAN	
9.93	-0.06	-0.118	0.1285	-0.3864475	NAN	
9.94	-0.05	-0.1145	0.141	-0.3851	NAN	
9.95	-0.04	-0.111	0.134	-0.383725	NAN	
9.96	-0.035	-0.1075	0.1535	-0.3822875	NAN	
9.97	-0.025	-0.104	0.135	-0.380845	NAN	
9.98	-0.02	-0.1005	0.1435	-0.3794525	NAN	
9.99	-0.01	-0.097	0.148	-0.377995	NAN	
10	0	-0.094	0.148	-0.376515	NAN	
10.01	0.005	-0.091	0.1515	-0.3750175	NAN	
10.02	0.015	-0.0875	0.16	-0.37346	NAN	
10.03	0.02	-0.084	0.1555	-0.3718825	NAN	
10.04	0.03	-0.081	0.1655	-0.3702775	NAN	
10.05	0.04	-0.0775	0.153	-0.368685	NAN	
10.06	0.045	-0.0745	0.166	-0.36709	NAN	
10.07	0.055	-0.071	0.159	-0.365465	NAN	
10.08	0.06	-0.068	0.169	-0.363825	NAN	
10.09	0.07	-0.0645	0.17	-0.36213	NAN	
10.1	0.08	-0.0615	0.172	-0.36042	NAN	
10.11	0.085	-0.0585	0.177	-0.358675	NAN	
10.12	0.095	-0.0555	0.182	-0.35688	NAN	
10.13	0.1	-0.052	0.1795	-0.3550725	NAN	
10.14	0.11	-0.049	0.189	-0.35323	NAN	
10.15	0.12	-0.046	0.181	-0.35138	NAN	
10.16	0.125	-0.043	0.1965	-0.3494925	NAN	
10.17	0.135	-0.04	0.1885	-0.3475675	NAN	
10.18	0.14	-0.037	0.1985	-0.3456325	NAN	
10.19	0.15	-0.034	0.1955	-0.3436625	NAN	
10.2	0.16	-0.031	0.2015	-0.3416775	NAN	
10.21	0.165	-0.028	0.2045	-0.3396475	NAN	
10.22	0.175	-0.025	0.2105	-0.3375725	NAN	
10.23	0.18	-0.022	0.2085	-0.3354775	NAN	
10.24	0.19	-0.0195	0.219	-0.33334	NAN	
10.25	0.2	-0.016	0.211	-0.33119	NAN	
10.26	0.205	-0.0135	0.227	-0.329	NAN	
10.27	0.215	-0.0105	0.2195	-0.3267675	NAN	
10.28	0.22	-0.0085	0.2305	-0.3245175	NAN	
10.29	0.23	-0.005	0.225	-0.32224	NAN	
10.3	0.24	-0.002	0.233	-0.31995	NAN	
10.31	0.245	0.0005	0.2355	-0.3176075	NAN	
10.32	0.255	0.0035	0.2445	-0.3152075	NAN	
10.33	0.26	0.006	0.2425	-0.3127725	NAN	
10.34	0.27	0.0085	0.2495	-0.3103125	NAN	
10.35	0.28	0.0115	0.248	-0.307825	NAN	
10.36	0.285	0.014	0.2585	-0.3052925	NAN	
10.37	0.295	0.0165	0.257	-0.302715	NAN	
10.38	0.3	0.019	0.266	-0.3001	NAN	
10.39	0.31	0.0215	0.2595	-0.2974725	NAN	
10.4	0.32	0.0245	0.2715	-0.2948175	NAN	
10.41	0.325	0.027	0.267	-0.292125	NAN	
10.42	0.335	0.0295	0.279	-0.289395	NAN	
10.43	0.34	0.0315	0.2755	-0.2866225	NAN	
10.44	0.35	0.0345	0.2845	-0.2838225	NAN	
10.45	0.36	0.0365	0.285	-0.280975	NAN	
10.46	0.365	0.039	0.2925	-0.2780875	NAN	
10.47	0.375	0.0415	0.294	-0.275155	NAN	
10.48	0.38	0.044	0.3015	-0.2721775	NAN	
10.49	0.39	0.0465	0.298	-0.26918	NAN	
10.5	0.4	0.049	0.3085	-0.2661475	NAN	
10.51	0.405	0.051	0.3025	-0.2630925	NAN	
10.52	0.415	0.0535	0.3205	-0.2599775	NAN	
10.53	0.42	0.0555	0.3115	-0.2568175	NAN	
10.54	0.43	0.058	0.328	-0.25362	NAN	
10.55	0.44	0.0605	0.322	-0.25037	NAN	
10.56	0.445	0.0625	0.3335	-0.2470925	NAN	
10.57	0.455	0.0645	0.3355	-0.2437475	NAN	
10.58	0.46	0.0675	0.3395	-0.2403725	NAN	
10.59	0.47	0.069	0.342	-0.236965	NAN	
10.6	0.48	0.071	0.3475	-0.2335175	NAN	
10.61	0.485	0.0735	0.348	-0.23004	NAN	
10.62	0.495	0.075	0.36	-0.2265	NAN	
10.63	0.5	0.0775	0.356	-0.22292	NAN	
10.64	0.51	0.079	0.37	-0.21929	NAN	
10.65	0.52	0.081	0.362	-0.21563	NAN	
10.66	0.525	0.083	0.3805	-0.2119175	NAN	
10.67	0.535	0.0845	0.376	-0.208135	NAN	
10.68	0.54	0.087	0.3895	-0.2043075	NAN	
10.69	0.55	0.089	0.3835	-0.2004425	NAN	
10.7	0.56	0.0905	0.397	-0.19654	NAN	
10.71	0.565	0.0925	0.3935	-0.1925875	NAN	
10.72	0.575	0.094	0.407	-0.188585	NAN	
10.73	0.58	0.0965	0.403	-0.184535	NAN	
10.74	0.59	0.0975	0.4145	-0.1804475	NAN	
10.75	0.6	0.0995	0.4145	-0.1763025	NAN	
10.76	0.605	0.101	0.4255	-0.1721025	NAN	
10.77	0.615	0.1025	0.429	-0.16783	NAN	
10.78	0.62	0.1045	0.4345	-0.1635125	NAN	
10.79	0.63	0.106	0.4385	-0.1591475	NAN	
10.8	0.64	0.1075	0.445	-0.15473	NAN	
10.81	0.645	0.109	0.4475	-0.1502675	NAN	
10.82	0.655	0.11	0.4575	-0.1457425	NAN	
10.83	0.66	0.112	0.455	-0.14118	NAN	
10.84	0.67	0.113	0.469	-0.13656	NAN	
10.85	0.68	0.1145	0.463	-0.1319	NAN	
10.86	0.685	0.116	0.4805	-0.1271825	NAN	
10.87	0.695	0.1175	0.4785	-0.1223875	NAN	
10.88	0.7	0.119	0.492	-0.117535	NAN	
10.89	0.71	0.12	0.49	-0.112625	NAN	
10.9	0.72	0.122	0.5035	-0.1076575	NAN	
10.91	0.725	0.123	0.5005	-0.1026375	NAN	
10.92	0.735	0.1245	0.5185	-0.0975425	NAN	
10.93	0.74	0.126	0.51	-0.0924	NAN	
10.94	0.75	0.1275	0.529	-0.087205	NAN	
10.95	0.76	0.1285	0.517	-0.081975	NAN	
10.96	0.765	0.13	0.5395	-0.0766925	NAN	
10.97	0.775	0.1315	0.534	-0.071325	NAN	
10.98	0.78	0.1335	0.549	-0.06591	NAN	
10.99	0.79	0.135	0.546	-0.060435	NAN	
11	0.8	0.1365	0.5595	-0.0549075	NAN	
11.01	0.805	0.138	0.557	-0.049325	NAN	
11.02	0.815	0.1395	0.5725	-0.0436775	NAN	
11.03	0.82	0.1415	0.5665	-0.0379825	NAN	
11.04	0.83	0.143	0.5805	-0.0322475	NAN	
11.05	0.84	0.145	0.5745	-0.0264725	NAN	
11.06	0.845	0.147	0.587	-0.020665	NAN	
11.07	0.855	0.1485	0.5885	-0.0147875	NAN	
11.08	0.86	0.1505	0.596	-0.008865	NAN	
11.09	0.87	0.1525	0.5975	-0.0028975	NAN	
11.1	0.88	0.1545	0.606	0.00312	NAN	
11.11	0.885	0.1565	0.6075	0.0091875	NAN	
11.12	0.895	0.1585	0.617	0.01531	NAN	
11.13	0.9	0.161	0.6145	0.0214675	NAN	
11.14	0.91	0.163	0.6245	0.0276625	NAN	
11.15	0.92	0.1655	0.6205	0.0338875	NAN	
11.16	0.925	0.168	0.633	0.040155	NAN	
11.17	0.935	0.17	0.628	0.04646	NAN	
11.18	0.94	0.1725	0.638	0.05279	NAN	
11.19	0.95	0.1745	0.633	0.059145	NAN	
11.2	0.96	0.1775	0.646	0.06554	NAN	
11.21	0.965	0.18	0.645	0.071995	NAN	
11.22	0.975	0.1825	0.6545	0.0784925	NAN	
11.23	0.98	0.185	0.6515	0.0850225	NAN	
11.24	0.99	0.188	0.6665	0.0916125	NAN	
11.25	1	0.1905	0.6575	0.0982325	NAN	
11.26	1.005	0.193	0.665	0.104845	NAN	
11.27	1.015	0.196	0.6665	0.1115025	NAN	
11.28	1.02	0.199	0.671	0.11819	NAN	
11.29	1.03	0.202	0.673	0.12491	NAN	
11.3	1.04	0.205	0.674	0.131645	NAN	
11.31	1.045	0.208	0.678	0.138405	NAN	
11.32	1.055	0.211	0.684	0.145215	NAN	
11.33	1.06	0.2145	0.6795	0.1520325	NAN	
11.34	1.07	0.218	0.6845	0.1588525	NAN	
11.35	1.08	0.2215	0.682	0.165685	NAN	
11.36	1.085	0.225	0.69	0.172545	NAN	
11.37	1.095	0.229	0.687	0.17943	NAN	
11.38	1.1	0.2325	0.6895	0.1863125	NAN	
11.39	1.11	0.237	0.6885	0.1932025	NAN	
11.4	1.12	0.241	0.69	0.200095	NAN	
11.41	1.125	0.245	0.6825	0.2069575	NAN	
11.42	1.135	0.2495	0.6975	0.2138575	NAN	
11.43	1.14	0.254	0.685	0.22077	NAN	
11.44	1.15	0.2585	0.6955	0.2276725	NAN	
11.45	1.16	0.2635	0.6845	0.2345725	NAN	
11.46	1.165	0.268	0.694	0.241465	NAN	
11.47	1.175	0.2735	0.6855	0.2483625	NAN	
11.48	1.18	0.2785	0.69	0.25524	NAN	
11.49	1.19	0.284	0.6805	0.2620925	NAN	
11.5	1.2	0.2895	0.685	0.26892	NAN	
11.51	1.205	0.295	0.673	0.27571	NAN	
11.52	1.215	0.3015	0.6825	0.2824875	NAN	
11.53	1.22	0.3075	0.6665	0.2892325	NAN	
11.54	1.23	0.314	0.675	0.29594	NAN	
11.55	1.24	0.321	0.6585	0.3026075	NAN	
11.56	1.245	0.3275	0.6645	0.3092225	NAN	
11.57	1.255	0.335	0.653	0.31581	NAN	
11.58	1.26	0.3425	0.6535	0.3223425	NAN	
11.59	1.27	0.35	0.641	0.328815	NAN	
11.6	1.28	0.3585	0.6375	0.3352075	NAN	
11.61	1.285	0.367	0.623	0.34151	NAN	
11.62	1.295	0.3755	0.623	0.34774	NAN	
11.63	1.3	0.385	0.605	0.35388	NAN	
11.64	1.31	0.3945	0.606	0.359935	NAN	
11.65	1.32	0.404	0.5865	0.3658975	NAN	
11.66	1.325	0.4145	0.586	0.37176	NAN	
11.67	1.335	0.4245	0.5705	0.3775425	NAN	
11.68	1.34	0.4355	0.5635	0.3832125	NAN	
11.69	1.35	0.447	0.5455	0.3887575	NAN	
11.7	1.36	0.4585	0.5355	0.3941625	NAN	
11.71	1.365	0.4705	0.519	0.399435	NAN	
11.72	1.375	0.4825	0.5075	0.4045675	NAN	
11.73	1.38	0.4955	0.49	0.409555	NAN	
11.74	1.39	0.508	0.486	0.414435	NAN	
11.75	1.4	0.5215	0.4645	0.4191875	NAN	
11.76	1.405	0.535	0.4415	0.4237175	NAN	
11.77	1.415	0.549	0.4295	0.4280725	NAN	
11.78	1.42	0.563	0.409	0.432265	NAN	
11.79	1.43	0.577	0.393	0.436275	NAN	
11.8	1.44	0.5915	0.376	0.44012	NAN	
11.81	1.445	0.606	0.3555	0.4437775	NAN	
11.82	1.455	0.6205	0.3475	0.4472925	NAN	
11.83	1.46	0.6345	0.3165	0.4506125	NAN	
11.84	1.47	0.649	0.311	0.45375	NAN	
11.85	1.48	0.6635	0.283	0.45672	NAN	
11.86	1.485	0.6775	0.277	0.45952	NAN	
11.87	1.495	0.691	0.2565	0.4621875	NAN	
11.88	1.5	0.7045	0.24	0.46467	NAN	
11.89	1.51	0.7175	0.228	0.46701	NAN	
11.9	1.52	0.7305	0.2125	0.4692125	NAN	
11.91	1.525	0.7425	0.201	0.47128	NAN	
11.92	1.535	0.7545	0.19	0.473235	NAN	
11.93	1.54	0.766	0.171	0.47504	NAN	
11.94	1.55	0.7775	0.168	0.476735	NAN	
11.95	1.56	0.788	0.1465	0.4783075	NAN	
11.96	1.565	0.7985	0.149	0.479785	NAN	
11.97	1.575	0.808	0.1415	0.4812375	NAN	
11.98	1.58	0.8175	0.1265	0.4825775	NAN	
11.99	1.59	0.8265	0.13	0.48386	NAN	
12	1.6	0.8355	0.115	0.485085	NAN	
12.01	1.605	0.8435	0.127	0.486295	NAN	
12.02	1.615	0.8515	0.0995	0.4874275	NAN	
12.03	1.62	0.8585	0.0795	0.4883225	NAN	
12.04	1.63	0.8665	0.091	0.489175	NAN	
12.05	1.64	0.873	0.0795	0.4900275	NAN	
12.06	1.645	0.88	0.0825	0.4908375	NAN	
12.07	1.655	0.886	0.0785	0.4916425	NAN	
12.08	1.66	0.893	0.071	0.49239	NAN	
12.09	1.67	0.899	0.076	0.493125	NAN	
12.1	1.68	0.905	0.0685	0.4938475	NAN	
12.11	1.685	0.911	0.059	0.494485	NAN	
12.12	1.695	0.9165	0.069	0.495125	NAN	
12.13	1.7	0.922	0.0565	0.4957525	NAN	
12.14	1.71	0.927	0.0615	0.4963425	NAN	
12.15	1.72	0.9325	0.056	0.49693	NAN	
12.16	1.725	0.938	0.0525	0.4974725	NAN	
12.17	1.735	0.9425	0.055	0.49801	NAN	
12.18	1.74	0.948	0.057	0.49857	NAN	
12.19	1.75	0.9525	0.0465	0.4990875	NAN	
12.2	1.76	0.9575	0.0505	0.4995725	NAN	
12.21	1.765	0.9625	0.048	0.500065	NAN	
12.22	1.775	0.967	0.051	0.50056	NAN	
12.23	1.78	0.972	0.0485	0.5010575	NAN	
12.24	1.79	0.9765	0.047	0.501535	NAN	
12.25	1.8	0.981	0.0455	0.5019975	NAN	
12.26	1.805	0.986	0.0475	0.5024625	NAN	
12.27	1.815	0.99	0.0425	0.5029125	NAN	
12.28	1.82	0.9945	0.047	0.50336	NAN	
12.29	1.83	0.999	0.0445	0.5038175	NAN	
12.3	1.84	1.0035	0.043	0.504255	NAN	
12.31	1.845	1.008	0.046	0.5047	NAN	
12.32	1.855	1.013	0.045	0.505155	NAN	
12.33	1.86	1.017	0.0395	0.5055775	NAN	
12.34	1.87	1.02	0.0455	0.5060025	NAN	
12.35	1.88	1.02	0.035	0.506405	NAN	
12.36	1.885	1.02	0.042	0.50679	NAN	
12.37	1.895	1.02	0.041	0.507205	NAN	
12.38	1.9	1.02	0.0385	0.5076025	NAN	
12.39	1.91	1.02	0.043	0.50801	NAN	
12.4	1.92	1.02	0.039	0.50842	NAN	
12.41	1.925	1.02	0.0365	0.5087975	NAN	
12.42	1.935	1.02	0.045	0.509205	NAN	
12.43	1.94	1.02	0.036	0.50961	NAN	
12.44	1.95	1.02	0.0415	0.5099975	NAN	
12.45	1.96	1.02	0.0385	0.5103975	NAN	
12.46	1.965	1.02	0.036	0.51077	NAN	
12.47	1.975	1.02	0.04	0.51115	NAN	
12.48	1.98	1.02	0.0395	0.5115475	NAN	
12.49	1.99	1.02	0.0365	0.5119275	NAN	
12.5	2	1.02	0.0405	0.5123125	NAN	
