MIN=0	-10	-1	-1	-2	0	
MAX=12.5	10	1	1	2	50	
SCALE=5	5	0.5	0.5	1	10	
DEC=2	2	3	3	2	2	
DEF="Time" t / s	"Voltage" U_1 / V	"Current" I_1 / A	"Voltage" U_B2 / V	"Magnetic Flux" &F / Vs	"Frequency" f / Hz	
0	0	-0.001	0.0015	0	NAN	
0.01	0.005	-0.001	-0.002	-2.5E-6	NAN	
0.02	0.015	0	0.02	8.75E-5	NAN	
0.03	0.02	0	0.013	0.0002525	NAN	
0.04	0.03	0.0005	0.0285	0.00046	NAN	
0.05	0.04	0.002	0.0275	0.00074	NAN	
0.06	0.045	0.003	0.04	0.0010775	NAN	
0.07	0.055	0.004	0.0385	0.00147	NAN	
0.08	0.06	0.0055	0.055	0.0019375	NAN	
0.09	0.07	0.0065	0.0485	0.002455	NAN	
0.1	0.08	0.008	0.064	0.0030175	NAN	
0.11	0.085	0.0095	0.062	0.0036475	NAN	
0.12	0.095	0.011	0.075	0.0043325	NAN	
0.13	0.1	0.013	0.073	0.0050725	NAN	
0.14	0.11	0.015	0.091	0.0058925	NAN	
0.15	0.12	0.017	0.079	0.0067425	NAN	
0.16	0.125	0.0185	0.079	0.0075325	NAN	
0.17	0.135	0.021	0.0725	0.00829	NAN	
0.18	0.14	0.0235	0.0935	0.00912	NAN	
0.19	0.15	0.0255	0.1	0.0100875	NAN	
0.2	0.16	0.0275	0.1035	0.011105	NAN	
0.21	0.165	0.0305	0.1025	0.012135	NAN	
0.22	0.175	0.033	0.116	0.0132275	NAN	
0.23	0.18	0.035	0.1105	0.01436	NAN	
0.24	0.19	0.0365	0.128	0.0155525	NAN	
0.25	0.2	0.04	0.1185	0.016785	NAN	
0.26	0.205	0.0425	0.1325	0.01804	NAN	
0.27	0.215	0.0445	0.132	0.0193625	NAN	
0.28	0.22	0.047	0.1245	0.020645	NAN	
0.29	0.23	0.0495	0.144	0.0219875	NAN	
0.3	0.24	0.052	0.147	0.0234425	NAN	
0.31	0.245	0.0545	0.1395	0.024875	NAN	
0.32	0.255	0.057	0.154	0.0263425	NAN	
0.33	0.26	0.0595	0.1475	0.02785	NAN	
0.34	0.27	0.062	0.169	0.0294325	NAN	
0.35	0.28	0.0645	0.1575	0.031065	NAN	
0.36	0.285	0.067	0.1715	0.03271	NAN	
0.37	0.295	0.07	0.168	0.0344075	NAN	
0.38	0.3	0.072	0.18	0.0361475	NAN	
0.39	0.31	0.075	0.175	0.0379225	NAN	
0.4	0.32	0.077	0.182	0.0397075	NAN	
0.41	0.325	0.0795	0.1795	0.041515	NAN	
0.42	0.335	0.0815	0.1945	0.043385	NAN	
0.43	0.34	0.084	0.1915	0.045315	NAN	
0.44	0.35	0.0865	0.2015	0.04728	NAN	
0.45	0.36	0.0885	0.1765	0.04917	NAN	
0.46	0.365	0.091	0.1995	0.05105	NAN	
0.47	0.375	0.0935	0.2285	0.05319	NAN	
0.48	0.38	0.0965	0.221	0.0554375	NAN	
0.49	0.39	0.0985	0.2085	0.057585	NAN	
0.5	0.4	0.101	0.227	0.0597625	NAN	
0.51	0.405	0.1035	0.205	0.0619225	NAN	
0.52	0.415	0.106	0.2405	0.06415	NAN	
0.53	0.42	0.1085	0.2215	0.06646	NAN	
0.54	0.43	0.1115	0.2375	0.068755	NAN	
0.55	0.44	0.114	0.2295	0.07109	NAN	
0.56	0.445	0.1165	0.2385	0.07343	NAN	
0.57	0.455	0.119	0.246	0.0758525	NAN	
0.58	0.46	0.1215	0.256	0.0783625	NAN	
0.59	0.47	0.124	0.244	0.0808625	NAN	
0.6	0.48	0.1265	0.2575	0.08337	NAN	
0.61	0.485	0.1285	0.2545	0.08593	NAN	
0.62	0.495	0.1305	0.2765	0.088585	NAN	
0.63	0.5	0.133	0.263	0.0912825	NAN	
0.64	0.51	0.135	0.2745	0.09397	NAN	
0.65	0.52	0.137	0.2695	0.09669	NAN	
0.66	0.525	0.139	0.2815	0.099445	NAN	
0.67	0.535	0.141	0.286	0.1022825	NAN	
0.68	0.54	0.143	0.2905	0.105165	NAN	
0.69	0.55	0.145	0.293	0.1080825	NAN	
0.7	0.56	0.147	0.301	0.1110525	NAN	
0.71	0.565	0.1485	0.299	0.1140525	NAN	
0.72	0.575	0.151	0.3175	0.117135	NAN	
0.73	0.58	0.1525	0.3085	0.120265	NAN	
0.74	0.59	0.1545	0.322	0.1234175	NAN	
0.75	0.6	0.1565	0.317	0.1266125	NAN	
0.76	0.605	0.1585	0.3245	0.12982	NAN	
0.77	0.615	0.1605	0.332	0.1331025	NAN	
0.78	0.62	0.1625	0.3345	0.136435	NAN	
0.79	0.63	0.1645	0.3385	0.1398	NAN	
0.8	0.64	0.1665	0.344	0.1432125	NAN	
0.81	0.645	0.1685	0.345	0.1466575	NAN	
0.82	0.655	0.1705	0.359	0.1501775	NAN	
0.83	0.66	0.1725	0.3525	0.153735	NAN	
0.84	0.67	0.1745	0.367	0.1573325	NAN	
0.85	0.68	0.177	0.358	0.1609575	NAN	
0.86	0.685	0.179	0.3755	0.164625	NAN	
0.87	0.695	0.1815	0.372	0.1683625	NAN	
0.88	0.7	0.184	0.3755	0.1721	NAN	
0.89	0.71	0.186	0.383	0.1758925	NAN	
0.9	0.72	0.1885	0.3845	0.17973	NAN	
0.91	0.725	0.191	0.3865	0.183585	NAN	
0.92	0.735	0.1935	0.393	0.1874825	NAN	
0.93	0.74	0.196	0.3985	0.19144	NAN	
0.94	0.75	0.1985	0.4	0.1954325	NAN	
0.95	0.76	0.201	0.403	0.1994475	NAN	
0.96	0.765	0.204	0.41	0.2035125	NAN	
0.97	0.775	0.207	0.405	0.2075875	NAN	
0.98	0.78	0.21	0.4115	0.21167	NAN	
0.99	0.79	0.213	0.411	0.2157825	NAN	
1	0.8	0.216	0.422	0.2199475	NAN	
1.01	0.805	0.219	0.418	0.2241475	NAN	
1.02	0.815	0.2225	0.429	0.2283825	NAN	
1.03	0.82	0.2255	0.4195	0.232625	NAN	
1.04	0.83	0.229	0.431	0.2368775	NAN	
1.05	0.84	0.2325	0.4255	0.24116	NAN	
1.06	0.845	0.236	0.433	0.2454525	NAN	
1.07	0.855	0.2395	0.4335	0.249785	NAN	
1.08	0.86	0.2435	0.4335	0.25412	NAN	
1.09	0.87	0.247	0.434	0.2584575	NAN	
1.1	0.88	0.251	0.433	0.2627925	NAN	
1.11	0.885	0.255	0.4355	0.267135	NAN	
1.12	0.895	0.259	0.4415	0.27152	NAN	
1.13	0.9	0.263	0.4375	0.275915	NAN	
1.14	0.91	0.2675	0.4415	0.28031	NAN	
1.15	0.92	0.272	0.437	0.2847025	NAN	
1.16	0.925	0.2765	0.4435	0.289105	NAN	
1.17	0.935	0.2815	0.439	0.2935175	NAN	
1.18	0.94	0.286	0.442	0.2979225	NAN	
1.19	0.95	0.291	0.4345	0.302305	NAN	
1.2	0.96	0.296	0.4385	0.30667	NAN	
1.21	0.965	0.301	0.429	0.3110075	NAN	
1.22	0.975	0.306	0.44	0.3153525	NAN	
1.23	0.98	0.3115	0.427	0.3196875	NAN	
1.24	0.99	0.3175	0.4355	0.324	NAN	
1.25	1	0.3225	0.4225	0.32829	NAN	
1.26	1.005	0.3285	0.4285	0.332545	NAN	
1.27	1.015	0.3345	0.4245	0.33681	NAN	
1.28	1.02	0.34	0.424	0.3410525	NAN	
1.29	1.03	0.346	0.418	0.3452625	NAN	
1.3	1.04	0.3525	0.4135	0.34942	NAN	
1.31	1.045	0.359	0.409	0.3535325	NAN	
1.32	1.055	0.3655	0.409	0.3576225	NAN	
1.33	1.06	0.3725	0.402	0.3616775	NAN	
1.34	1.07	0.3795	0.404	0.3657075	NAN	
1.35	1.08	0.3865	0.3895	0.369675	NAN	
1.36	1.085	0.3935	0.394	0.3735925	NAN	
1.37	1.095	0.401	0.381	0.3774675	NAN	
1.38	1.1	0.4085	0.3825	0.381285	NAN	
1.39	1.11	0.416	0.3695	0.385045	NAN	
1.4	1.12	0.424	0.371	0.3887475	NAN	
1.41	1.125	0.4315	0.356	0.3923825	NAN	
1.42	1.135	0.4395	0.3575	0.39595	NAN	
1.43	1.14	0.4475	0.344	0.3994575	NAN	
1.44	1.15	0.4555	0.342	0.4028875	NAN	
1.45	1.16	0.4635	0.3325	0.40626	NAN	
1.46	1.165	0.472	0.3265	0.409555	NAN	
1.47	1.175	0.4805	0.3225	0.4128	NAN	
1.48	1.18	0.489	0.315	0.4159875	NAN	
1.49	1.19	0.4975	0.305	0.4190875	NAN	
1.5	1.2	0.5065	0.3	0.4221125	NAN	
1.51	1.205	0.5155	0.287	0.4250475	NAN	
1.52	1.215	0.5245	0.2915	0.42794	NAN	
1.53	1.22	0.5335	0.2675	0.430735	NAN	
1.54	1.23	0.5425	0.272	0.4334325	NAN	
1.55	1.24	0.5515	0.2525	0.436055	NAN	
1.56	1.245	0.5605	0.25	0.4385675	NAN	
1.57	1.255	0.5695	0.244	0.4410375	NAN	
1.58	1.26	0.5785	0.2285	0.4434	NAN	
1.59	1.27	0.588	0.2245	0.445665	NAN	
1.6	1.28	0.597	0.2195	0.447885	NAN	
1.61	1.285	0.606	0.202	0.4499925	NAN	
1.62	1.295	0.6145	0.207	0.4520375	NAN	
1.63	1.3	0.6235	0.1845	0.453995	NAN	
1.64	1.31	0.632	0.185	0.4558425	NAN	
1.65	1.32	0.641	0.174	0.4576375	NAN	
1.66	1.325	0.6495	0.16	0.4593075	NAN	
1.67	1.335	0.658	0.1655	0.460935	NAN	
1.68	1.34	0.6665	0.157	0.4625475	NAN	
1.69	1.35	0.6745	0.152	0.4640925	NAN	
1.7	1.36	0.6825	0.148	0.4655925	NAN	
1.71	1.365	0.6905	0.1335	0.467	NAN	
1.72	1.375	0.6975	0.142	0.4683775	NAN	
1.73	1.38	0.7055	0.1285	0.46973	NAN	
1.74	1.39	0.713	0.1275	0.47101	NAN	
1.75	1.4	0.72	0.119	0.4722425	NAN	
1.76	1.405	0.727	0.113	0.4734025	NAN	
1.77	1.415	0.7345	0.1075	0.474505	NAN	
1.78	1.42	0.741	0.1085	0.475585	NAN	
1.79	1.43	0.7475	0.1	0.4766275	NAN	
1.8	1.44	0.754	0.101	0.4776325	NAN	
1.81	1.445	0.7605	0.092	0.4785975	NAN	
1.82	1.455	0.7675	0.096	0.4795375	NAN	
1.83	1.46	0.7735	0.0895	0.480465	NAN	
1.84	1.47	0.7795	0.0915	0.48137	NAN	
1.85	1.48	0.7855	0.079	0.4822225	NAN	
1.86	1.485	0.7915	0.087	0.4830525	NAN	
1.87	1.495	0.797	0.073	0.4838525	NAN	
1.88	1.5	0.803	0.0775	0.484605	NAN	
1.89	1.51	0.8085	0.074	0.4853625	NAN	
1.9	1.52	0.814	0.072	0.4860925	NAN	
1.91	1.525	0.8195	0.071	0.4868075	NAN	
1.92	1.535	0.825	0.0755	0.48754	NAN	
1.93	1.54	0.8305	0.063	0.4882325	NAN	
1.94	1.55	0.836	0.0755	0.488925	NAN	
1.95	1.56	0.841	0.06	0.4896025	NAN	
1.96	1.565	0.8465	0.0665	0.490235	NAN	
1.97	1.575	0.8515	0.0635	0.490885	NAN	
1.98	1.58	0.8565	0.0615	0.49151	NAN	
1.99	1.59	0.8615	0.0575	0.492105	NAN	
2	1.6	0.8665	0.065	0.4927175	NAN	
2.01	1.605	0.8715	0.053	0.4933075	NAN	
2.02	1.615	0.8765	0.064	0.4938925	NAN	
2.03	1.62	0.8815	0.0535	0.49448	NAN	
2.04	1.63	0.886	0.059	0.4950425	NAN	
2.05	1.64	0.891	0.052	0.4955975	NAN	
2.06	1.645	0.8955	0.057	0.4961425	NAN	
2.07	1.655	0.9005	0.049	0.4966725	NAN	
2.08	1.66	0.905	0.057	0.4972025	NAN	
2.09	1.67	0.9095	0.0465	0.49772	NAN	
2.1	1.68	0.9145	0.0505	0.498205	NAN	
2.11	1.685	0.919	0.048	0.4986975	NAN	
2.12	1.695	0.9235	0.053	0.4992025	NAN	
2.13	1.7	0.928	0.045	0.4996925	NAN	
2.14	1.71	0.933	0.055	0.5001925	NAN	
2.15	1.72	0.9375	0.04	0.5006675	NAN	
2.16	1.725	0.942	0.0535	0.501135	NAN	
2.17	1.735	0.946	0.0465	0.501635	NAN	
2.18	1.74	0.951	0.046	0.5020975	NAN	
2.19	1.75	0.9555	0.0495	0.502575	NAN	
2.2	1.76	0.9595	0.048	0.5030625	NAN	
2.21	1.765	0.964	0.0375	0.50349	NAN	
2.22	1.775	0.9685	0.0595	0.503975	NAN	
2.23	1.78	0.973	0.0405	0.504475	NAN	
2.24	1.79	0.9775	0.048	0.5049175	NAN	
2.25	1.8	0.982	0.042	0.5053675	NAN	
2.26	1.805	0.9865	0.044	0.5057975	NAN	
2.27	1.815	0.991	0.0415	0.506225	NAN	
2.28	1.82	0.995	0.047	0.5066675	NAN	
2.29	1.83	0.9995	0.037	0.5070875	NAN	
2.3	1.84	1.004	0.0435	0.50749	NAN	
2.31	1.845	1.008	0.0355	0.507885	NAN	
2.32	1.855	1.013	0.041	0.5082675	NAN	
2.33	1.86	1.017	0.035	0.5086475	NAN	
2.34	1.87	1.02	0.0285	0.508965	NAN	
2.35	1.88	1.02	0.0345	0.50928	NAN	
2.36	1.885	1.02	0.0615	0.50976	NAN	
2.37	1.895	1.02	0.0655	0.510395	NAN	
2.38	1.9	1.02	0.031	0.5108775	NAN	
2.39	1.91	1.02	0.033	0.5111975	NAN	
2.4	1.92	1.02	0.034	0.5115325	NAN	
2.41	1.925	1.02	0.033	0.5118675	NAN	
2.42	1.935	1.02	0.0425	0.512245	NAN	
2.43	1.94	1.02	0.0285	0.5126	NAN	
2.44	1.95	1.02	0.047	0.5129775	NAN	
2.45	1.96	1.02	0.0345	0.513385	NAN	
2.46	1.965	1.02	0.0375	0.513745	NAN	
2.47	1.975	1.02	0.0325	0.514095	NAN	
2.48	1.98	1.02	0.039	0.5144525	NAN	
2.49	1.99	1.02	0.035	0.5148225	NAN	
2.5	2	1.02	0.0495	0.515245	NAN	
2.51	1.995	1.02	0.0235	0.51561	NAN	
2.52	1.985	1.02	0.016	0.5158075	NAN	
2.53	1.98	1.02	0.009	0.5159325	NAN	
2.54	1.97	1.02	0.0025	0.51599	NAN	
2.55	1.96	1.02	-0.006	0.5159725	NAN	
2.56	1.955	1.02	0.002	0.5159525	NAN	
2.57	1.945	1.02	-0.0155	0.515885	NAN	
2.58	1.94	1.02	-0.0025	0.515795	NAN	
2.59	1.93	1.02	-0.0145	0.51571	NAN	
2.6	1.92	1.02	-0.0085	0.515595	NAN	
2.61	1.915	1.02	-0.013	0.5154875	NAN	
2.62	1.905	1.02	-0.014	0.5153525	NAN	
2.63	1.9	1.02	-0.0135	0.515215	NAN	
2.64	1.89	1.02	-0.011	0.5150925	NAN	
2.65	1.88	1.02	-0.0165	0.514955	NAN	
2.66	1.875	1.02	-0.007	0.5148375	NAN	
2.67	1.865	1.02	-0.02	0.5147025	NAN	
2.68	1.86	1.02	-0.003	0.5145875	NAN	
2.69	1.85	1.02	-0.0175	0.514485	NAN	
2.7	1.84	1.02	-0.01	0.5143475	NAN	
2.71	1.835	1.02	-0.0135	0.51423	NAN	
2.72	1.825	1.02	-0.0155	0.514085	NAN	
2.73	1.82	1.02	-0.015	0.5139325	NAN	
2.74	1.81	1.02	-0.016	0.5137775	NAN	
2.75	1.8	1.02	-0.018	0.5136075	NAN	
2.76	1.795	1.019	-0.0095	0.51347	NAN	
2.77	1.785	1.015	-0.02	0.5133225	NAN	
2.78	1.78	1.011	-0.007	0.5131875	NAN	
2.79	1.77	1.0065	-0.0185	0.51306	NAN	
2.8	1.76	1.0025	-0.0115	0.51291	NAN	
2.81	1.755	0.9985	-0.014	0.5127825	NAN	
2.82	1.745	0.9945	-0.0175	0.512625	NAN	
2.83	1.74	0.99	-0.014	0.5124675	NAN	
2.84	1.73	0.986	-0.0175	0.51231	NAN	
2.85	1.72	0.982	-0.019	0.5121275	NAN	
2.86	1.715	0.978	-0.0105	0.51198	NAN	
2.87	1.705	0.9735	-0.0225	0.511815	NAN	
2.88	1.7	0.9695	-0.01	0.5116525	NAN	
2.89	1.69	0.965	-0.02	0.5115025	NAN	
2.9	1.68	0.9615	-0.0135	0.511335	NAN	
2.91	1.675	0.957	-0.017	0.5111825	NAN	
2.92	1.665	0.953	-0.0165	0.511015	NAN	
2.93	1.66	0.9485	-0.0155	0.510855	NAN	
2.94	1.65	0.9445	-0.016	0.5106975	NAN	
2.95	1.64	0.94	-0.019	0.5105225	NAN	
2.96	1.635	0.936	-0.013	0.5103625	NAN	
2.97	1.625	0.9315	-0.0245	0.510175	NAN	
2.98	1.62	0.9275	-0.012	0.5099925	NAN	
2.99	1.61	0.9235	-0.022	0.5098225	NAN	
3	1.6	0.919	-0.013	0.5096475	NAN	
3.01	1.595	0.915	-0.0165	0.5095	NAN	
3.02	1.585	0.911	-0.017	0.5093325	NAN	
3.03	1.58	0.9065	-0.0165	0.509165	NAN	
3.04	1.57	0.9025	-0.017	0.5089975	NAN	
3.05	1.56	0.898	-0.02	0.5088125	NAN	
3.06	1.555	0.894	-0.0135	0.508645	NAN	
3.07	1.545	0.8895	-0.027	0.5084425	NAN	
3.08	1.54	0.8855	-0.015	0.5082325	NAN	
3.09	1.53	0.881	-0.025	0.5080325	NAN	
3.1	1.52	0.8765	-0.017	0.5078225	NAN	
3.11	1.515	0.872	-0.021	0.5076325	NAN	
3.12	1.505	0.868	-0.02	0.5074275	NAN	
3.13	1.5	0.8635	-0.0195	0.50723	NAN	
3.14	1.49	0.859	-0.0175	0.507045	NAN	
3.15	1.48	0.8545	-0.021	0.5068525	NAN	
3.16	1.475	0.85	-0.013	0.5066825	NAN	
3.17	1.465	0.846	-0.0265	0.506485	NAN	
3.18	1.46	0.8415	-0.015	0.5062775	NAN	
3.19	1.45	0.837	-0.0265	0.50607	NAN	
3.2	1.44	0.833	-0.0185	0.505845	NAN	
3.21	1.435	0.8285	-0.021	0.5056475	NAN	
3.22	1.425	0.824	-0.022	0.5054325	NAN	
3.23	1.42	0.8195	-0.022	0.5052125	NAN	
3.24	1.41	0.8155	-0.02	0.5050025	NAN	
3.25	1.4	0.811	-0.023	0.5047875	NAN	
3.26	1.395	0.8065	-0.017	0.5045875	NAN	
3.27	1.385	0.802	-0.027	0.5043675	NAN	
3.28	1.38	0.798	-0.017	0.5041475	NAN	
3.29	1.37	0.7935	-0.028	0.5039225	NAN	
3.3	1.36	0.789	-0.021	0.5036775	NAN	
3.31	1.355	0.7845	-0.025	0.5034475	NAN	
3.32	1.345	0.7805	-0.023	0.5032075	NAN	
3.33	1.34	0.776	-0.024	0.5029725	NAN	
3.34	1.33	0.7715	-0.0215	0.502745	NAN	
3.35	1.32	0.767	-0.024	0.5025175	NAN	
3.36	1.315	0.7625	-0.018	0.5023075	NAN	
3.37	1.305	0.7585	-0.031	0.5020625	NAN	
3.38	1.3	0.754	-0.018	0.5018175	NAN	
3.39	1.29	0.7495	-0.0275	0.50159	NAN	
3.4	1.28	0.745	-0.024	0.5013325	NAN	
3.41	1.275	0.7405	-0.0245	0.50109	NAN	
3.42	1.265	0.7365	-0.026	0.5008375	NAN	
3.43	1.26	0.732	-0.026	0.5005775	NAN	
3.44	1.25	0.7285	-0.022	0.5003375	NAN	
3.45	1.24	0.724	-0.028	0.5000875	NAN	
3.46	1.235	0.72	-0.0195	0.49985	NAN	
3.47	1.225	0.7155	-0.031	0.4995975	NAN	
3.48	1.22	0.711	-0.021	0.4993375	NAN	
3.49	1.21	0.7065	-0.0285	0.49909	NAN	
3.5	1.2	0.7025	-0.025	0.4988225	NAN	
3.51	1.195	0.698	-0.0275	0.49856	NAN	
3.52	1.185	0.694	-0.0295	0.498275	NAN	
3.53	1.18	0.6895	-0.0285	0.497985	NAN	
3.54	1.17	0.6855	-0.024	0.4977225	NAN	
3.55	1.16	0.681	-0.032	0.4974425	NAN	
3.56	1.155	0.6765	-0.021	0.4971775	NAN	
3.57	1.145	0.6725	-0.032	0.4969125	NAN	
3.58	1.14	0.668	-0.0245	0.49663	NAN	
3.59	1.13	0.6635	-0.029	0.4963625	NAN	
3.6	1.12	0.6595	-0.027	0.4960825	NAN	
3.61	1.115	0.655	-0.029	0.4958025	NAN	
3.62	1.105	0.651	-0.03	0.4955075	NAN	
3.63	1.1	0.6465	-0.032	0.4951975	NAN	
3.64	1.09	0.642	-0.0255	0.49491	NAN	
3.65	1.08	0.638	-0.033	0.4946175	NAN	
3.66	1.075	0.6335	-0.025	0.4943275	NAN	
3.67	1.065	0.629	-0.033	0.4940375	NAN	
3.68	1.06	0.625	-0.0295	0.493725	NAN	
3.69	1.05	0.6205	-0.031	0.4934225	NAN	
3.7	1.04	0.6165	-0.027	0.4931325	NAN	
3.71	1.035	0.612	-0.0315	0.49284	NAN	
3.72	1.025	0.608	-0.031	0.4925275	NAN	
3.73	1.02	0.6035	-0.0355	0.492195	NAN	
3.74	1.01	0.599	-0.031	0.4918625	NAN	
3.75	1	0.595	-0.0415	0.4915	NAN	
3.76	0.995	0.5905	-0.0285	0.49115	NAN	
3.77	0.985	0.586	-0.038	0.4908175	NAN	
3.78	0.98	0.5815	-0.0325	0.490465	NAN	
3.79	0.97	0.5775	-0.0335	0.490135	NAN	
3.8	0.96	0.573	-0.0315	0.48981	NAN	
3.81	0.955	0.5685	-0.036	0.4894725	NAN	
3.82	0.945	0.5645	-0.0315	0.489135	NAN	
3.83	0.94	0.5605	-0.039	0.4887825	NAN	
3.84	0.93	0.556	-0.033	0.4884225	NAN	
3.85	0.92	0.552	-0.0375	0.48807	NAN	
3.86	0.915	0.5475	-0.0325	0.48772	NAN	
3.87	0.905	0.5435	-0.037	0.4873725	NAN	
3.88	0.9	0.539	-0.034	0.4870175	NAN	
3.89	0.89	0.5345	-0.039	0.4866525	NAN	
3.9	0.88	0.53	-0.031	0.4863025	NAN	
3.91	0.875	0.5255	-0.042	0.4859375	NAN	
3.92	0.865	0.521	-0.0375	0.48554	NAN	
3.93	0.86	0.517	-0.0475	0.485115	NAN	
3.94	0.85	0.5125	-0.042	0.4846675	NAN	
3.95	0.84	0.508	-0.0395	0.48426	NAN	
3.96	0.835	0.5035	-0.041	0.4838575	NAN	
3.97	0.825	0.499	-0.046	0.4834225	NAN	
3.98	0.82	0.495	-0.0425	0.48298	NAN	
3.99	0.81	0.4905	-0.0455	0.48254	NAN	
4	0.8	0.486	-0.039	0.4821175	NAN	
4.01	0.795	0.4815	-0.046	0.4816925	NAN	
4.02	0.785	0.477	-0.039	0.4812675	NAN	
4.03	0.78	0.473	-0.0475	0.480835	NAN	
4.04	0.77	0.4685	-0.0435	0.48038	NAN	
4.05	0.76	0.464	-0.0455	0.479935	NAN	
4.06	0.755	0.46	-0.047	0.4794725	NAN	
4.07	0.745	0.4555	-0.059	0.4789425	NAN	
4.08	0.74	0.4515	-0.043	0.4784325	NAN	
4.09	0.73	0.4465	-0.0675	0.47788	NAN	
4.1	0.72	0.4425	-0.039	0.4773475	NAN	
4.11	0.715	0.4385	-0.0605	0.47685	NAN	
4.12	0.705	0.4335	-0.0505	0.476295	NAN	
4.13	0.7	0.4295	-0.044	0.4758225	NAN	
4.14	0.69	0.425	-0.0495	0.475355	NAN	
4.15	0.68	0.421	-0.053	0.4748425	NAN	
4.16	0.675	0.4165	-0.04	0.4743775	NAN	
4.17	0.665	0.412	-0.053	0.4739125	NAN	
4.18	0.66	0.4075	-0.047	0.4734125	NAN	
4.19	0.65	0.4035	-0.059	0.4728825	NAN	
4.2	0.64	0.399	-0.0445	0.472365	NAN	
4.21	0.635	0.3945	-0.056	0.4718625	NAN	
4.22	0.625	0.3905	-0.0505	0.47133	NAN	
4.23	0.62	0.3865	-0.051	0.4708225	NAN	
4.24	0.61	0.3825	-0.0545	0.470295	NAN	
4.25	0.6	0.378	-0.051	0.4697675	NAN	
4.26	0.595	0.374	-0.0555	0.469235	NAN	
4.27	0.585	0.37	-0.0605	0.468655	NAN	
4.28	0.58	0.3655	-0.05	0.4681025	NAN	
4.29	0.57	0.361	-0.0625	0.46754	NAN	
4.3	0.56	0.357	-0.053	0.4669625	NAN	
4.31	0.555	0.353	-0.059	0.4664025	NAN	
4.32	0.545	0.349	-0.0605	0.465805	NAN	
4.33	0.54	0.3445	-0.0575	0.465215	NAN	
4.34	0.53	0.3405	-0.0605	0.464625	NAN	
4.35	0.52	0.3365	-0.0595	0.464025	NAN	
4.36	0.515	0.3325	-0.0595	0.46343	NAN	
4.37	0.505	0.3285	-0.0695	0.462785	NAN	
4.38	0.5	0.324	-0.0585	0.462145	NAN	
4.39	0.49	0.32	-0.068	0.4615125	NAN	
4.4	0.48	0.316	-0.0625	0.46086	NAN	
4.41	0.475	0.312	-0.0655	0.46022	NAN	
4.42	0.465	0.308	-0.0695	0.459545	NAN	
4.43	0.46	0.304	-0.0645	0.458875	NAN	
4.44	0.45	0.2995	-0.0665	0.45822	NAN	
4.45	0.44	0.2955	-0.0695	0.45754	NAN	
4.46	0.435	0.2915	-0.0655	0.456865	NAN	
4.47	0.425	0.2875	-0.0765	0.456155	NAN	
4.48	0.42	0.2835	-0.068	0.4554325	NAN	
4.49	0.41	0.2795	-0.0785	0.4547	NAN	
4.5	0.4	0.2755	-0.072	0.4539475	NAN	
4.51	0.395	0.2715	-0.0745	0.453215	NAN	
4.52	0.385	0.2675	-0.0785	0.45245	NAN	
4.53	0.38	0.2635	-0.075	0.4516825	NAN	
4.54	0.37	0.2595	-0.0775	0.45092	NAN	
4.55	0.36	0.2555	-0.0805	0.45013	NAN	
4.56	0.355	0.2515	-0.0755	0.44935	NAN	
4.57	0.345	0.248	-0.087	0.4485375	NAN	
4.58	0.34	0.244	-0.079	0.4477075	NAN	
4.59	0.33	0.24	-0.0885	0.44687	NAN	
4.6	0.32	0.2355	-0.083	0.4460125	NAN	
4.61	0.315	0.232	-0.085	0.4451725	NAN	
4.62	0.305	0.228	-0.0895	0.4443	NAN	
4.63	0.3	0.2245	-0.0875	0.443415	NAN	
4.64	0.29	0.2205	-0.0885	0.442535	NAN	
4.65	0.28	0.217	-0.091	0.4416375	NAN	
4.66	0.275	0.213	-0.0855	0.440755	NAN	
4.67	0.265	0.209	-0.0985	0.439835	NAN	
4.68	0.26	0.205	-0.0925	0.43888	NAN	
4.69	0.25	0.2015	-0.0985	0.437925	NAN	
4.7	0.24	0.1975	-0.0985	0.43694	NAN	
4.71	0.235	0.1935	-0.0995	0.43595	NAN	
4.72	0.225	0.19	-0.1065	0.43492	NAN	
4.73	0.22	0.1865	-0.104	0.4338675	NAN	
4.74	0.21	0.1825	-0.101	0.4328425	NAN	
4.75	0.2	0.1785	-0.1085	0.431795	NAN	
4.76	0.195	0.175	-0.102	0.4307425	NAN	
4.77	0.185	0.1715	-0.114	0.4296625	NAN	
4.78	0.18	0.1675	-0.1095	0.428545	NAN	
4.79	0.17	0.164	-0.114	0.4274275	NAN	
4.8	0.16	0.16	-0.1155	0.42628	NAN	
4.81	0.155	0.1565	-0.1175	0.425115	NAN	
4.82	0.145	0.153	-0.1185	0.423935	NAN	
4.83	0.14	0.1495	-0.123	0.4227275	NAN	
4.84	0.13	0.1455	-0.118	0.4215225	NAN	
4.85	0.12	0.142	-0.125	0.4203075	NAN	
4.86	0.115	0.1385	-0.1255	0.419055	NAN	
4.87	0.105	0.135	-0.129	0.4177825	NAN	
4.88	0.1	0.131	-0.127	0.4165025	NAN	
4.89	0.09	0.1275	-0.1315	0.41521	NAN	
4.9	0.08	0.1245	-0.133	0.4138875	NAN	
4.91	0.075	0.1205	-0.1385	0.41253	NAN	
4.92	0.065	0.117	-0.1355	0.41116	NAN	
4.93	0.06	0.1135	-0.1415	0.409775	NAN	
4.94	0.05	0.11	-0.1395	0.40837	NAN	
4.95	0.04	0.1065	-0.1445	0.40695	NAN	
4.96	0.035	0.103	-0.145	0.4055025	NAN	
4.97	0.025	0.0995	-0.149	0.4040325	NAN	
4.98	0.02	0.0965	-0.149	0.4025425	NAN	
4.99	0.01	0.093	-0.1525	0.401035	NAN	
5	0	0.0895	-0.154	0.3995025	NAN	
5.01	-0.005	0.086	-0.1595	0.397935	NAN	
5.02	-0.015	0.083	-0.158	0.3963475	NAN	
5.03	-0.02	0.08	-0.164	0.3947375	NAN	
5.04	-0.03	0.0765	-0.16	0.3931175	NAN	
5.05	-0.04	0.073	-0.1655	0.39149	NAN	
5.06	-0.045	0.07	-0.1675	0.389825	NAN	
5.07	-0.055	0.067	-0.1715	0.38813	NAN	
5.08	-0.06	0.0635	-0.172	0.3864125	NAN	
5.09	-0.07	0.0605	-0.176	0.3846725	NAN	
5.1	-0.08	0.0575	-0.177	0.3829075	NAN	
5.11	-0.085	0.0545	-0.1855	0.381095	NAN	
5.12	-0.095	0.051	-0.183	0.3792525	NAN	
5.13	-0.1	0.048	-0.191	0.3773825	NAN	
5.14	-0.11	0.045	-0.187	0.3754925	NAN	
5.15	-0.12	0.042	-0.1915	0.3736	NAN	
5.16	-0.125	0.039	-0.194	0.3716725	NAN	
5.17	-0.135	0.036	-0.1965	0.36972	NAN	
5.18	-0.14	0.0325	-0.2005	0.367735	NAN	
5.19	-0.15	0.03	-0.205	0.3657075	NAN	
5.2	-0.16	0.027	-0.2035	0.363665	NAN	
5.21	-0.165	0.024	-0.214	0.3615775	NAN	
5.22	-0.175	0.021	-0.2115	0.35945	NAN	
5.23	-0.18	0.018	-0.2195	0.357295	NAN	
5.24	-0.19	0.0155	-0.218	0.3551075	NAN	
5.25	-0.2	0.0125	-0.2215	0.35291	NAN	
5.26	-0.205	0.0095	-0.226	0.3506725	NAN	
5.27	-0.215	0.007	-0.228	0.3484025	NAN	
5.28	-0.22	0.0035	-0.23	0.3461125	NAN	
5.29	-0.23	0.001	-0.2355	0.343785	NAN	
5.3	-0.24	-0.0015	-0.2325	0.341445	NAN	
5.31	-0.245	-0.0045	-0.246	0.3390525	NAN	
5.32	-0.255	-0.0065	-0.244	0.3366025	NAN	
5.33	-0.26	-0.0095	-0.2535	0.334115	NAN	
5.34	-0.27	-0.0125	-0.252	0.3315875	NAN	
5.35	-0.28	-0.015	-0.255	0.3290525	NAN	
5.36	-0.285	-0.0175	-0.2605	0.326475	NAN	
5.37	-0.295	-0.02	-0.264	0.3238525	NAN	
5.38	-0.3	-0.0225	-0.265	0.3212075	NAN	
5.39	-0.31	-0.0255	-0.272	0.3185225	NAN	
5.4	-0.32	-0.0275	-0.269	0.3158175	NAN	
5.41	-0.325	-0.0305	-0.279	0.3130775	NAN	
5.42	-0.335	-0.033	-0.2775	0.310295	NAN	
5.43	-0.34	-0.0365	-0.2875	0.30747	NAN	
5.44	-0.35	-0.038	-0.2855	0.304605	NAN	
5.45	-0.36	-0.0405	-0.2935	0.30171	NAN	
5.46	-0.365	-0.043	-0.294	0.2987725	NAN	
5.47	-0.375	-0.0445	-0.301	0.2957975	NAN	
5.48	-0.38	-0.0475	-0.3025	0.29278	NAN	
5.49	-0.39	-0.0505	-0.307	0.2897325	NAN	
5.5	-0.4	-0.0525	-0.31	0.2866475	NAN	
5.51	-0.405	-0.055	-0.317	0.2835125	NAN	
5.52	-0.415	-0.057	-0.3165	0.280345	NAN	
5.53	-0.42	-0.059	-0.327	0.2771275	NAN	
5.54	-0.43	-0.061	-0.325	0.2738675	NAN	
5.55	-0.44	-0.0625	-0.3335	0.270575	NAN	
5.56	-0.445	-0.0655	-0.3345	0.267235	NAN	
5.57	-0.455	-0.068	-0.342	0.2638525	NAN	
5.58	-0.46	-0.0695	-0.3445	0.26042	NAN	
5.59	-0.47	-0.0705	-0.348	0.2569575	NAN	
5.6	-0.48	-0.074	-0.353	0.2534525	NAN	
5.61	-0.485	-0.0765	-0.3575	0.2499	NAN	
5.62	-0.495	-0.078	-0.362	0.2463025	NAN	
5.63	-0.5	-0.08	-0.3685	0.24265	NAN	
5.64	-0.51	-0.0825	-0.369	0.2389625	NAN	
5.65	-0.52	-0.0835	-0.381	0.2352125	NAN	
5.66	-0.525	-0.0855	-0.378	0.2314175	NAN	
5.67	-0.535	-0.0875	-0.39	0.2275775	NAN	
5.68	-0.54	-0.0895	-0.388	0.2236875	NAN	
5.69	-0.55	-0.092	-0.3965	0.219765	NAN	
5.7	-0.56	-0.093	-0.398	0.2157925	NAN	
5.71	-0.565	-0.095	-0.4035	0.211785	NAN	
5.72	-0.575	-0.097	-0.411	0.2077125	NAN	
5.73	-0.58	-0.0975	-0.417	0.2035725	NAN	
5.74	-0.59	-0.1	-0.42	0.1993875	NAN	
5.75	-0.6	-0.102	-0.4305	0.195135	NAN	
5.76	-0.605	-0.1035	-0.4255	0.190855	NAN	
5.77	-0.615	-0.106	-0.444	0.1865075	NAN	
5.78	-0.62	-0.1065	-0.4335	0.18212	NAN	
5.79	-0.63	-0.108	-0.449	0.1777075	NAN	
5.8	-0.64	-0.11	-0.4445	0.17324	NAN	
5.81	-0.645	-0.1115	-0.4545	0.168745	NAN	
5.82	-0.655	-0.113	-0.4645	0.16415	NAN	
5.83	-0.66	-0.1145	-0.4635	0.15951	NAN	
5.84	-0.67	-0.1155	-0.471	0.1548375	NAN	
5.85	-0.68	-0.1175	-0.4755	0.150105	NAN	
5.86	-0.685	-0.1185	-0.4805	0.145325	NAN	
5.87	-0.695	-0.12	-0.4945	0.14045	NAN	
5.88	-0.7	-0.1215	-0.4905	0.135525	NAN	
5.89	-0.71	-0.123	-0.5045	0.13055	NAN	
5.9	-0.72	-0.124	-0.5	0.1255275	NAN	
5.91	-0.725	-0.1255	-0.4985	0.120535	NAN	
5.92	-0.735	-0.127	-0.522	0.1154325	NAN	
5.93	-0.74	-0.1285	-0.529	0.1101775	NAN	
5.94	-0.75	-0.1295	-0.5275	0.104895	NAN	
5.95	-0.76	-0.1315	-0.534	0.0995875	NAN	
5.96	-0.765	-0.133	-0.5345	0.094245	NAN	
5.97	-0.775	-0.1345	-0.5435	0.088855	NAN	
5.98	-0.78	-0.136	-0.5465	0.083405	NAN	
5.99	-0.79	-0.138	-0.555	0.0778975	NAN	
6	-0.8	-0.1395	-0.5575	0.072335	NAN	
6.01	-0.805	-0.141	-0.5645	0.066725	NAN	
6.02	-0.815	-0.1425	-0.5675	0.061065	NAN	
6.03	-0.82	-0.1445	-0.575	0.0553525	NAN	
6.04	-0.83	-0.1465	-0.575	0.0496025	NAN	
6.05	-0.84	-0.148	-0.584	0.0438075	NAN	
6.06	-0.845	-0.15	-0.5825	0.037975	NAN	
6.07	-0.855	-0.152	-0.5975	0.032075	NAN	
6.08	-0.86	-0.154	-0.5925	0.026125	NAN	
6.09	-0.87	-0.156	-0.608	0.0201225	NAN	
6.1	-0.88	-0.158	-0.601	0.0140775	NAN	
6.11	-0.885	-0.1605	-0.613	0.0080075	NAN	
6.12	-0.895	-0.1625	-0.613	0.0018775	NAN	
6.13	-0.9	-0.1645	-0.618	-0.0042775	NAN	
6.14	-0.91	-0.167	-0.621	-0.0104725	NAN	
6.15	-0.92	-0.1695	-0.623	-0.0166925	NAN	
6.16	-0.925	-0.1715	-0.628	-0.0229475	NAN	
6.17	-0.935	-0.1745	-0.635	-0.0292625	NAN	
6.18	-0.94	-0.1765	-0.634	-0.0356075	NAN	
6.19	-0.95	-0.1795	-0.642	-0.0419875	NAN	
6.2	-0.96	-0.182	-0.6415	-0.048405	NAN	
6.21	-0.965	-0.1845	-0.649	-0.0548575	NAN	
6.22	-0.975	-0.1865	-0.65	-0.0613525	NAN	
6.23	-0.98	-0.19	-0.6545	-0.067875	NAN	
6.24	-0.99	-0.1925	-0.652	-0.0744075	NAN	
6.25	-1	-0.1955	-0.6595	-0.080965	NAN	
6.26	-1.005	-0.1985	-0.655	-0.0875375	NAN	
6.27	-1.015	-0.201	-0.669	-0.0941575	NAN	
6.28	-1.02	-0.2045	-0.659	-0.1007975	NAN	
6.29	-1.03	-0.2075	-0.6735	-0.10746	NAN	
6.3	-1.04	-0.2105	-0.664	-0.1141475	NAN	
6.31	-1.045	-0.214	-0.676	-0.1208475	NAN	
6.32	-1.055	-0.217	-0.6735	-0.127595	NAN	
6.33	-1.06	-0.221	-0.6805	-0.134365	NAN	
6.34	-1.07	-0.2245	-0.675	-0.1411425	NAN	
6.35	-1.08	-0.228	-0.6795	-0.147915	NAN	
6.36	-1.085	-0.232	-0.677	-0.1546975	NAN	
6.37	-1.095	-0.236	-0.681	-0.1614875	NAN	
6.38	-1.1	-0.2405	-0.678	-0.1682825	NAN	
6.39	-1.11	-0.2445	-0.681	-0.1750775	NAN	
6.4	-1.12	-0.2485	-0.6775	-0.18187	NAN	
6.41	-1.125	-0.253	-0.679	-0.1886525	NAN	
6.42	-1.135	-0.2575	-0.6805	-0.19545	NAN	
6.43	-1.14	-0.2625	-0.6815	-0.20226	NAN	
6.44	-1.15	-0.267	-0.677	-0.2090525	NAN	
6.45	-1.16	-0.272	-0.681	-0.2158425	NAN	
6.46	-1.165	-0.277	-0.6735	-0.222615	NAN	
6.47	-1.175	-0.2825	-0.6795	-0.22938	NAN	
6.48	-1.18	-0.288	-0.668	-0.2361175	NAN	
6.49	-1.19	-0.294	-0.674	-0.2428275	NAN	
6.5	-1.2	-0.3	-0.661	-0.2495025	NAN	
6.51	-1.205	-0.306	-0.6695	-0.256155	NAN	
6.52	-1.215	-0.312	-0.6585	-0.262795	NAN	
6.53	-1.22	-0.319	-0.6605	-0.26939	NAN	
6.54	-1.23	-0.326	-0.648	-0.2759325	NAN	
6.55	-1.24	-0.3325	-0.6535	-0.28244	NAN	
6.56	-1.245	-0.34	-0.6395	-0.288905	NAN	
6.57	-1.255	-0.3475	-0.65	-0.2953525	NAN	
6.58	-1.26	-0.3555	-0.6255	-0.30173	NAN	
6.59	-1.27	-0.3635	-0.625	-0.3079825	NAN	
6.6	-1.28	-0.372	-0.612	-0.3141675	NAN	
6.61	-1.285	-0.381	-0.6135	-0.320295	NAN	
6.62	-1.295	-0.39	-0.5965	-0.326345	NAN	
6.63	-1.3	-0.3995	-0.5915	-0.332285	NAN	
6.64	-1.31	-0.409	-0.5775	-0.33813	NAN	
6.65	-1.32	-0.419	-0.578	-0.3439075	NAN	
6.66	-1.325	-0.4295	-0.5535	-0.349565	NAN	
6.67	-1.335	-0.44	-0.5595	-0.35513	NAN	
6.68	-1.34	-0.4515	-0.54	-0.3606275	NAN	
6.69	-1.35	-0.4625	-0.5285	-0.36597	NAN	
6.7	-1.36	-0.4735	-0.503	-0.3711275	NAN	
6.71	-1.365	-0.4855	-0.513	-0.3762075	NAN	
6.72	-1.375	-0.4975	-0.484	-0.3811925	NAN	
6.73	-1.38	-0.5095	-0.48	-0.3860125	NAN	
6.74	-1.39	-0.5215	-0.4555	-0.39069	NAN	
6.75	-1.4	-0.5345	-0.4515	-0.395225	NAN	
6.76	-1.405	-0.547	-0.4265	-0.399615	NAN	
6.77	-1.415	-0.56	-0.415	-0.4038225	NAN	
6.78	-1.42	-0.5725	-0.398	-0.4078875	NAN	
6.79	-1.43	-0.5855	-0.3895	-0.411825	NAN	
6.8	-1.44	-0.599	-0.3695	-0.41562	NAN	
6.81	-1.445	-0.6125	-0.361	-0.4192725	NAN	
6.82	-1.455	-0.626	-0.333	-0.4227425	NAN	
6.83	-1.46	-0.6395	-0.3245	-0.42603	NAN	
6.84	-1.47	-0.653	-0.3	-0.4291525	NAN	
6.85	-1.48	-0.666	-0.285	-0.4320775	NAN	
6.86	-1.485	-0.6795	-0.286	-0.4349325	NAN	
6.87	-1.495	-0.6925	-0.2665	-0.437695	NAN	
6.88	-1.5	-0.705	-0.24	-0.4402275	NAN	
6.89	-1.51	-0.7175	-0.2395	-0.442625	NAN	
6.9	-1.52	-0.73	-0.215	-0.4448975	NAN	
6.91	-1.525	-0.742	-0.2145	-0.447045	NAN	
6.92	-1.535	-0.7535	-0.2015	-0.449125	NAN	
6.93	-1.54	-0.765	-0.184	-0.4510525	NAN	
6.94	-1.55	-0.776	-0.176	-0.4528525	NAN	
6.95	-1.56	-0.787	-0.1655	-0.45456	NAN	
6.96	-1.565	-0.797	-0.1515	-0.456145	NAN	
6.97	-1.575	-0.807	-0.15	-0.4576525	NAN	
6.98	-1.58	-0.8165	-0.1345	-0.459075	NAN	
6.99	-1.59	-0.8255	-0.129	-0.4603925	NAN	
7	-1.6	-0.8345	-0.1195	-0.461635	NAN	
7.01	-1.605	-0.843	-0.1185	-0.462825	NAN	
7.02	-1.615	-0.851	-0.1055	-0.463945	NAN	
7.03	-1.62	-0.859	-0.1085	-0.465015	NAN	
7.04	-1.63	-0.867	-0.0925	-0.46602	NAN	
7.05	-1.64	-0.874	-0.0965	-0.466965	NAN	
7.06	-1.645	-0.881	-0.0855	-0.467875	NAN	
7.07	-1.655	-0.888	-0.0885	-0.468745	NAN	
7.08	-1.66	-0.895	-0.0795	-0.469585	NAN	
7.09	-1.67	-0.901	-0.0795	-0.47038	NAN	
7.1	-1.68	-0.9075	-0.0705	-0.47113	NAN	
7.11	-1.685	-0.914	-0.078	-0.4718725	NAN	
7.12	-1.695	-0.92	-0.067	-0.4725975	NAN	
7.13	-1.7	-0.926	-0.075	-0.4733075	NAN	
7.14	-1.71	-0.932	-0.064	-0.4740025	NAN	
7.15	-1.72	-0.9375	-0.0675	-0.47466	NAN	
7.16	-1.725	-0.9435	-0.06	-0.4752975	NAN	
7.17	-1.735	-0.9485	-0.064	-0.4759175	NAN	
7.18	-1.74	-0.954	-0.0565	-0.47652	NAN	
7.19	-1.75	-0.9595	-0.06	-0.4771025	NAN	
7.2	-1.76	-0.9645	-0.0505	-0.477655	NAN	
7.21	-1.765	-0.97	-0.053	-0.4781725	NAN	
7.22	-1.775	-0.975	-0.045	-0.4786625	NAN	
7.23	-1.78	-0.98	-0.0545	-0.47916	NAN	
7.24	-1.79	-0.9855	-0.0515	-0.47969	NAN	
7.25	-1.8	-0.9905	-0.054	-0.4802175	NAN	
7.26	-1.805	-0.995	-0.0535	-0.480755	NAN	
7.27	-1.815	-1.0005	-0.05	-0.4812725	NAN	
7.28	-1.82	-1.0055	-0.044	-0.4817425	NAN	
7.29	-1.83	-1.01	-0.0555	-0.48224	NAN	
7.3	-1.84	-1.015	-0.0485	-0.48276	NAN	
7.31	-1.845	-1.02	-0.0485	-0.483245	NAN	
7.32	-1.855	-1.025	-0.0415	-0.483695	NAN	
7.33	-1.86	-1.0275	-0.051	-0.4841575	NAN	
7.34	-1.87	-1.0275	-0.0445	-0.484635	NAN	
7.35	-1.88	-1.0275	-0.0485	-0.4851	NAN	
7.36	-1.885	-1.0275	-0.0435	-0.48556	NAN	
7.37	-1.895	-1.0275	-0.0485	-0.48602	NAN	
7.38	-1.9	-1.0275	-0.0395	-0.48646	NAN	
7.39	-1.91	-1.0275	-0.0495	-0.486905	NAN	
7.4	-1.92	-1.0275	-0.0355	-0.48733	NAN	
7.41	-1.925	-1.0275	-0.0485	-0.48775	NAN	
7.42	-1.935	-1.0275	-0.039	-0.4881875	NAN	
7.43	-1.94	-1.0275	-0.0435	-0.4886	NAN	
7.44	-1.95	-1.0275	-0.042	-0.4890275	NAN	
7.45	-1.96	-1.0275	-0.043	-0.4894525	NAN	
7.46	-1.965	-1.0275	-0.0405	-0.48987	NAN	
7.47	-1.975	-1.0275	-0.045	-0.4902975	NAN	
7.48	-1.98	-1.0275	-0.0345	-0.490695	NAN	
7.49	-1.99	-1.0275	-0.0465	-0.4911	NAN	
7.5	-2	-1.0275	-0.0315	-0.49149	NAN	
7.51	-1.995	-1.0275	-0.0375	-0.491835	NAN	
7.52	-1.985	-1.0275	-0.002	-0.4920325	NAN	
7.53	-1.98	-1.0275	-0.0195	-0.49214	NAN	
7.54	-1.97	-1.0275	-0.007	-0.4922725	NAN	
7.55	-1.96	-1.0275	0	-0.4923075	NAN	
7.56	-1.955	-1.0275	-0.021	-0.4924125	NAN	
7.57	-1.945	-1.0275	-0.003	-0.4925325	NAN	
7.58	-1.94	-1.0275	0.0145	-0.492475	NAN	
7.59	-1.93	-1.0275	-0.003	-0.4924175	NAN	
7.6	-1.92	-1.0275	0.0065	-0.4924	NAN	
7.61	-1.915	-1.0275	0.004	-0.4923475	NAN	
7.62	-1.905	-1.0275	0.0035	-0.49231	NAN	
7.63	-1.9	-1.0275	0.005	-0.4922675	NAN	
7.64	-1.89	-1.0275	0.015	-0.4921675	NAN	
7.65	-1.88	-1.0275	0.0015	-0.492085	NAN	
7.66	-1.875	-1.0275	0.0135	-0.49201	NAN	
7.67	-1.865	-1.0275	0.01	-0.4918925	NAN	
7.68	-1.86	-1.0275	0.0095	-0.491795	NAN	
7.69	-1.85	-1.0275	0.0125	-0.491685	NAN	
7.7	-1.84	-1.0275	0.017	-0.4915375	NAN	
7.71	-1.835	-1.0275	0.011	-0.4913975	NAN	
7.72	-1.825	-1.0275	0.017	-0.4912575	NAN	
7.73	-1.82	-1.0275	0.01	-0.4911225	NAN	
7.74	-1.81	-1.0275	0.0185	-0.49098	NAN	
7.75	-1.8	-1.0275	0.012	-0.4908275	NAN	
7.76	-1.795	-1.0275	0.014	-0.4906975	NAN	
7.77	-1.785	-1.0275	0.006	-0.4905975	NAN	
7.78	-1.78	-1.025	0.0185	-0.490475	NAN	
7.79	-1.77	-1.02	0.013	-0.4903175	NAN	
7.8	-1.76	-1.016	0.0245	-0.49013	NAN	
7.81	-1.755	-1.0115	0.015	-0.4899325	NAN	
7.82	-1.745	-1.007	0.0195	-0.48976	NAN	
7.83	-1.74	-1.0025	0.0035	-0.489645	NAN	
7.84	-1.73	-0.998	0.023	-0.4895125	NAN	
7.85	-1.72	-0.9935	0.0075	-0.48936	NAN	
7.86	-1.715	-0.989	0.021	-0.4892175	NAN	
7.87	-1.705	-0.9845	0.0145	-0.48904	NAN	
7.88	-1.7	-0.98	0.014	-0.4888975	NAN	
7.89	-1.69	-0.9755	0.011	-0.4887725	NAN	
7.9	-1.68	-0.9715	0.02	-0.4886175	NAN	
7.91	-1.675	-0.9665	0.0095	-0.48847	NAN	
7.92	-1.665	-0.962	0.023	-0.4883075	NAN	
7.93	-1.66	-0.958	0.013	-0.4881275	NAN	
7.94	-1.65	-0.953	0.0185	-0.48797	NAN	
7.95	-1.64	-0.949	0.014	-0.4878075	NAN	
7.96	-1.635	-0.9445	0.021	-0.4876325	NAN	
7.97	-1.625	-0.94	0.0115	-0.48747	NAN	
7.98	-1.62	-0.9355	0.0225	-0.4873	NAN	
7.99	-1.61	-0.931	0.0065	-0.487155	NAN	
8	-1.6	-0.9265	0.018	-0.4870325	NAN	
8.01	-1.595	-0.922	0.011	-0.4868875	NAN	
8.02	-1.585	-0.918	0.02	-0.4867325	NAN	
8.03	-1.58	-0.9135	0.0115	-0.486575	NAN	
8.04	-1.57	-0.909	0.026	-0.4863875	NAN	
8.05	-1.56	-0.9045	0.014	-0.4861875	NAN	
8.06	-1.555	-0.9	0.022	-0.4860075	NAN	
8.07	-1.545	-0.8955	0.0185	-0.485805	NAN	
8.08	-1.54	-0.8915	0.019	-0.4856175	NAN	
8.09	-1.53	-0.8865	0.014	-0.4854525	NAN	
8.1	-1.52	-0.8825	0.0225	-0.48527	NAN	
8.11	-1.515	-0.8775	0.011	-0.4851025	NAN	
8.12	-1.505	-0.8735	0.0235	-0.48493	NAN	
8.13	-1.5	-0.8685	0.0165	-0.48473	NAN	
8.14	-1.49	-0.8645	0.0205	-0.484545	NAN	
8.15	-1.48	-0.8595	0.015	-0.4843675	NAN	
8.16	-1.475	-0.8555	0.025	-0.4841675	NAN	
8.17	-1.465	-0.851	0.0145	-0.48397	NAN	
8.18	-1.46	-0.8465	0.0255	-0.48377	NAN	
8.19	-1.45	-0.8415	0.0175	-0.483555	NAN	
8.2	-1.44	-0.838	0.019	-0.4833725	NAN	
8.21	-1.435	-0.833	0.016	-0.4831975	NAN	
8.22	-1.425	-0.8285	0.025	-0.4829925	NAN	
8.23	-1.42	-0.824	0.012	-0.4828075	NAN	
8.24	-1.41	-0.82	0.0255	-0.48262	NAN	
8.25	-1.4	-0.8155	0.0145	-0.48242	NAN	
8.26	-1.395	-0.811	0.0235	-0.48223	NAN	
8.27	-1.385	-0.8065	0.0205	-0.48201	NAN	
8.28	-1.38	-0.802	0.0255	-0.48178	NAN	
8.29	-1.37	-0.7975	0.0165	-0.48157	NAN	
8.3	-1.36	-0.7935	0.0265	-0.481355	NAN	
8.31	-1.355	-0.789	0.0155	-0.481145	NAN	
8.32	-1.345	-0.7845	0.0245	-0.480945	NAN	
8.33	-1.34	-0.78	0.0185	-0.48073	NAN	
8.34	-1.33	-0.775	0.0235	-0.48052	NAN	
8.35	-1.32	-0.771	0.0175	-0.480315	NAN	
8.36	-1.315	-0.7665	0.0285	-0.480085	NAN	
8.37	-1.305	-0.762	0.018	-0.4798525	NAN	
8.38	-1.3	-0.757	0.0285	-0.47962	NAN	
8.39	-1.29	-0.753	0.021	-0.4793725	NAN	
8.4	-1.28	-0.7485	0.0215	-0.47916	NAN	
8.41	-1.275	-0.7445	0.019	-0.4789575	NAN	
8.42	-1.265	-0.74	0.0285	-0.47872	NAN	
8.43	-1.26	-0.7355	0.0145	-0.478505	NAN	
8.44	-1.25	-0.7315	0.03	-0.4782825	NAN	
8.45	-1.24	-0.727	0.015	-0.4780575	NAN	
8.46	-1.235	-0.723	0.0255	-0.477855	NAN	
8.47	-1.225	-0.7185	0.025	-0.4776025	NAN	
8.48	-1.22	-0.714	0.0255	-0.47735	NAN	
8.49	-1.21	-0.71	0.021	-0.4771175	NAN	
8.5	-1.2	-0.706	0.0305	-0.47686	NAN	
8.51	-1.195	-0.701	0.016	-0.4766275	NAN	
8.52	-1.185	-0.6965	0.0415	-0.47634	NAN	
8.53	-1.18	-0.6925	0.023	-0.4760175	NAN	
8.54	-1.17	-0.6885	0.019	-0.4758075	NAN	
8.55	-1.16	-0.684	0.0255	-0.475585	NAN	
8.56	-1.155	-0.6795	0.0295	-0.47531	NAN	
8.57	-1.145	-0.675	0.017	-0.4750775	NAN	
8.58	-1.14	-0.6705	0.021	-0.4748875	NAN	
8.59	-1.13	-0.6665	0.0145	-0.47471	NAN	
8.6	-1.12	-0.6625	0.028	-0.4744975	NAN	
8.61	-1.115	-0.658	0.026	-0.4742275	NAN	
8.62	-1.105	-0.6535	0.034	-0.4739275	NAN	
8.63	-1.1	-0.649	0.0215	-0.47365	NAN	
8.64	-1.09	-0.645	0.0345	-0.47337	NAN	
8.65	-1.08	-0.6405	0.0195	-0.4731	NAN	
8.66	-1.075	-0.6365	0.029	-0.4728575	NAN	
8.67	-1.065	-0.632	0.028	-0.4725725	NAN	
8.68	-1.06	-0.6275	0.0285	-0.47229	NAN	
8.69	-1.05	-0.623	0.0255	-0.47202	NAN	
8.7	-1.04	-0.6185	0.03	-0.4717425	NAN	
8.71	-1.035	-0.6145	0.0255	-0.471465	NAN	
8.72	-1.025	-0.61	0.042	-0.4711275	NAN	
8.73	-1.02	-0.6055	0.029	-0.4707725	NAN	
8.74	-1.01	-0.602	0.037	-0.4704425	NAN	
8.75	-1	-0.597	0.033	-0.4700925	NAN	
8.76	-0.995	-0.593	0.036	-0.4697475	NAN	
8.77	-0.985	-0.5885	0.026	-0.4694375	NAN	
8.78	-0.98	-0.5845	0.033	-0.4691425	NAN	
8.79	-0.97	-0.58	0.027	-0.4688425	NAN	
8.8	-0.96	-0.5755	0.0335	-0.46854	NAN	
8.81	-0.955	-0.5715	0.031	-0.4682175	NAN	
8.82	-0.945	-0.5675	0.035	-0.4678875	NAN	
8.83	-0.94	-0.5625	0.029	-0.4675675	NAN	
8.84	-0.93	-0.5585	0.0405	-0.46722	NAN	
8.85	-0.92	-0.5545	0.0265	-0.466885	NAN	
8.86	-0.915	-0.55	0.04	-0.4665525	NAN	
8.87	-0.905	-0.5455	0.0305	-0.4662	NAN	
8.88	-0.9	-0.5415	0.0335	-0.46588	NAN	
8.89	-0.89	-0.537	0.0335	-0.465545	NAN	
8.9	-0.88	-0.533	0.032	-0.4652175	NAN	
8.91	-0.875	-0.5285	0.026	-0.4649275	NAN	
8.92	-0.865	-0.524	0.0445	-0.464575	NAN	
8.93	-0.86	-0.5195	0.0315	-0.464195	NAN	
8.94	-0.85	-0.515	0.0405	-0.463835	NAN	
8.95	-0.84	-0.511	0.0355	-0.463455	NAN	
8.96	-0.835	-0.5065	0.039	-0.4630825	NAN	
8.97	-0.825	-0.502	0.0365	-0.462705	NAN	
8.98	-0.82	-0.4985	0.0425	-0.46231	NAN	
8.99	-0.81	-0.4935	0.0345	-0.461925	NAN	
9	-0.8	-0.4895	0.04	-0.4615525	NAN	
9.01	-0.795	-0.485	0.037	-0.4611675	NAN	
9.02	-0.785	-0.4805	0.041	-0.4607775	NAN	
9.03	-0.78	-0.4765	0.0365	-0.46039	NAN	
9.04	-0.77	-0.472	0.045	-0.4599825	NAN	
9.05	-0.76	-0.468	0.037	-0.4595725	NAN	
9.06	-0.755	-0.464	0.0485	-0.459145	NAN	
9.07	-0.745	-0.459	0.0425	-0.45869	NAN	
9.08	-0.74	-0.455	0.045	-0.4582525	NAN	
9.09	-0.73	-0.4505	0.048	-0.4577875	NAN	
9.1	-0.72	-0.4465	0.039	-0.4573525	NAN	
9.11	-0.715	-0.442	0.044	-0.4569375	NAN	
9.12	-0.705	-0.438	0.0545	-0.456445	NAN	
9.13	-0.7	-0.434	0.0425	-0.45596	NAN	
9.14	-0.69	-0.4295	0.0535	-0.45548	NAN	
9.15	-0.68	-0.425	0.0485	-0.45497	NAN	
9.16	-0.675	-0.4205	0.0475	-0.45449	NAN	
9.17	-0.665	-0.4165	0.052	-0.4539925	NAN	
9.18	-0.66	-0.412	0.0535	-0.453465	NAN	
9.19	-0.65	-0.4075	0.048	-0.4529575	NAN	
9.2	-0.64	-0.404	0.0515	-0.45246	NAN	
9.21	-0.635	-0.3985	0.0395	-0.452005	NAN	
9.22	-0.625	-0.3955	0.0525	-0.451545	NAN	
9.23	-0.62	-0.391	0.046	-0.4510525	NAN	
9.24	-0.61	-0.387	0.046	-0.4505925	NAN	
9.25	-0.6	-0.3835	0.046	-0.4501325	NAN	
9.26	-0.595	-0.379	0.057	-0.4496175	NAN	
9.27	-0.585	-0.375	0.05	-0.4490825	NAN	
9.28	-0.58	-0.3705	0.051	-0.4485775	NAN	
9.29	-0.57	-0.3655	0.0595	-0.448025	NAN	
9.3	-0.56	-0.362	0.057	-0.4474425	NAN	
9.31	-0.555	-0.358	0.0575	-0.44687	NAN	
9.32	-0.545	-0.354	0.064	-0.4462625	NAN	
9.33	-0.54	-0.349	0.0515	-0.445685	NAN	
9.34	-0.53	-0.3455	0.057	-0.4451425	NAN	
9.35	-0.52	-0.341	0.052	-0.4445975	NAN	
9.36	-0.515	-0.337	0.061	-0.4440325	NAN	
9.37	-0.505	-0.333	0.062	-0.4434175	NAN	
9.38	-0.5	-0.329	0.0585	-0.442815	NAN	
9.39	-0.49	-0.3245	0.063	-0.4422075	NAN	
9.4	-0.48	-0.321	0.063	-0.4415775	NAN	
9.41	-0.475	-0.317	0.061	-0.4409575	NAN	
9.42	-0.465	-0.313	0.07	-0.4403025	NAN	
9.43	-0.46	-0.308	0.063	-0.4396375	NAN	
9.44	-0.45	-0.3045	0.0635	-0.439005	NAN	
9.45	-0.44	-0.3	0.066	-0.4383575	NAN	
9.46	-0.435	-0.296	0.0665	-0.437695	NAN	
9.47	-0.425	-0.292	0.0685	-0.43702	NAN	
9.48	-0.42	-0.288	0.072	-0.4363175	NAN	
9.49	-0.41	-0.284	0.0695	-0.43561	NAN	
9.5	-0.4	-0.28	0.0695	-0.434915	NAN	
9.51	-0.395	-0.276	0.076	-0.4341875	NAN	
9.52	-0.385	-0.272	0.074	-0.4334375	NAN	
9.53	-0.38	-0.268	0.0745	-0.432695	NAN	
9.54	-0.37	-0.2635	0.0785	-0.43193	NAN	
9.55	-0.36	-0.2605	0.072	-0.4311775	NAN	
9.56	-0.355	-0.2555	0.0775	-0.43043	NAN	
9.57	-0.345	-0.2525	0.08	-0.4296425	NAN	
9.58	-0.34	-0.2475	0.0765	-0.42886	NAN	
9.59	-0.33	-0.244	0.085	-0.4280525	NAN	
9.6	-0.32	-0.24	0.08	-0.4272275	NAN	
9.61	-0.315	-0.2365	0.081	-0.4264225	NAN	
9.62	-0.305	-0.2325	0.0885	-0.425575	NAN	
9.63	-0.3	-0.2295	0.082	-0.4247225	NAN	
9.64	-0.29	-0.2245	0.088	-0.4238725	NAN	
9.65	-0.28	-0.2205	0.088	-0.4229925	NAN	
9.66	-0.275	-0.217	0.085	-0.4221275	NAN	
9.67	-0.265	-0.213	0.094	-0.4212325	NAN	
9.68	-0.26	-0.209	0.089	-0.4203175	NAN	
9.69	-0.25	-0.2055	0.092	-0.4194125	NAN	
9.7	-0.24	-0.2015	0.0945	-0.41848	NAN	
9.71	-0.235	-0.1975	0.0965	-0.417525	NAN	
9.72	-0.225	-0.1935	0.0985	-0.41655	NAN	
9.73	-0.22	-0.1905	0.1025	-0.415545	NAN	
9.74	-0.21	-0.1865	0.099	-0.4145375	NAN	
9.75	-0.2	-0.1825	0.103	-0.4135275	NAN	
9.76	-0.195	-0.1785	0.1035	-0.412495	NAN	
9.77	-0.185	-0.175	0.1065	-0.411445	NAN	
9.78	-0.18	-0.171	0.1065	-0.41038	NAN	
9.79	-0.17	-0.1675	0.1065	-0.409315	NAN	
9.8	-0.16	-0.164	0.107	-0.4082475	NAN	
9.81	-0.155	-0.16	0.116	-0.4071325	NAN	
9.82	-0.145	-0.1565	0.113	-0.4059875	NAN	
9.83	-0.14	-0.1525	0.1195	-0.404825	NAN	
9.84	-0.13	-0.1495	0.1185	-0.403635	NAN	
9.85	-0.12	-0.1455	0.1145	-0.40247	NAN	
9.86	-0.115	-0.142	0.1225	-0.401285	NAN	
9.87	-0.105	-0.1385	0.1235	-0.400055	NAN	
9.88	-0.1	-0.135	0.1195	-0.39884	NAN	
9.89	-0.09	-0.1315	0.131	-0.3975875	NAN	
9.9	-0.08	-0.128	0.1175	-0.396345	NAN	
9.91	-0.075	-0.125	0.134	-0.3950875	NAN	
9.92	-0.065	-0.121	0.1325	-0.393755	NAN	
9.93	-0.06	-0.117	0.137	-0.3924075	NAN	
9.94	-0.05	-0.114	0.141	-0.3910175	NAN	
9.95	-0.04	-0.11	0.137	-0.3896275	NAN	
9.96	-0.035	-0.107	0.139	-0.3882475	NAN	
9.97	-0.025	-0.104	0.1475	-0.386815	NAN	
9.98	-0.02	-0.1005	0.1395	-0.38538	NAN	
9.99	-0.01	-0.0975	0.1515	-0.383925	NAN	
10	0	-0.0935	0.1425	-0.382455	NAN	
10.01	0.005	-0.0905	0.15	-0.3809925	NAN	
10.02	0.015	-0.087	0.1555	-0.379465	NAN	
10.03	0.02	-0.0835	0.1555	-0.37791	NAN	
10.04	0.03	-0.0805	0.1585	-0.37634	NAN	
10.05	0.04	-0.0775	0.162	-0.3747375	NAN	
10.06	0.045	-0.074	0.1595	-0.37313	NAN	
10.07	0.055	-0.071	0.1725	-0.37147	NAN	
10.08	0.06	-0.0675	0.1635	-0.36979	NAN	
10.09	0.07	-0.0645	0.173	-0.3681075	NAN	
10.1	0.08	-0.0615	0.17	-0.3663925	NAN	
10.11	0.085	-0.058	0.1745	-0.36467	NAN	
10.12	0.095	-0.055	0.18	-0.3628975	NAN	
10.13	0.1	-0.0515	0.181	-0.3610925	NAN	
10.14	0.11	-0.049	0.1825	-0.359275	NAN	
10.15	0.12	-0.046	0.1905	-0.35741	NAN	
10.16	0.125	-0.0425	0.1845	-0.355535	NAN	
10.17	0.135	-0.04	0.199	-0.3536175	NAN	
10.18	0.14	-0.0365	0.1915	-0.351665	NAN	
10.19	0.15	-0.034	0.202	-0.3496975	NAN	
10.2	0.16	-0.031	0.1975	-0.3477	NAN	
10.21	0.165	-0.028	0.204	-0.3456925	NAN	
10.22	0.175	-0.025	0.2075	-0.343635	NAN	
10.23	0.18	-0.0215	0.211	-0.3415425	NAN	
10.24	0.19	-0.019	0.211	-0.3394325	NAN	
10.25	0.2	-0.016	0.22	-0.3372775	NAN	
10.26	0.205	-0.0135	0.215	-0.3351025	NAN	
10.27	0.215	-0.011	0.2295	-0.33288	NAN	
10.28	0.22	-0.008	0.223	-0.3306175	NAN	
10.29	0.23	-0.0045	0.233	-0.3283375	NAN	
10.3	0.24	-0.0015	0.2295	-0.326025	NAN	
10.31	0.245	0.0005	0.236	-0.3236975	NAN	
10.32	0.255	0.0035	0.24	-0.3213175	NAN	
10.33	0.26	0.006	0.2435	-0.3189	NAN	
10.34	0.27	0.0085	0.244	-0.3164625	NAN	
10.35	0.28	0.011	0.2535	-0.313975	NAN	
10.36	0.285	0.0145	0.249	-0.3114625	NAN	
10.37	0.295	0.0165	0.2665	-0.308885	NAN	
10.38	0.3	0.0195	0.2565	-0.30627	NAN	
10.39	0.31	0.0215	0.2705	-0.303635	NAN	
10.4	0.32	0.0245	0.2655	-0.300955	NAN	
10.41	0.325	0.027	0.271	-0.2982725	NAN	
10.42	0.335	0.0295	0.275	-0.2955425	NAN	
10.43	0.34	0.032	0.277	-0.2927825	NAN	
10.44	0.35	0.035	0.2785	-0.290005	NAN	
10.45	0.36	0.037	0.2875	-0.287175	NAN	
10.46	0.365	0.0395	0.284	-0.2843175	NAN	
10.47	0.375	0.042	0.3025	-0.281385	NAN	
10.48	0.38	0.0445	0.292	-0.2784125	NAN	
10.49	0.39	0.0465	0.3075	-0.275415	NAN	
10.5	0.4	0.0485	0.301	-0.2723725	NAN	
10.51	0.405	0.051	0.3135	-0.2693	NAN	
10.52	0.415	0.0535	0.315	-0.2661575	NAN	
10.53	0.42	0.0555	0.317	-0.2629975	NAN	
10.54	0.43	0.058	0.3205	-0.25981	NAN	
10.55	0.44	0.06	0.326	-0.2565775	NAN	
10.56	0.445	0.0625	0.3255	-0.25332	NAN	
10.57	0.455	0.0645	0.3405	-0.24999	NAN	
10.58	0.46	0.0675	0.326	-0.2466575	NAN	
10.59	0.47	0.069	0.353	-0.2432625	NAN	
10.6	0.48	0.071	0.3265	-0.239865	NAN	
10.61	0.485	0.073	0.357	-0.2364475	NAN	
10.62	0.495	0.0745	0.357	-0.2328775	NAN	
10.63	0.5	0.077	0.363	-0.2292775	NAN	
10.64	0.51	0.08	0.3625	-0.22565	NAN	
10.65	0.52	0.081	0.3675	-0.222	NAN	
10.66	0.525	0.083	0.371	-0.2183075	NAN	
10.67	0.535	0.085	0.38	-0.2145525	NAN	
10.68	0.54	0.087	0.3815	-0.210745	NAN	
10.69	0.55	0.0885	0.3875	-0.2069	NAN	
10.7	0.56	0.0905	0.39	-0.2030125	NAN	
10.71	0.565	0.0925	0.4035	-0.199045	NAN	
10.72	0.575	0.0945	0.403	-0.1950125	NAN	
10.73	0.58	0.0955	0.412	-0.1909375	NAN	
10.74	0.59	0.098	0.4085	-0.186835	NAN	
10.75	0.6	0.0995	0.4175	-0.182705	NAN	
10.76	0.605	0.101	0.417	-0.1785325	NAN	
10.77	0.615	0.1025	0.4365	-0.174265	NAN	
10.78	0.62	0.104	0.4305	-0.16993	NAN	
10.79	0.63	0.106	0.4425	-0.165565	NAN	
10.8	0.64	0.1075	0.4405	-0.16115	NAN	
10.81	0.645	0.1085	0.4475	-0.15671	NAN	
10.82	0.655	0.1105	0.4545	-0.1522	NAN	
10.83	0.66	0.1115	0.4595	-0.14763	NAN	
10.84	0.67	0.1135	0.4675	-0.142995	NAN	
10.85	0.68	0.1145	0.47	-0.1383075	NAN	
10.86	0.685	0.116	0.4735	-0.13359	NAN	
10.87	0.695	0.1175	0.4845	-0.1288	NAN	
10.88	0.7	0.119	0.482	-0.1239675	NAN	
10.89	0.71	0.1205	0.495	-0.1190825	NAN	
10.9	0.72	0.1215	0.4925	-0.114145	NAN	
10.91	0.725	0.123	0.508	-0.1091425	NAN	
10.92	0.735	0.1245	0.5095	-0.104055	NAN	
10.93	0.74	0.126	0.52	-0.0989075	NAN	
10.94	0.75	0.1275	0.518	-0.0937175	NAN	
10.95	0.76	0.129	0.5315	-0.08847	NAN	
10.96	0.765	0.1305	0.5285	-0.08317	NAN	
10.97	0.775	0.1315	0.5465	-0.077795	NAN	
10.98	0.78	0.1335	0.5355	-0.072385	NAN	
10.99	0.79	0.135	0.5535	-0.06694	NAN	
11	0.8	0.1365	0.548	-0.0614325	NAN	
11.01	0.805	0.138	0.571	-0.0558375	NAN	
11.02	0.815	0.1395	0.5665	-0.05015	NAN	
11.03	0.82	0.1415	0.5785	-0.044425	NAN	
11.04	0.83	0.143	0.5635	-0.038715	NAN	
11.05	0.84	0.1445	0.57	-0.0330475	NAN	
11.06	0.845	0.1465	0.605	-0.0271725	NAN	
11.07	0.855	0.1485	0.6105	-0.021095	NAN	
11.08	0.86	0.1505	0.6025	-0.01503	NAN	
11.09	0.87	0.1525	0.6135	-0.00895	NAN	
11.1	0.88	0.1545	0.597	-0.0028975	NAN	
11.11	0.885	0.1565	0.592	0.0030475	NAN	
11.12	0.895	0.1585	0.6175	0.009095	NAN	
11.13	0.9	0.1605	0.6175	0.01527	NAN	
11.14	0.91	0.163	0.619	0.0214525	NAN	
11.15	0.92	0.165	0.6185	0.02764	NAN	
11.16	0.925	0.1675	0.6275	0.03387	NAN	
11.17	0.935	0.1695	0.6375	0.040195	NAN	
11.18	0.94	0.172	0.6365	0.046565	NAN	
11.19	0.95	0.1745	0.6465	0.05298	NAN	
11.2	0.96	0.177	0.645	0.0594375	NAN	
11.21	0.965	0.1795	0.649	0.0659075	NAN	
11.22	0.975	0.1825	0.6505	0.072405	NAN	
11.23	0.98	0.185	0.6555	0.078935	NAN	
11.24	0.99	0.1875	0.657	0.0854975	NAN	
11.25	1	0.19	0.662	0.0920925	NAN	
11.26	1.005	0.1925	0.662	0.0987125	NAN	
11.27	1.015	0.1955	0.672	0.1053825	NAN	
11.28	1.02	0.1985	0.6675	0.11208	NAN	
11.29	1.03	0.2015	0.6785	0.11881	NAN	
11.3	1.04	0.2045	0.6695	0.12555	NAN	
11.31	1.045	0.2075	0.6805	0.1323	NAN	
11.32	1.055	0.2105	0.6775	0.13909	NAN	
11.33	1.06	0.214	0.6835	0.145895	NAN	
11.34	1.07	0.2175	0.678	0.1527025	NAN	
11.35	1.08	0.221	0.686	0.1595225	NAN	
11.36	1.085	0.2245	0.6775	0.16634	NAN	
11.37	1.095	0.2285	0.6805	0.17313	NAN	
11.38	1.1	0.2325	0.6815	0.17994	NAN	
11.39	1.11	0.2365	0.685	0.1867725	NAN	
11.4	1.12	0.2405	0.69	0.1936475	NAN	
11.41	1.125	0.2445	0.701	0.2006025	NAN	
11.42	1.135	0.249	0.7025	0.20762	NAN	
11.43	1.14	0.2535	0.686	0.2145625	NAN	
11.44	1.15	0.258	0.6735	0.22136	NAN	
11.45	1.16	0.2625	0.6785	0.22812	NAN	
11.46	1.165	0.268	0.6895	0.23496	NAN	
11.47	1.175	0.2725	0.6965	0.24189	NAN	
11.48	1.18	0.278	0.6795	0.24877	NAN	
11.49	1.19	0.2835	0.6925	0.25563	NAN	
11.5	1.2	0.289	0.6755	0.26247	NAN	
11.51	1.205	0.295	0.681	0.2692525	NAN	
11.52	1.215	0.3005	0.672	0.2760175	NAN	
11.53	1.22	0.307	0.67	0.2827275	NAN	
11.54	1.23	0.3135	0.665	0.2894025	NAN	
11.55	1.24	0.32	0.6655	0.296055	NAN	
11.56	1.245	0.327	0.654	0.3026525	NAN	
11.57	1.255	0.334	0.6655	0.30925	NAN	
11.58	1.26	0.3415	0.6445	0.3158	NAN	
11.59	1.27	0.3495	0.6505	0.322275	NAN	
11.6	1.28	0.3575	0.629	0.3286725	NAN	
11.61	1.285	0.366	0.6335	0.334985	NAN	
11.62	1.295	0.3745	0.617	0.3412375	NAN	
11.63	1.3	0.3835	0.6155	0.3474	NAN	
11.64	1.31	0.3935	0.5975	0.353465	NAN	
11.65	1.32	0.403	0.594	0.3594225	NAN	
11.66	1.325	0.413	0.5755	0.36527	NAN	
11.67	1.335	0.4235	0.578	0.3710375	NAN	
11.68	1.34	0.4345	0.554	0.3766975	NAN	
11.69	1.35	0.446	0.553	0.3822325	NAN	
11.7	1.36	0.4575	0.529	0.3876425	NAN	
11.71	1.365	0.469	0.5255	0.392915	NAN	
11.72	1.375	0.4815	0.507	0.3980775	NAN	
11.73	1.38	0.494	0.4945	0.403085	NAN	
11.74	1.39	0.507	0.477	0.4079425	NAN	
11.75	1.4	0.5205	0.46	0.4126275	NAN	
11.76	1.405	0.5335	0.4435	0.417145	NAN	
11.77	1.415	0.5475	0.431	0.4215175	NAN	
11.78	1.42	0.561	0.411	0.4257275	NAN	
11.79	1.43	0.5755	0.397	0.4297675	NAN	
11.8	1.44	0.5895	0.372	0.4336125	NAN	
11.81	1.445	0.604	0.362	0.4372825	NAN	
11.82	1.455	0.6185	0.346	0.4408225	NAN	
11.83	1.46	0.633	0.328	0.4441925	NAN	
11.84	1.47	0.647	0.3025	0.447345	NAN	
11.85	1.48	0.6615	0.2955	0.450335	NAN	
11.86	1.485	0.6755	0.269	0.4531575	NAN	
11.87	1.495	0.689	0.2625	0.455815	NAN	
11.88	1.5	0.7025	0.2375	0.458315	NAN	
11.89	1.51	0.7155	0.229	0.4606475	NAN	
11.9	1.52	0.728	0.21	0.4628425	NAN	
11.91	1.525	0.741	0.201	0.4648975	NAN	
11.92	1.535	0.7525	0.188	0.4668425	NAN	
11.93	1.54	0.764	0.1845	0.468705	NAN	
11.94	1.55	0.7755	0.165	0.4704525	NAN	
11.95	1.56	0.786	0.1555	0.472055	NAN	
11.96	1.565	0.7965	0.142	0.4735425	NAN	
11.97	1.575	0.8065	0.138	0.4749425	NAN	
11.98	1.58	0.8155	0.1205	0.476235	NAN	
11.99	1.59	0.8245	0.1215	0.477445	NAN	
12	1.6	0.8335	0.1175	0.47864	NAN	
12.01	1.605	0.8415	0.109	0.4797725	NAN	
12.02	1.615	0.8495	0.096	0.4807975	NAN	
12.03	1.62	0.857	0.101	0.4817825	NAN	
12.04	1.63	0.864	0.086	0.4827175	NAN	
12.05	1.64	0.8715	0.089	0.4835925	NAN	
12.06	1.645	0.878	0.0785	0.48443	NAN	
12.07	1.655	0.8845	0.0775	0.48521	NAN	
12.08	1.66	0.891	0.0705	0.48595	NAN	
12.09	1.67	0.897	0.082	0.4867125	NAN	
12.1	1.68	0.903	0.0585	0.487415	NAN	
12.11	1.685	0.909	0.0715	0.488065	NAN	
12.12	1.695	0.9145	0.061	0.4887275	NAN	
12.13	1.7	0.92	0.062	0.4893425	NAN	
12.14	1.71	0.9255	0.0645	0.489975	NAN	
12.15	1.72	0.9305	0.055	0.4905725	NAN	
12.16	1.725	0.936	0.051	0.4911025	NAN	
12.17	1.735	0.941	0.057	0.4916425	NAN	
12.18	1.74	0.946	0.047	0.4921625	NAN	
12.19	1.75	0.951	0.055	0.4926725	NAN	
12.2	1.76	0.956	0.0505	0.4932	NAN	
12.21	1.765	0.9605	0.0455	0.49368	NAN	
12.22	1.775	0.9655	0.0475	0.494145	NAN	
12.23	1.78	0.97	0.049	0.4946275	NAN	
12.24	1.79	0.9745	0.044	0.4950925	NAN	
12.25	1.8	0.9795	0.05	0.4955625	NAN	
12.26	1.805	0.984	0.042	0.4960225	NAN	
12.27	1.815	0.9885	0.0495	0.49648	NAN	
12.28	1.82	0.993	0.0425	0.49694	NAN	
12.29	1.83	0.9975	0.0445	0.497375	NAN	
12.3	1.84	1.002	0.04	0.4977975	NAN	
12.31	1.845	1.0065	0.0455	0.498225	NAN	
12.32	1.855	1.011	0.0365	0.498635	NAN	
12.33	1.86	1.0155	0.046	0.4990475	NAN	
12.34	1.87	1.02	0.0375	0.499465	NAN	
12.35	1.88	1.02	0.041	0.4998575	NAN	
12.36	1.885	1.02	0.0395	0.50026	NAN	
12.37	1.895	1.02	0.045	0.5006825	NAN	
12.38	1.9	1.02	0.035	0.5010825	NAN	
12.39	1.91	1.02	0.0475	0.501495	NAN	
12.4	1.92	1.02	0.0335	0.5019	NAN	
12.41	1.925	1.02	0.041	0.5022725	NAN	
12.42	1.935	1.02	0.038	0.5026675	NAN	
12.43	1.94	1.02	0.0365	0.50304	NAN	
12.44	1.95	1.02	0.035	0.5033975	NAN	
12.45	1.96	1.02	0.042	0.5037825	NAN	
12.46	1.965	1.02	0.0335	0.50416	NAN	
12.47	1.975	1.02	0.045	0.5045525	NAN	
12.48	1.98	1.02	0.0355	0.504955	NAN	
12.49	1.99	1.02	0.04	0.5053325	NAN	
12.5	2	1.02	0.036	0.5057125	NAN	
