MIN=0	-10	-1	-1	-2	0	
MAX=12.5	10	1	1	2	50	
SCALE=5	5	0.5	0.5	1	10	
DEC=2	2	3	3	2	2	
DEF="Time" t / s	"Voltage" U_1 / V	"Current" I_1 / A	"Voltage" U_B2 / V	"Magnetic Flux" &F / Vs	"Frequency" f / Hz	
0	0	-0.001	0.0005	0	NAN	
0.01	0.005	-0.0005	0.007	3.75E-5	NAN	
0.02	0.015	-0.0005	0.0095	0.00012	NAN	
0.03	0.02	0	0.021	0.0002725	NAN	
0.04	0.03	0.0005	0.0205	0.00048	NAN	
0.05	0.04	0.0015	0.0305	0.000735	NAN	
0.06	0.045	0.003	0.036	0.0010675	NAN	
0.07	0.055	0.0035	0.045	0.0014725	NAN	
0.08	0.06	0.005	0.049	0.0019425	NAN	
0.09	0.07	0.0065	0.057	0.0024725	NAN	
0.1	0.08	0.008	0.057	0.0030425	NAN	
0.11	0.085	0.0095	0.069	0.0036725	NAN	
0.12	0.095	0.011	0.0695	0.004365	NAN	
0.13	0.1	0.0135	0.078	0.0051025	NAN	
0.14	0.11	0.015	0.0785	0.005885	NAN	
0.15	0.12	0.017	0.082	0.0066875	NAN	
0.16	0.125	0.019	0.0885	0.00754	NAN	
0.17	0.135	0.0215	0.0935	0.00845	NAN	
0.18	0.14	0.0235	0.093	0.0093825	NAN	
0.19	0.15	0.0255	0.1065	0.01038	NAN	
0.2	0.16	0.0275	0.099	0.0114075	NAN	
0.21	0.165	0.03	0.115	0.0124775	NAN	
0.22	0.175	0.0325	0.113	0.0136175	NAN	
0.23	0.18	0.035	0.1195	0.01478	NAN	
0.24	0.19	0.0375	0.121	0.0159825	NAN	
0.25	0.2	0.04	0.1215	0.017195	NAN	
0.26	0.205	0.0425	0.127	0.0184375	NAN	
0.27	0.215	0.045	0.1335	0.01974	NAN	
0.28	0.22	0.0475	0.1305	0.02106	NAN	
0.29	0.23	0.05	0.142	0.0224225	NAN	
0.3	0.24	0.0525	0.1375	0.02382	NAN	
0.31	0.245	0.055	0.154	0.0252775	NAN	
0.32	0.255	0.0575	0.1495	0.026795	NAN	
0.33	0.26	0.0595	0.158	0.0283325	NAN	
0.34	0.27	0.0625	0.1585	0.029915	NAN	
0.35	0.28	0.065	0.163	0.0315225	NAN	
0.36	0.285	0.0675	0.171	0.0331925	NAN	
0.37	0.295	0.07	0.1695	0.034895	NAN	
0.38	0.3	0.0725	0.1695	0.03659	NAN	
0.39	0.31	0.0745	0.1805	0.03834	NAN	
0.4	0.32	0.0775	0.1775	0.04013	NAN	
0.41	0.325	0.0795	0.1885	0.04196	NAN	
0.42	0.335	0.082	0.1865	0.043835	NAN	
0.43	0.34	0.0845	0.197	0.0457525	NAN	
0.44	0.35	0.087	0.193	0.0477025	NAN	
0.45	0.36	0.089	0.2025	0.04968	NAN	
0.46	0.365	0.091	0.2035	0.05171	NAN	
0.47	0.375	0.094	0.2125	0.05379	NAN	
0.48	0.38	0.0965	0.2055	0.05588	NAN	
0.49	0.39	0.0985	0.2145	0.05798	NAN	
0.5	0.4	0.1015	0.217	0.0601375	NAN	
0.51	0.405	0.104	0.2275	0.06236	NAN	
0.52	0.415	0.1065	0.2385	0.06469	NAN	
0.53	0.42	0.109	0.225	0.0670075	NAN	
0.54	0.43	0.1115	0.191	0.0690875	NAN	
0.55	0.44	0.1145	0.25	0.0712925	NAN	
0.56	0.445	0.117	0.242	0.0737525	NAN	
0.57	0.455	0.1195	0.2625	0.076275	NAN	
0.58	0.46	0.122	0.2355	0.078765	NAN	
0.59	0.47	0.1245	0.255	0.0812175	NAN	
0.6	0.48	0.1265	0.2495	0.08374	NAN	
0.61	0.485	0.129	0.259	0.0862825	NAN	
0.62	0.495	0.131	0.26	0.0888775	NAN	
0.63	0.5	0.133	0.2625	0.09149	NAN	
0.64	0.51	0.135	0.2715	0.09416	NAN	
0.65	0.52	0.1375	0.275	0.0968925	NAN	
0.66	0.525	0.1395	0.281	0.0996725	NAN	
0.67	0.535	0.1415	0.2905	0.10253	NAN	
0.68	0.54	0.1435	0.288	0.1054225	NAN	
0.69	0.55	0.1455	0.2955	0.10834	NAN	
0.7	0.56	0.1475	0.29	0.1112675	NAN	
0.71	0.565	0.1495	0.3145	0.11429	NAN	
0.72	0.575	0.151	0.309	0.1174075	NAN	
0.73	0.58	0.1535	0.3205	0.120555	NAN	
0.74	0.59	0.155	0.309	0.1237025	NAN	
0.75	0.6	0.157	0.3265	0.12688	NAN	
0.76	0.605	0.159	0.325	0.1301375	NAN	
0.77	0.615	0.161	0.3355	0.13344	NAN	
0.78	0.62	0.163	0.333	0.1367825	NAN	
0.79	0.63	0.165	0.3355	0.140125	NAN	
0.8	0.64	0.167	0.3415	0.14351	NAN	
0.81	0.645	0.169	0.348	0.1469575	NAN	
0.82	0.655	0.171	0.3515	0.150455	NAN	
0.83	0.66	0.173	0.361	0.1540175	NAN	
0.84	0.67	0.1755	0.343	0.1575375	NAN	
0.85	0.68	0.1775	0.3795	0.16115	NAN	
0.86	0.685	0.1795	0.367	0.1648825	NAN	
0.87	0.695	0.182	0.355	0.1684925	NAN	
0.88	0.7	0.184	0.374	0.1721375	NAN	
0.89	0.71	0.1865	0.3875	0.175945	NAN	
0.9	0.72	0.189	0.379	0.1797775	NAN	
0.91	0.725	0.1915	0.421	0.1837775	NAN	
0.92	0.735	0.194	0.391	0.1878375	NAN	
0.93	0.74	0.1965	0.41	0.1918425	NAN	
0.94	0.75	0.1995	0.398	0.1958825	NAN	
0.95	0.76	0.202	0.408	0.1999125	NAN	
0.96	0.765	0.2045	0.3705	0.203805	NAN	
0.97	0.775	0.2075	0.4085	0.2077	NAN	
0.98	0.78	0.2105	0.4085	0.211785	NAN	
0.99	0.79	0.2135	0.424	0.2159475	NAN	
1	0.8	0.2165	0.411	0.2201225	NAN	
1.01	0.805	0.22	0.4195	0.224275	NAN	
1.02	0.815	0.223	0.4235	0.22849	NAN	
1.03	0.82	0.2265	0.4285	0.23275	NAN	
1.04	0.83	0.23	0.4235	0.23701	NAN	
1.05	0.84	0.233	0.4325	0.24129	NAN	
1.06	0.845	0.2365	0.429	0.2455975	NAN	
1.07	0.855	0.2405	0.4285	0.249885	NAN	
1.08	0.86	0.2445	0.43	0.2541775	NAN	
1.09	0.87	0.248	0.437	0.2585125	NAN	
1.1	0.88	0.252	0.429	0.2628425	NAN	
1.11	0.885	0.256	0.4395	0.267185	NAN	
1.12	0.895	0.26	0.437	0.2715675	NAN	
1.13	0.9	0.2645	0.4395	0.27595	NAN	
1.14	0.91	0.2685	0.4435	0.280365	NAN	
1.15	0.92	0.2735	0.437	0.2847675	NAN	
1.16	0.925	0.2775	0.449	0.2891975	NAN	
1.17	0.935	0.2825	0.433	0.2936075	NAN	
1.18	0.94	0.287	0.437	0.2979575	NAN	
1.19	0.95	0.292	0.436	0.3023225	NAN	
1.2	0.96	0.2975	0.4305	0.306655	NAN	
1.21	0.965	0.3025	0.4275	0.310945	NAN	
1.22	0.975	0.3075	0.431	0.3152375	NAN	
1.23	0.98	0.313	0.4325	0.319555	NAN	
1.24	0.99	0.3185	0.429	0.3238625	NAN	
1.25	1	0.324	0.428	0.3281475	NAN	
1.26	1.005	0.33	0.4225	0.3324	NAN	
1.27	1.015	0.3355	0.4275	0.33665	NAN	
1.28	1.02	0.3415	0.4235	0.340905	NAN	
1.29	1.03	0.3475	0.4175	0.34511	NAN	
1.3	1.04	0.354	0.407	0.3492325	NAN	
1.31	1.045	0.3605	0.4125	0.35333	NAN	
1.32	1.055	0.367	0.4015	0.3574	NAN	
1.33	1.06	0.374	0.403	0.3614225	NAN	
1.34	1.07	0.381	0.3885	0.36538	NAN	
1.35	1.08	0.388	0.3965	0.369305	NAN	
1.36	1.085	0.3955	0.378	0.3731775	NAN	
1.37	1.095	0.4025	0.3875	0.377005	NAN	
1.38	1.1	0.41	0.372	0.3808025	NAN	
1.39	1.11	0.418	0.376	0.3845425	NAN	
1.4	1.12	0.4255	0.36	0.3882225	NAN	
1.41	1.125	0.4335	0.361	0.3918275	NAN	
1.42	1.135	0.441	0.3505	0.395385	NAN	
1.43	1.14	0.449	0.3455	0.398865	NAN	
1.44	1.15	0.457	0.337	0.4022775	NAN	
1.45	1.16	0.4655	0.3265	0.405595	NAN	
1.46	1.165	0.4735	0.3295	0.408875	NAN	
1.47	1.175	0.482	0.3175	0.41211	NAN	
1.48	1.18	0.491	0.312	0.4152575	NAN	
1.49	1.19	0.4995	0.3075	0.418355	NAN	
1.5	1.2	0.508	0.294	0.4213625	NAN	
1.51	1.205	0.517	0.2895	0.42428	NAN	
1.52	1.215	0.526	0.278	0.4271175	NAN	
1.53	1.22	0.535	0.275	0.4298825	NAN	
1.54	1.23	0.5445	0.2595	0.432555	NAN	
1.55	1.24	0.5535	0.2595	0.43515	NAN	
1.56	1.245	0.5625	0.243	0.4376625	NAN	
1.57	1.255	0.5715	0.245	0.4401025	NAN	
1.58	1.26	0.5805	0.226	0.4424575	NAN	
1.59	1.27	0.59	0.2275	0.444725	NAN	
1.6	1.28	0.5985	0.211	0.4469175	NAN	
1.61	1.285	0.608	0.207	0.4490075	NAN	
1.62	1.295	0.6165	0.2035	0.45106	NAN	
1.63	1.3	0.6255	0.1905	0.45303	NAN	
1.64	1.31	0.6345	0.1815	0.45489	NAN	
1.65	1.32	0.643	0.1765	0.45668	NAN	
1.66	1.325	0.6515	0.162	0.4583725	NAN	
1.67	1.335	0.6595	0.1725	0.460045	NAN	
1.68	1.34	0.668	0.1355	0.461585	NAN	
1.69	1.35	0.6765	0.146	0.4629925	NAN	
1.7	1.36	0.684	0.1415	0.46443	NAN	
1.71	1.365	0.692	0.1425	0.46585	NAN	
1.72	1.375	0.6995	0.133	0.4672275	NAN	
1.73	1.38	0.707	0.1255	0.46852	NAN	
1.74	1.39	0.7145	0.1255	0.469775	NAN	
1.75	1.4	0.7215	0.1205	0.471005	NAN	
1.76	1.405	0.729	0.112	0.4721675	NAN	
1.77	1.415	0.736	0.112	0.4732875	NAN	
1.78	1.42	0.743	0.0985	0.47434	NAN	
1.79	1.43	0.7495	0.111	0.4753875	NAN	
1.8	1.44	0.7555	0.092	0.4764025	NAN	
1.81	1.445	0.7625	0.0945	0.477335	NAN	
1.82	1.455	0.7685	0.0925	0.47827	NAN	
1.83	1.46	0.775	0.0855	0.47916	NAN	
1.84	1.47	0.781	0.0875	0.480025	NAN	
1.85	1.48	0.787	0.0845	0.480885	NAN	
1.86	1.485	0.793	0.0785	0.4817	NAN	
1.87	1.495	0.799	0.0875	0.48253	NAN	
1.88	1.5	0.8045	0.0715	0.483325	NAN	
1.89	1.51	0.81	0.08	0.4840825	NAN	
1.9	1.52	0.8155	0.0695	0.48483	NAN	
1.91	1.525	0.821	0.0815	0.485585	NAN	
1.92	1.535	0.8265	0.0655	0.48632	NAN	
1.93	1.54	0.832	0.067	0.4869825	NAN	
1.94	1.55	0.8375	0.061	0.4876225	NAN	
1.95	1.56	0.8425	0.0675	0.488265	NAN	
1.96	1.565	0.8475	0.06	0.4889025	NAN	
1.97	1.575	0.853	0.0705	0.489555	NAN	
1.98	1.58	0.858	0.058	0.4901975	NAN	
1.99	1.59	0.8635	0.0655	0.490815	NAN	
2	1.6	0.868	0.059	0.4914375	NAN	
2.01	1.605	0.873	0.057	0.4920175	NAN	
2.02	1.615	0.878	0.0545	0.492575	NAN	
2.03	1.62	0.883	0.0555	0.493125	NAN	
2.04	1.63	0.8875	0.0545	0.493675	NAN	
2.05	1.64	0.8925	0.061	0.4942525	NAN	
2.06	1.645	0.897	0.047	0.4947925	NAN	
2.07	1.655	0.902	0.0595	0.495325	NAN	
2.08	1.66	0.9065	0.051	0.4958775	NAN	
2.09	1.67	0.9115	0.054	0.4964025	NAN	
2.1	1.68	0.9155	0.049	0.4969175	NAN	
2.11	1.685	0.9205	0.052	0.4974225	NAN	
2.12	1.695	0.925	0.049	0.4979275	NAN	
2.13	1.7	0.93	0.051	0.4984275	NAN	
2.14	1.71	0.9345	0.043	0.4988975	NAN	
2.15	1.72	0.939	0.05	0.4993625	NAN	
2.16	1.725	0.9435	0.041	0.4998175	NAN	
2.17	1.735	0.948	0.0495	0.50027	NAN	
2.18	1.74	0.9525	0.045	0.5007425	NAN	
2.19	1.75	0.957	0.048	0.5012075	NAN	
2.2	1.76	0.9615	0.042	0.5016575	NAN	
2.21	1.765	0.966	0.049	0.5021125	NAN	
2.22	1.775	0.97	0.042	0.5025675	NAN	
2.23	1.78	0.9745	0.0495	0.503025	NAN	
2.24	1.79	0.979	0.0405	0.503475	NAN	
2.25	1.8	0.9835	0.042	0.5038875	NAN	
2.26	1.805	0.988	0.043	0.5043125	NAN	
2.27	1.815	0.9925	0.046	0.5047575	NAN	
2.28	1.82	0.9965	0.04	0.5051875	NAN	
2.29	1.83	1.001	0.047	0.5056225	NAN	
2.3	1.84	1.0055	0.0375	0.506045	NAN	
2.31	1.845	1.0095	0.0475	0.50647	NAN	
2.32	1.855	1.014	0.0395	0.506905	NAN	
2.33	1.86	1.0185	0.046	0.5073325	NAN	
2.34	1.87	1.02	0.0395	0.50776	NAN	
2.35	1.88	1.02	0.043	0.5081725	NAN	
2.36	1.885	1.02	0.0415	0.508595	NAN	
2.37	1.895	1.02	0.0435	0.50902	NAN	
2.38	1.9	1.02	0.034	0.5094075	NAN	
2.39	1.91	1.02	0.0475	0.509815	NAN	
2.4	1.92	1.02	0.0375	0.51024	NAN	
2.41	1.925	1.02	0.0415	0.510635	NAN	
2.42	1.935	1.02	0.0385	0.511035	NAN	
2.43	1.94	1.02	0.039	0.5114225	NAN	
2.44	1.95	1.02	0.038	0.5118075	NAN	
2.45	1.96	1.02	0.0365	0.51218	NAN	
2.46	1.965	1.02	0.0405	0.512565	NAN	
2.47	1.975	1.02	0.046	0.5129975	NAN	
2.48	1.98	1.02	0.0305	0.51338	NAN	
2.49	1.99	1.02	0.0375	0.51372	NAN	
2.5	2	1.02	0.036	0.5140875	NAN	
2.51	1.995	1.02	0.033	0.5144325	NAN	
2.52	1.985	1.02	0.0175	0.514685	NAN	
2.53	1.98	1.02	0.0135	0.51484	NAN	
2.54	1.97	1.02	0	0.5149075	NAN	
2.55	1.96	1.02	0.004	0.5149275	NAN	
2.56	1.955	1.02	-0.0105	0.514895	NAN	
2.57	1.945	1.02	0.001	0.5148475	NAN	
2.58	1.94	1.02	-0.0125	0.51479	NAN	
2.59	1.93	1.02	-0.005	0.5147025	NAN	
2.6	1.92	1.02	-0.013	0.5146125	NAN	
2.61	1.915	1.02	-0.008	0.5145075	NAN	
2.62	1.905	1.02	-0.017	0.5143825	NAN	
2.63	1.9	1.02	-0.007	0.5142625	NAN	
2.64	1.89	1.02	-0.0075	0.51419	NAN	
2.65	1.88	1.02	-0.0025	0.51414	NAN	
2.66	1.875	1.02	-0.0095	0.51408	NAN	
2.67	1.865	1.02	-0.009	0.5139875	NAN	
2.68	1.86	1.02	-0.0175	0.513855	NAN	
2.69	1.85	1.02	-0.0075	0.51373	NAN	
2.7	1.84	1.02	-0.0155	0.513615	NAN	
2.71	1.835	1.02	-0.0085	0.513495	NAN	
2.72	1.825	1.02	-0.018	0.5133625	NAN	
2.73	1.82	1.02	-0.013	0.5132075	NAN	
2.74	1.81	1.02	-0.0155	0.513065	NAN	
2.75	1.8	1.02	-0.0145	0.512915	NAN	
2.76	1.795	1.02	-0.0145	0.51277	NAN	
2.77	1.785	1.017	-0.015	0.5126225	NAN	
2.78	1.78	1.012	-0.0135	0.51248	NAN	
2.79	1.77	1.0085	-0.013	0.5123475	NAN	
2.8	1.76	1.004	-0.015	0.5122075	NAN	
2.81	1.755	1	-0.01	0.5120825	NAN	
2.82	1.745	0.9955	-0.0195	0.511935	NAN	
2.83	1.74	0.992	-0.0085	0.511795	NAN	
2.84	1.73	0.9875	-0.022	0.5116425	NAN	
2.85	1.72	0.9835	-0.0095	0.511485	NAN	
2.86	1.715	0.9795	-0.02	0.5113375	NAN	
2.87	1.705	0.9755	-0.014	0.5111675	NAN	
2.88	1.7	0.971	-0.0145	0.511025	NAN	
2.89	1.69	0.967	-0.016	0.5108725	NAN	
2.9	1.68	0.9625	-0.0135	0.510725	NAN	
2.91	1.675	0.9585	-0.014	0.5105875	NAN	
2.92	1.665	0.9545	-0.0155	0.51044	NAN	
2.93	1.66	0.9505	-0.012	0.5103025	NAN	
2.94	1.65	0.946	-0.0215	0.510135	NAN	
2.95	1.64	0.942	-0.006	0.5099975	NAN	
2.96	1.635	0.9375	-0.0245	0.509845	NAN	
2.97	1.625	0.9335	-0.0135	0.509655	NAN	
2.98	1.62	0.929	-0.0225	0.509475	NAN	
2.99	1.61	0.925	-0.016	0.5092825	NAN	
3	1.6	0.9205	-0.0205	0.5091	NAN	
3.01	1.595	0.9165	-0.0155	0.50892	NAN	
3.02	1.585	0.9125	-0.018	0.5087525	NAN	
3.03	1.58	0.9085	-0.016	0.5085825	NAN	
3.04	1.57	0.904	-0.0185	0.50841	NAN	
3.05	1.56	0.9	-0.0145	0.508245	NAN	
3.06	1.555	0.8955	-0.021	0.5080675	NAN	
3.07	1.545	0.8915	-0.0165	0.50788	NAN	
3.08	1.54	0.8865	-0.0225	0.507685	NAN	
3.09	1.53	0.8825	-0.0155	0.507495	NAN	
3.1	1.52	0.878	-0.025	0.5072925	NAN	
3.11	1.515	0.8735	-0.0115	0.50711	NAN	
3.12	1.505	0.869	-0.026	0.5069225	NAN	
3.13	1.5	0.865	-0.0145	0.50672	NAN	
3.14	1.49	0.8605	-0.0135	0.50658	NAN	
3.15	1.48	0.856	-0.02	0.5064125	NAN	
3.16	1.475	0.8515	-0.0145	0.50624	NAN	
3.17	1.465	0.8475	-0.03	0.5060175	NAN	
3.18	1.46	0.843	-0.015	0.5057925	NAN	
3.19	1.45	0.839	-0.0125	0.505655	NAN	
3.2	1.44	0.834	-0.0225	0.50548	NAN	
3.21	1.435	0.83	-0.003	0.5053525	NAN	
3.22	1.425	0.8255	-0.028	0.5051975	NAN	
3.23	1.42	0.821	-0.018	0.5049675	NAN	
3.24	1.41	0.8165	-0.0265	0.504745	NAN	
3.25	1.4	0.8125	-0.019	0.5045175	NAN	
3.26	1.395	0.808	-0.0275	0.504285	NAN	
3.27	1.385	0.8035	-0.021	0.5040425	NAN	
3.28	1.38	0.7995	-0.0225	0.503825	NAN	
3.29	1.37	0.795	-0.02	0.5036125	NAN	
3.3	1.36	0.7905	-0.02	0.5034125	NAN	
3.31	1.355	0.7865	-0.0205	0.50321	NAN	
3.32	1.345	0.782	-0.0255	0.50298	NAN	
3.33	1.34	0.7775	-0.0195	0.502755	NAN	
3.34	1.33	0.773	-0.03	0.5025075	NAN	
3.35	1.32	0.7685	-0.0165	0.502275	NAN	
3.36	1.315	0.764	-0.0285	0.50205	NAN	
3.37	1.305	0.7595	-0.019	0.5018125	NAN	
3.38	1.3	0.755	-0.025	0.5015925	NAN	
3.39	1.29	0.751	-0.0215	0.50136	NAN	
3.4	1.28	0.7465	-0.0225	0.50114	NAN	
3.41	1.275	0.742	-0.0215	0.50092	NAN	
3.42	1.265	0.738	-0.023	0.5006975	NAN	
3.43	1.26	0.734	-0.0215	0.500475	NAN	
3.44	1.25	0.7295	-0.0265	0.500235	NAN	
3.45	1.24	0.7255	-0.0205	0.5	NAN	
3.46	1.235	0.7205	-0.029	0.4997525	NAN	
3.47	1.225	0.717	-0.0205	0.499505	NAN	
3.48	1.22	0.7125	-0.029	0.4992575	NAN	
3.49	1.21	0.7085	-0.0205	0.49901	NAN	
3.5	1.2	0.7035	-0.0275	0.49877	NAN	
3.51	1.195	0.6995	-0.0215	0.498525	NAN	
3.52	1.185	0.6955	-0.0285	0.498275	NAN	
3.53	1.18	0.691	-0.023	0.4980175	NAN	
3.54	1.17	0.6865	-0.026	0.4977725	NAN	
3.55	1.16	0.6825	-0.024	0.4975225	NAN	
3.56	1.155	0.678	-0.028	0.4972625	NAN	
3.57	1.145	0.6735	-0.0275	0.496985	NAN	
3.58	1.14	0.6695	-0.03	0.4966975	NAN	
3.59	1.13	0.6655	-0.0235	0.49643	NAN	
3.6	1.12	0.661	-0.0305	0.49616	NAN	
3.61	1.115	0.6565	-0.022	0.4958975	NAN	
3.62	1.105	0.652	-0.034	0.4956175	NAN	
3.63	1.1	0.648	-0.024	0.4953275	NAN	
3.64	1.09	0.6435	-0.031	0.4950525	NAN	
3.65	1.08	0.639	-0.025	0.4947725	NAN	
3.66	1.075	0.635	-0.029	0.4945025	NAN	
3.67	1.065	0.6305	-0.0305	0.494205	NAN	
3.68	1.06	0.626	-0.0315	0.493895	NAN	
3.69	1.05	0.622	-0.029	0.4935925	NAN	
3.7	1.04	0.6175	-0.0325	0.493285	NAN	
3.71	1.035	0.6135	-0.027	0.4929875	NAN	
3.72	1.025	0.6085	-0.037	0.4926675	NAN	
3.73	1.02	0.6045	-0.0245	0.49236	NAN	
3.74	1.01	0.6005	-0.037	0.4920525	NAN	
3.75	1	0.596	-0.0245	0.491745	NAN	
3.76	0.995	0.5915	-0.0345	0.49145	NAN	
3.77	0.985	0.5875	-0.0325	0.491115	NAN	
3.78	0.98	0.583	-0.0335	0.490785	NAN	
3.79	0.97	0.5785	-0.0345	0.490445	NAN	
3.8	0.96	0.574	-0.0335	0.490105	NAN	
3.81	0.955	0.57	-0.0295	0.48979	NAN	
3.82	0.945	0.5655	-0.039	0.4894475	NAN	
3.83	0.94	0.5615	-0.03	0.4891025	NAN	
3.84	0.93	0.5575	-0.0395	0.488755	NAN	
3.85	0.92	0.553	-0.027	0.4884225	NAN	
3.86	0.915	0.5485	-0.041	0.4880825	NAN	
3.87	0.905	0.5445	-0.0325	0.487715	NAN	
3.88	0.9	0.5395	-0.0385	0.48736	NAN	
3.89	0.89	0.5355	-0.033	0.4870025	NAN	
3.9	0.88	0.531	-0.0355	0.48666	NAN	
3.91	0.875	0.5265	-0.0365	0.4863	NAN	
3.92	0.865	0.522	-0.041	0.4859125	NAN	
3.93	0.86	0.518	-0.0385	0.485515	NAN	
3.94	0.85	0.5135	-0.044	0.4851025	NAN	
3.95	0.84	0.5095	-0.0345	0.48471	NAN	
3.96	0.835	0.5045	-0.043	0.4843225	NAN	
3.97	0.825	0.5005	-0.038	0.4839175	NAN	
3.98	0.82	0.4955	-0.046	0.4834975	NAN	
3.99	0.81	0.4915	-0.035	0.4830925	NAN	
4	0.8	0.487	-0.044	0.4826975	NAN	
4.01	0.795	0.483	-0.0375	0.48229	NAN	
4.02	0.785	0.4785	-0.0445	0.48188	NAN	
4.03	0.78	0.474	-0.0415	0.48145	NAN	
4.04	0.77	0.4695	-0.0465	0.48101	NAN	
4.05	0.76	0.4655	-0.0405	0.480575	NAN	
4.06	0.755	0.461	-0.045	0.4801475	NAN	
4.07	0.745	0.4565	-0.0455	0.479695	NAN	
4.08	0.74	0.452	-0.0495	0.47922	NAN	
4.09	0.73	0.448	-0.0405	0.47877	NAN	
4.1	0.72	0.4435	-0.049	0.4783225	NAN	
4.11	0.715	0.439	-0.0395	0.47788	NAN	
4.12	0.705	0.4345	-0.055	0.4774075	NAN	
4.13	0.7	0.4305	-0.0435	0.476915	NAN	
4.14	0.69	0.426	-0.051	0.4764425	NAN	
4.15	0.68	0.422	-0.0445	0.475965	NAN	
4.16	0.675	0.417	-0.053	0.4754775	NAN	
4.17	0.665	0.413	-0.0515	0.474955	NAN	
4.18	0.66	0.409	-0.0515	0.47444	NAN	
4.19	0.65	0.4045	-0.05	0.4739325	NAN	
4.2	0.64	0.4	-0.0535	0.473415	NAN	
4.21	0.635	0.3955	-0.0465	0.472915	NAN	
4.22	0.625	0.3915	-0.059	0.4723875	NAN	
4.23	0.62	0.3875	-0.0465	0.47186	NAN	
4.24	0.61	0.383	-0.055	0.4713525	NAN	
4.25	0.6	0.379	-0.0415	0.47087	NAN	
4.26	0.595	0.3745	-0.0505	0.47041	NAN	
4.27	0.585	0.3705	-0.063	0.4698425	NAN	
4.28	0.58	0.366	-0.0645	0.469205	NAN	
4.29	0.57	0.3625	-0.0555	0.468605	NAN	
4.3	0.56	0.358	-0.047	0.4680925	NAN	
4.31	0.555	0.354	-0.048	0.4676175	NAN	
4.32	0.545	0.35	-0.061	0.4670725	NAN	
4.33	0.54	0.3455	-0.0515	0.46651	NAN	
4.34	0.53	0.3415	-0.0655	0.465925	NAN	
4.35	0.52	0.3375	-0.051	0.4653425	NAN	
4.36	0.515	0.3335	-0.0635	0.46477	NAN	
4.37	0.505	0.329	-0.059	0.4641575	NAN	
4.38	0.5	0.325	-0.064	0.4635425	NAN	
4.39	0.49	0.321	-0.0645	0.4629	NAN	
4.4	0.48	0.317	-0.0635	0.46226	NAN	
4.41	0.475	0.313	-0.067	0.4616075	NAN	
4.42	0.465	0.309	-0.0685	0.46093	NAN	
4.43	0.46	0.3045	-0.0735	0.46022	NAN	
4.44	0.45	0.3005	-0.0775	0.459465	NAN	
4.45	0.44	0.2965	-0.0655	0.45875	NAN	
4.46	0.435	0.2925	-0.0765	0.45804	NAN	
4.47	0.425	0.2885	-0.0665	0.457325	NAN	
4.48	0.42	0.284	-0.074	0.4566225	NAN	
4.49	0.41	0.2805	-0.066	0.4559225	NAN	
4.5	0.4	0.2765	-0.074	0.4552225	NAN	
4.51	0.395	0.2725	-0.074	0.4544825	NAN	
4.52	0.385	0.2685	-0.081	0.4537075	NAN	
4.53	0.38	0.2645	-0.0765	0.45292	NAN	
4.54	0.37	0.2605	-0.0805	0.452135	NAN	
4.55	0.36	0.2565	-0.071	0.4513775	NAN	
4.56	0.355	0.2525	-0.0825	0.45061	NAN	
4.57	0.345	0.2485	-0.0865	0.449765	NAN	
4.58	0.34	0.2445	-0.087	0.4488975	NAN	
4.59	0.33	0.2405	-0.0765	0.44808	NAN	
4.6	0.32	0.2365	-0.0925	0.447235	NAN	
4.61	0.315	0.2325	-0.0765	0.44639	NAN	
4.62	0.305	0.229	-0.09	0.4455575	NAN	
4.63	0.3	0.225	-0.084	0.4446875	NAN	
4.64	0.29	0.221	-0.091	0.4438125	NAN	
4.65	0.28	0.2175	-0.087	0.4429225	NAN	
4.66	0.275	0.2135	-0.093	0.4420225	NAN	
4.67	0.265	0.2095	-0.0965	0.441075	NAN	
4.68	0.26	0.2055	-0.1005	0.44009	NAN	
4.69	0.25	0.202	-0.094	0.4391175	NAN	
4.7	0.24	0.198	-0.1045	0.438125	NAN	
4.71	0.235	0.1945	-0.0935	0.437135	NAN	
4.72	0.225	0.1905	-0.1055	0.43614	NAN	
4.73	0.22	0.187	-0.096	0.4351325	NAN	
4.74	0.21	0.183	-0.11	0.4341025	NAN	
4.75	0.2	0.1795	-0.1045	0.43303	NAN	
4.76	0.195	0.1755	-0.111	0.4319525	NAN	
4.77	0.185	0.172	-0.1135	0.43083	NAN	
4.78	0.18	0.168	-0.113	0.4296975	NAN	
4.79	0.17	0.1645	-0.1115	0.428575	NAN	
4.8	0.16	0.1605	-0.1145	0.427445	NAN	
4.81	0.155	0.157	-0.1145	0.4263	NAN	
4.82	0.145	0.1535	-0.127	0.4250925	NAN	
4.83	0.14	0.15	-0.113	0.4238925	NAN	
4.84	0.13	0.146	-0.127	0.4226925	NAN	
4.85	0.12	0.1425	-0.116	0.4214775	NAN	
4.86	0.115	0.139	-0.128	0.4202575	NAN	
4.87	0.105	0.1355	-0.127	0.4189825	NAN	
4.88	0.1	0.132	-0.129	0.4177025	NAN	
4.89	0.09	0.128	-0.1305	0.416405	NAN	
4.9	0.08	0.1245	-0.1335	0.415085	NAN	
4.91	0.075	0.121	-0.1335	0.41375	NAN	
4.92	0.065	0.1175	-0.1445	0.41236	NAN	
4.93	0.06	0.114	-0.133	0.4109725	NAN	
4.94	0.05	0.1105	-0.149	0.4095625	NAN	
4.95	0.04	0.107	-0.135	0.4081425	NAN	
4.96	0.035	0.1035	-0.1515	0.40671	NAN	
4.97	0.025	0.1005	-0.145	0.4052275	NAN	
4.98	0.02	0.097	-0.153	0.4037375	NAN	
4.99	0.01	0.0935	-0.1505	0.40222	NAN	
5	0	0.09	-0.155	0.4006925	NAN	
5.01	-0.005	0.087	-0.1545	0.399145	NAN	
5.02	-0.015	0.0835	-0.163	0.3975575	NAN	
5.03	-0.02	0.08	-0.1595	0.395945	NAN	
5.04	-0.03	0.077	-0.169	0.3943025	NAN	
5.05	-0.04	0.0735	-0.1595	0.39266	NAN	
5.06	-0.045	0.0705	-0.1735	0.390995	NAN	
5.07	-0.055	0.0675	-0.167	0.3892925	NAN	
5.08	-0.06	0.064	-0.178	0.3875675	NAN	
5.09	-0.07	0.061	-0.173	0.3858125	NAN	
5.1	-0.08	0.0575	-0.18	0.3840475	NAN	
5.11	-0.085	0.0545	-0.1785	0.382255	NAN	
5.12	-0.095	0.0515	-0.1865	0.38043	NAN	
5.13	-0.1	0.0485	-0.185	0.3785725	NAN	
5.14	-0.11	0.0455	-0.193	0.3766825	NAN	
5.15	-0.12	0.0425	-0.189	0.3747725	NAN	
5.16	-0.125	0.0395	-0.201	0.3728225	NAN	
5.17	-0.135	0.036	-0.1965	0.370835	NAN	
5.18	-0.14	0.035	-0.205	0.3688275	NAN	
5.19	-0.15	0.03	-0.198	0.3668125	NAN	
5.2	-0.16	0.0275	-0.211	0.3647675	NAN	
5.21	-0.165	0.024	-0.2065	0.36268	NAN	
5.22	-0.175	0.0215	-0.219	0.3605525	NAN	
5.23	-0.18	0.0185	-0.21	0.3584075	NAN	
5.24	-0.19	0.016	-0.2225	0.356245	NAN	
5.25	-0.2	0.0125	-0.22	0.3540325	NAN	
5.26	-0.205	0.01	-0.2285	0.35179	NAN	
5.27	-0.215	0.007	-0.23	0.3494975	NAN	
5.28	-0.22	0.0045	-0.2345	0.347175	NAN	
5.29	-0.23	0.0015	-0.23	0.3448525	NAN	
5.3	-0.24	-0.001	-0.2425	0.34249	NAN	
5.31	-0.245	-0.0035	-0.2345	0.340105	NAN	
5.32	-0.255	-0.006	-0.2535	0.337665	NAN	
5.33	-0.26	-0.0095	-0.242	0.3351875	NAN	
5.34	-0.27	-0.0125	-0.2585	0.332685	NAN	
5.35	-0.28	-0.015	-0.2465	0.33016	NAN	
5.36	-0.285	-0.0175	-0.26	0.3276275	NAN	
5.37	-0.295	-0.02	-0.2675	0.32499	NAN	
5.38	-0.3	-0.0225	-0.2675	0.322315	NAN	
5.39	-0.31	-0.0255	-0.2725	0.319615	NAN	
5.4	-0.32	-0.0275	-0.275	0.3168775	NAN	
5.41	-0.325	-0.0305	-0.276	0.3141225	NAN	
5.42	-0.335	-0.0325	-0.2835	0.311325	NAN	
5.43	-0.34	-0.035	-0.2785	0.308515	NAN	
5.44	-0.35	-0.0375	-0.2925	0.30566	NAN	
5.45	-0.36	-0.0395	-0.2835	0.30278	NAN	
5.46	-0.365	-0.0425	-0.2995	0.299865	NAN	
5.47	-0.375	-0.0445	-0.2975	0.29688	NAN	
5.48	-0.38	-0.0475	-0.307	0.2938575	NAN	
5.49	-0.39	-0.0495	-0.306	0.2907925	NAN	
5.5	-0.4	-0.052	-0.315	0.2876875	NAN	
5.51	-0.405	-0.0545	-0.3145	0.28454	NAN	
5.52	-0.415	-0.0565	-0.3245	0.281345	NAN	
5.53	-0.42	-0.059	-0.3215	0.278115	NAN	
5.54	-0.43	-0.061	-0.329	0.2748625	NAN	
5.55	-0.44	-0.063	-0.3295	0.27157	NAN	
5.56	-0.445	-0.0655	-0.337	0.2682375	NAN	
5.57	-0.455	-0.0675	-0.341	0.2648475	NAN	
5.58	-0.46	-0.0695	-0.345	0.2614175	NAN	
5.59	-0.47	-0.072	-0.3475	0.257955	NAN	
5.6	-0.48	-0.074	-0.3555	0.25444	NAN	
5.61	-0.485	-0.076	-0.3565	0.25088	NAN	
5.62	-0.495	-0.078	-0.3685	0.247255	NAN	
5.63	-0.5	-0.08	-0.3635	0.243595	NAN	
5.64	-0.51	-0.082	-0.3755	0.2399	NAN	
5.65	-0.52	-0.084	-0.373	0.2361575	NAN	
5.66	-0.525	-0.0855	-0.386	0.2323625	NAN	
5.67	-0.535	-0.0875	-0.388	0.2284925	NAN	
5.68	-0.54	-0.0895	-0.3955	0.224575	NAN	
5.69	-0.55	-0.0915	-0.3905	0.220645	NAN	
5.7	-0.56	-0.093	-0.3955	0.216715	NAN	
5.71	-0.565	-0.095	-0.406	0.2127075	NAN	
5.72	-0.575	-0.0965	-0.4135	0.20861	NAN	
5.73	-0.58	-0.0985	-0.439	0.2043475	NAN	
5.74	-0.59	-0.1	-0.423	0.2000375	NAN	
5.75	-0.6	-0.102	-0.421	0.1958175	NAN	
5.76	-0.605	-0.1035	-0.44	0.1915125	NAN	
5.77	-0.615	-0.105	-0.4115	0.187255	NAN	
5.78	-0.62	-0.1065	-0.443	0.1829825	NAN	
5.79	-0.63	-0.108	-0.459	0.1784725	NAN	
5.8	-0.64	-0.1095	-0.4555	0.1739	NAN	
5.81	-0.645	-0.111	-0.438	0.1694325	NAN	
5.82	-0.655	-0.1125	-0.465	0.1649175	NAN	
5.83	-0.66	-0.1145	-0.4665	0.16026	NAN	
5.84	-0.67	-0.115	-0.4815	0.15552	NAN	
5.85	-0.68	-0.117	-0.483	0.1506975	NAN	
5.86	-0.685	-0.1185	-0.4955	0.145805	NAN	
5.87	-0.695	-0.1195	-0.487	0.1408925	NAN	
5.88	-0.7	-0.121	-0.495	0.1359825	NAN	
5.89	-0.71	-0.1225	-0.499	0.1310125	NAN	
5.9	-0.72	-0.124	-0.507	0.1259825	NAN	
5.91	-0.725	-0.125	-0.51	0.1208975	NAN	
5.92	-0.735	-0.1265	-0.5185	0.115755	NAN	
5.93	-0.74	-0.1285	-0.5225	0.11055	NAN	
5.94	-0.75	-0.1295	-0.5265	0.105305	NAN	
5.95	-0.76	-0.1315	-0.533	0.1000075	NAN	
5.96	-0.765	-0.133	-0.5395	0.094645	NAN	
5.97	-0.775	-0.1345	-0.5495	0.0892	NAN	
5.98	-0.78	-0.136	-0.5475	0.083715	NAN	
5.99	-0.79	-0.138	-0.55	0.0782275	NAN	
6	-0.8	-0.1395	-0.556	0.0726975	NAN	
6.01	-0.805	-0.141	-0.561	0.0671125	NAN	
6.02	-0.815	-0.143	-0.568	0.0614675	NAN	
6.03	-0.82	-0.1445	-0.57	0.0557775	NAN	
6.04	-0.83	-0.1465	-0.5805	0.050025	NAN	
6.05	-0.84	-0.1485	-0.579	0.0442275	NAN	
6.06	-0.845	-0.1505	-0.585	0.0384075	NAN	
6.07	-0.855	-0.1525	-0.5865	0.03255	NAN	
6.08	-0.86	-0.154	-0.5955	0.02664	NAN	
6.09	-0.87	-0.1565	-0.6005	0.02066	NAN	
6.1	-0.88	-0.1585	-0.6055	0.01463	NAN	
6.11	-0.885	-0.1605	-0.5845	0.00868	NAN	
6.12	-0.895	-0.163	-0.6235	0.00264	NAN	
6.13	-0.9	-0.165	-0.5955	-0.003455	NAN	
6.14	-0.91	-0.1675	-0.622	-0.0095425	NAN	
6.15	-0.92	-0.17	-0.619	-0.0157475	NAN	
6.16	-0.925	-0.1725	-0.628	-0.0219825	NAN	
6.17	-0.935	-0.175	-0.63	-0.0282725	NAN	
6.18	-0.94	-0.1775	-0.635	-0.0345975	NAN	
6.19	-0.95	-0.18	-0.638	-0.0409625	NAN	
6.2	-0.96	-0.1825	-0.6425	-0.047365	NAN	
6.21	-0.965	-0.185	-0.6425	-0.05379	NAN	
6.22	-0.975	-0.188	-0.6495	-0.06025	NAN	
6.23	-0.98	-0.191	-0.649	-0.0667425	NAN	
6.24	-0.99	-0.1935	-0.656	-0.0732675	NAN	
6.25	-1	-0.196	-0.654	-0.0798175	NAN	
6.26	-1.005	-0.199	-0.658	-0.0863775	NAN	
6.27	-1.015	-0.202	-0.661	-0.0929725	NAN	
6.28	-1.02	-0.2055	-0.6595	-0.099575	NAN	
6.29	-1.03	-0.2085	-0.6655	-0.1062	NAN	
6.3	-1.04	-0.2115	-0.644	-0.1127475	NAN	
6.31	-1.045	-0.215	-0.679	-0.1193625	NAN	
6.32	-1.055	-0.2185	-0.6745	-0.12613	NAN	
6.33	-1.06	-0.2215	-0.6755	-0.13288	NAN	
6.34	-1.07	-0.2255	-0.678	-0.1396475	NAN	
6.35	-1.08	-0.2295	-0.677	-0.1464225	NAN	
6.36	-1.085	-0.2335	-0.674	-0.1531775	NAN	
6.37	-1.095	-0.2375	-0.684	-0.1599675	NAN	
6.38	-1.1	-0.2415	-0.6765	-0.16677	NAN	
6.39	-1.11	-0.2455	-0.683	-0.1735675	NAN	
6.4	-1.12	-0.25	-0.6705	-0.180335	NAN	
6.41	-1.125	-0.254	-0.6805	-0.18709	NAN	
6.42	-1.135	-0.2585	-0.6715	-0.19385	NAN	
6.43	-1.14	-0.264	-0.683	-0.2006225	NAN	
6.44	-1.15	-0.2685	-0.68	-0.2074375	NAN	
6.45	-1.16	-0.2735	-0.6845	-0.21426	NAN	
6.46	-1.165	-0.2785	-0.687	-0.2211175	NAN	
6.47	-1.175	-0.284	-0.6785	-0.227945	NAN	
6.48	-1.18	-0.2895	-0.6715	-0.234695	NAN	
6.49	-1.19	-0.295	-0.658	-0.2413425	NAN	
6.5	-1.2	-0.301	-0.6625	-0.247945	NAN	
6.51	-1.205	-0.3075	-0.661	-0.2545625	NAN	
6.52	-1.215	-0.314	-0.676	-0.2612475	NAN	
6.53	-1.22	-0.32	-0.66	-0.2679275	NAN	
6.54	-1.23	-0.3275	-0.653	-0.2744925	NAN	
6.55	-1.24	-0.334	-0.647	-0.2809925	NAN	
6.56	-1.245	-0.3415	-0.6455	-0.287455	NAN	
6.57	-1.255	-0.3495	-0.629	-0.2938275	NAN	
6.58	-1.26	-0.3575	-0.6365	-0.300155	NAN	
6.59	-1.27	-0.3655	-0.621	-0.3064425	NAN	
6.6	-1.28	-0.374	-0.6115	-0.312605	NAN	
6.61	-1.285	-0.3825	-0.6015	-0.31867	NAN	
6.62	-1.295	-0.392	-0.599	-0.3246725	NAN	
6.63	-1.3	-0.402	-0.5865	-0.3306	NAN	
6.64	-1.31	-0.411	-0.5785	-0.336425	NAN	
6.65	-1.32	-0.421	-0.5645	-0.34214	NAN	
6.66	-1.325	-0.4315	-0.558	-0.3477525	NAN	
6.67	-1.335	-0.442	-0.546	-0.3532725	NAN	
6.68	-1.34	-0.4535	-0.5355	-0.35868	NAN	
6.69	-1.35	-0.464	-0.524	-0.3639775	NAN	
6.7	-1.36	-0.4765	-0.509	-0.3691425	NAN	
6.71	-1.365	-0.4875	-0.495	-0.3741625	NAN	
6.72	-1.375	-0.5	-0.4855	-0.379065	NAN	
6.73	-1.38	-0.512	-0.471	-0.3838475	NAN	
6.74	-1.39	-0.5245	-0.455	-0.3884775	NAN	
6.75	-1.4	-0.537	-0.443	-0.3929675	NAN	
6.76	-1.405	-0.5495	-0.424	-0.3973025	NAN	
6.77	-1.415	-0.562	-0.4175	-0.40151	NAN	
6.78	-1.42	-0.5745	-0.3925	-0.40556	NAN	
6.79	-1.43	-0.588	-0.391	-0.4094775	NAN	
6.8	-1.44	-0.601	-0.3665	-0.413265	NAN	
6.81	-1.445	-0.6145	-0.3595	-0.416895	NAN	
6.82	-1.455	-0.6275	-0.339	-0.4203875	NAN	
6.83	-1.46	-0.641	-0.32	-0.4236825	NAN	
6.84	-1.47	-0.6545	-0.3065	-0.426815	NAN	
6.85	-1.48	-0.668	-0.2915	-0.429805	NAN	
6.86	-1.485	-0.6805	-0.2775	-0.43265	NAN	
6.87	-1.495	-0.6935	-0.263	-0.4353525	NAN	
6.88	-1.5	-0.7065	-0.2465	-0.4379	NAN	
6.89	-1.51	-0.719	-0.237	-0.4403175	NAN	
6.9	-1.52	-0.7315	-0.2145	-0.442575	NAN	
6.91	-1.525	-0.7435	-0.212	-0.4447075	NAN	
6.92	-1.535	-0.755	-0.1935	-0.446735	NAN	
6.93	-1.54	-0.766	-0.1905	-0.448655	NAN	
6.94	-1.55	-0.7775	-0.1815	-0.450515	NAN	
6.95	-1.56	-0.7875	-0.1635	-0.45224	NAN	
6.96	-1.565	-0.798	-0.153	-0.4538225	NAN	
6.97	-1.575	-0.808	-0.149	-0.4553325	NAN	
6.98	-1.58	-0.818	-0.1345	-0.45675	NAN	
6.99	-1.59	-0.8265	-0.131	-0.4580775	NAN	
7	-1.6	-0.8355	-0.1205	-0.459335	NAN	
7.01	-1.605	-0.844	-0.116	-0.4605175	NAN	
7.02	-1.615	-0.853	-0.1065	-0.46163	NAN	
7.03	-1.62	-0.8575	-0.106	-0.4626925	NAN	
7.04	-1.63	-0.8685	-0.094	-0.4636925	NAN	
7.05	-1.64	-0.8735	-0.098	-0.4646525	NAN	
7.06	-1.645	-0.8825	-0.084	-0.4655625	NAN	
7.07	-1.655	-0.889	-0.0925	-0.466445	NAN	
7.08	-1.66	-0.8965	-0.0775	-0.467295	NAN	
7.09	-1.67	-0.9025	-0.0825	-0.468095	NAN	
7.1	-1.68	-0.909	-0.073	-0.4688725	NAN	
7.11	-1.685	-0.9155	-0.0715	-0.469595	NAN	
7.12	-1.695	-0.9215	-0.072	-0.4703125	NAN	
7.13	-1.7	-0.9275	-0.067	-0.4710075	NAN	
7.14	-1.71	-0.9335	-0.064	-0.4716625	NAN	
7.15	-1.72	-0.939	-0.068	-0.4723225	NAN	
7.16	-1.725	-0.945	-0.0575	-0.47295	NAN	
7.17	-1.735	-0.9505	-0.0695	-0.473585	NAN	
7.18	-1.74	-0.956	-0.054	-0.4742025	NAN	
7.19	-1.75	-0.961	-0.0635	-0.47479	NAN	
7.2	-1.76	-0.9665	-0.0505	-0.47536	NAN	
7.21	-1.765	-0.9715	-0.058	-0.4759025	NAN	
7.22	-1.775	-0.977	-0.055	-0.4764675	NAN	
7.23	-1.78	-0.982	-0.0515	-0.477	NAN	
7.24	-1.79	-0.987	-0.0515	-0.477515	NAN	
7.25	-1.8	-0.992	-0.0515	-0.47803	NAN	
7.26	-1.805	-0.997	-0.047	-0.4785225	NAN	
7.27	-1.815	-1.002	-0.057	-0.4790425	NAN	
7.28	-1.82	-1.007	-0.0435	-0.479545	NAN	
7.29	-1.83	-1.0115	-0.0565	-0.480045	NAN	
7.3	-1.84	-1.017	-0.041	-0.4805325	NAN	
7.31	-1.845	-1.0215	-0.053	-0.4810025	NAN	
7.32	-1.855	-1.0265	-0.045	-0.4814925	NAN	
7.33	-1.86	-1.0275	-0.0475	-0.481955	NAN	
7.34	-1.87	-1.0275	-0.044	-0.4824125	NAN	
7.35	-1.88	-1.0275	-0.0445	-0.482855	NAN	
7.36	-1.885	-1.0275	-0.0445	-0.4833	NAN	
7.37	-1.895	-1.0275	-0.048	-0.4837625	NAN	
7.38	-1.9	-1.0275	-0.041	-0.4842075	NAN	
7.39	-1.91	-1.0275	-0.049	-0.4846575	NAN	
7.4	-1.92	-1.0275	-0.0355	-0.48508	NAN	
7.41	-1.925	-1.0275	-0.048	-0.4854975	NAN	
7.42	-1.935	-1.0275	-0.0345	-0.48591	NAN	
7.43	-1.94	-1.0275	-0.0475	-0.48632	NAN	
7.44	-1.95	-1.0275	-0.0435	-0.486775	NAN	
7.45	-1.96	-1.0275	-0.034	-0.4871625	NAN	
7.46	-1.965	-1.0275	-0.034	-0.4875025	NAN	
7.47	-1.975	-1.0275	-0.0375	-0.48786	NAN	
7.48	-1.98	-1.0275	-0.051	-0.4883025	NAN	
7.49	-1.99	-1.0275	-0.0505	-0.48881	NAN	
7.5	-2	-1.0275	-0.0315	-0.48922	NAN	
7.51	-1.995	-1.0275	-0.001	-0.4893825	NAN	
7.52	-1.985	-1.0275	0.0035	-0.48937	NAN	
7.53	-1.98	-1.0275	-0.003	-0.4893675	NAN	
7.54	-1.97	-1.0275	-0.0005	-0.489385	NAN	
7.55	-1.96	-1.0275	0.0005	-0.489385	NAN	
7.56	-1.955	-1.0275	0.007	-0.4893475	NAN	
7.57	-1.945	-1.0275	0.003	-0.4892975	NAN	
7.58	-1.94	-1.0275	0.0075	-0.489245	NAN	
7.59	-1.93	-1.0275	0.008	-0.4891675	NAN	
7.6	-1.92	-1.0275	0.0095	-0.48908	NAN	
7.61	-1.915	-1.0275	0.004	-0.4890125	NAN	
7.62	-1.905	-1.0275	0.0165	-0.48891	NAN	
7.63	-1.9	-1.0275	0.002	-0.4888175	NAN	
7.64	-1.89	-1.0275	0.0135	-0.48874	NAN	
7.65	-1.88	-1.0275	0.0065	-0.48864	NAN	
7.66	-1.875	-1.0275	0.012	-0.4885475	NAN	
7.67	-1.865	-1.0275	0.012	-0.4884275	NAN	
7.68	-1.86	-1.0275	0.0145	-0.488295	NAN	
7.69	-1.85	-1.0275	0.0075	-0.488185	NAN	
7.7	-1.84	-1.0275	0.018	-0.4880575	NAN	
7.71	-1.835	-1.0275	0.0075	-0.48793	NAN	
7.72	-1.825	-1.0275	0.0185	-0.4878	NAN	
7.73	-1.82	-1.0275	0.011	-0.4876525	NAN	
7.74	-1.81	-1.0275	0.014	-0.4875275	NAN	
7.75	-1.8	-1.0275	0.009	-0.4874125	NAN	
7.76	-1.795	-1.0275	0.016	-0.4872875	NAN	
7.77	-1.785	-1.0275	0.007	-0.4871725	NAN	
7.78	-1.78	-1.0265	0.018	-0.4870475	NAN	
7.79	-1.77	-1.022	0.0095	-0.48691	NAN	
7.8	-1.76	-1.0175	0.016	-0.4867825	NAN	
7.81	-1.755	-1.013	0.0155	-0.486625	NAN	
7.82	-1.745	-1.009	0.016	-0.4864675	NAN	
7.83	-1.74	-1.004	0.013	-0.4863225	NAN	
7.84	-1.73	-1	0.0215	-0.48615	NAN	
7.85	-1.72	-0.995	0.016	-0.4859625	NAN	
7.86	-1.715	-0.9905	0.0245	-0.48576	NAN	
7.87	-1.705	-0.986	0.01	-0.4855875	NAN	
7.88	-1.7	-0.9815	0.015	-0.4854625	NAN	
7.89	-1.69	-0.977	0.0075	-0.48535	NAN	
7.9	-1.68	-0.9725	0.029	-0.4851675	NAN	
7.91	-1.675	-0.9685	0.02	-0.4849225	NAN	
7.92	-1.665	-0.964	0.025	-0.4846975	NAN	
7.93	-1.66	-0.9595	0.0105	-0.48452	NAN	
7.94	-1.65	-0.955	0.0235	-0.48435	NAN	
7.95	-1.64	-0.9505	0.0115	-0.484175	NAN	
7.96	-1.635	-0.946	0.0195	-0.48402	NAN	
7.97	-1.625	-0.9415	0.017	-0.4838375	NAN	
7.98	-1.62	-0.937	0.016	-0.4836725	NAN	
7.99	-1.61	-0.9325	0.011	-0.4835375	NAN	
8	-1.6	-0.928	0.019	-0.4833875	NAN	
8.01	-1.595	-0.9235	0.0105	-0.48324	NAN	
8.02	-1.585	-0.9195	0.022	-0.4830775	NAN	
8.03	-1.58	-0.915	0.0175	-0.48288	NAN	
8.04	-1.57	-0.9105	0.0185	-0.4827	NAN	
8.05	-1.56	-0.906	0.016	-0.4825275	NAN	
8.06	-1.555	-0.902	0.0215	-0.48234	NAN	
8.07	-1.545	-0.897	0.0125	-0.48217	NAN	
8.08	-1.54	-0.8925	0.0215	-0.482	NAN	
8.09	-1.53	-0.888	0.0115	-0.481835	NAN	
8.1	-1.52	-0.884	0.02	-0.4816775	NAN	
8.11	-1.515	-0.879	0.013	-0.4815125	NAN	
8.12	-1.505	-0.875	0.023	-0.4813325	NAN	
8.13	-1.5	-0.87	0.0155	-0.48114	NAN	
8.14	-1.49	-0.8655	0.021	-0.4809575	NAN	
8.15	-1.48	-0.861	0.0115	-0.480795	NAN	
8.16	-1.475	-0.857	0.0255	-0.48061	NAN	
8.17	-1.465	-0.852	0.015	-0.4804075	NAN	
8.18	-1.46	-0.848	0.023	-0.4802175	NAN	
8.19	-1.45	-0.8435	0.017	-0.4800175	NAN	
8.2	-1.44	-0.839	0.0195	-0.479835	NAN	
8.21	-1.435	-0.8345	0.018	-0.4796475	NAN	
8.22	-1.425	-0.83	0.026	-0.4794275	NAN	
8.23	-1.42	-0.8255	0.0115	-0.47924	NAN	
8.24	-1.41	-0.8215	0.0245	-0.47906	NAN	
8.25	-1.4	-0.8165	0.012	-0.4788775	NAN	
8.26	-1.395	-0.8125	0.0255	-0.47869	NAN	
8.27	-1.385	-0.808	0.0175	-0.478475	NAN	
8.28	-1.38	-0.804	0.021	-0.4782825	NAN	
8.29	-1.37	-0.799	0.021	-0.4780725	NAN	
8.3	-1.36	-0.7945	0.0235	-0.47785	NAN	
8.31	-1.355	-0.79	0.017	-0.4776475	NAN	
8.32	-1.345	-0.786	0.029	-0.4774175	NAN	
8.33	-1.34	-0.7815	0.016	-0.4771925	NAN	
8.34	-1.33	-0.777	0.026	-0.4769825	NAN	
8.35	-1.32	-0.772	0.018	-0.4767625	NAN	
8.36	-1.315	-0.768	0.0225	-0.47656	NAN	
8.37	-1.305	-0.763	0.021	-0.4763425	NAN	
8.38	-1.3	-0.759	0.0265	-0.476105	NAN	
8.39	-1.29	-0.7545	0.0185	-0.47588	NAN	
8.4	-1.28	-0.75	0.0305	-0.475635	NAN	
8.41	-1.275	-0.7455	0.0185	-0.47539	NAN	
8.42	-1.265	-0.7415	0.032	-0.4751375	NAN	
8.43	-1.26	-0.737	0.0235	-0.47486	NAN	
8.44	-1.25	-0.733	0.026	-0.4746125	NAN	
8.45	-1.24	-0.7285	0.023	-0.4743675	NAN	
8.46	-1.235	-0.7245	0.03	-0.4741025	NAN	
8.47	-1.225	-0.72	0.0275	-0.473815	NAN	
8.48	-1.22	-0.716	0.029	-0.4735325	NAN	
8.49	-1.21	-0.7115	0.027	-0.4732525	NAN	
8.5	-1.2	-0.7075	0.027	-0.4729825	NAN	
8.51	-1.195	-0.7025	0.024	-0.4727275	NAN	
8.52	-1.185	-0.6985	0.0275	-0.47247	NAN	
8.53	-1.18	-0.694	0.0225	-0.47222	NAN	
8.54	-1.17	-0.6895	0.031	-0.4719525	NAN	
8.55	-1.16	-0.685	0.015	-0.4717225	NAN	
8.56	-1.155	-0.6805	0.0305	-0.471495	NAN	
8.57	-1.145	-0.6765	0.03	-0.4711925	NAN	
8.58	-1.14	-0.672	0.0225	-0.47093	NAN	
8.59	-1.13	-0.668	0.0035	-0.4708	NAN	
8.6	-1.12	-0.6635	0.0135	-0.470715	NAN	
8.61	-1.115	-0.659	0.0245	-0.470525	NAN	
8.62	-1.105	-0.655	0.0355	-0.470225	NAN	
8.63	-1.1	-0.6505	0.0195	-0.46995	NAN	
8.64	-1.09	-0.6465	0.036	-0.4696725	NAN	
8.65	-1.08	-0.6415	0.0235	-0.469375	NAN	
8.66	-1.075	-0.6375	0.0315	-0.4691	NAN	
8.67	-1.065	-0.633	0.0245	-0.46882	NAN	
8.68	-1.06	-0.6285	0.0385	-0.468505	NAN	
8.69	-1.05	-0.6245	0.0345	-0.46814	NAN	
8.7	-1.04	-0.6205	0.0335	-0.4678	NAN	
8.71	-1.035	-0.616	0.025	-0.4675075	NAN	
8.72	-1.025	-0.6115	0.04	-0.4671825	NAN	
8.73	-1.02	-0.607	0.021	-0.4668775	NAN	
8.74	-1.01	-0.603	0.0395	-0.466575	NAN	
8.75	-1	-0.5985	0.0145	-0.466305	NAN	
8.76	-0.995	-0.5945	0.033	-0.4660675	NAN	
8.77	-0.985	-0.5895	0.0305	-0.46575	NAN	
8.78	-0.98	-0.5855	0.04	-0.4653975	NAN	
8.79	-0.97	-0.581	0.021	-0.4650925	NAN	
8.8	-0.96	-0.5765	0.036	-0.4648075	NAN	
8.81	-0.955	-0.5725	0.026	-0.4644975	NAN	
8.82	-0.945	-0.5685	0.033	-0.4642025	NAN	
8.83	-0.94	-0.564	0.029	-0.4638925	NAN	
8.84	-0.93	-0.56	0.036	-0.4635675	NAN	
8.85	-0.92	-0.5555	0.029	-0.4632425	NAN	
8.86	-0.915	-0.551	0.0395	-0.4629	NAN	
8.87	-0.905	-0.547	0.0325	-0.46254	NAN	
8.88	-0.9	-0.5425	0.043	-0.4621625	NAN	
8.89	-0.89	-0.5385	0.0325	-0.461785	NAN	
8.9	-0.88	-0.5335	0.037	-0.4614375	NAN	
8.91	-0.875	-0.53	0.035	-0.4610775	NAN	
8.92	-0.865	-0.525	0.039	-0.4607075	NAN	
8.93	-0.86	-0.5205	0.032	-0.4603525	NAN	
8.94	-0.85	-0.5165	0.042	-0.4599825	NAN	
8.95	-0.84	-0.5115	0.0285	-0.45963	NAN	
8.96	-0.835	-0.5075	0.0445	-0.459265	NAN	
8.97	-0.825	-0.5035	0.036	-0.4588625	NAN	
8.98	-0.82	-0.499	0.037	-0.4584975	NAN	
8.99	-0.81	-0.4955	0.045	-0.4580875	NAN	
9	-0.8	-0.4905	0.042	-0.4576525	NAN	
9.01	-0.795	-0.485	0.037	-0.4572575	NAN	
9.02	-0.785	-0.482	0.047	-0.4568375	NAN	
9.03	-0.78	-0.4775	0.034	-0.4564325	NAN	
9.04	-0.77	-0.473	0.051	-0.4560075	NAN	
9.05	-0.76	-0.469	0.0345	-0.45558	NAN	
9.06	-0.755	-0.4645	0.0425	-0.455195	NAN	
9.07	-0.745	-0.461	0.043	-0.4547675	NAN	
9.08	-0.74	-0.456	0.05	-0.4543025	NAN	
9.09	-0.73	-0.4505	0.045	-0.4538275	NAN	
9.1	-0.72	-0.447	0.0515	-0.453345	NAN	
9.11	-0.715	-0.4425	0.039	-0.4528925	NAN	
9.12	-0.705	-0.4385	0.055	-0.4524225	NAN	
9.13	-0.7	-0.434	0.0395	-0.45195	NAN	
9.14	-0.69	-0.4305	0.0525	-0.45149	NAN	
9.15	-0.68	-0.4265	0.044	-0.4510075	NAN	
9.16	-0.675	-0.4215	0.047	-0.4505525	NAN	
9.17	-0.665	-0.4175	0.0465	-0.450085	NAN	
9.18	-0.66	-0.413	0.0495	-0.449605	NAN	
9.19	-0.65	-0.409	0.044	-0.4491375	NAN	
9.2	-0.64	-0.4045	0.055	-0.4486425	NAN	
9.21	-0.635	-0.4005	0.0405	-0.448165	NAN	
9.22	-0.625	-0.396	0.0575	-0.447675	NAN	
9.23	-0.62	-0.392	0.0495	-0.44714	NAN	
9.24	-0.61	-0.388	0.054	-0.4466225	NAN	
9.25	-0.6	-0.3835	0.049	-0.4461075	NAN	
9.26	-0.595	-0.3795	0.0565	-0.44558	NAN	
9.27	-0.585	-0.375	0.049	-0.4450525	NAN	
9.28	-0.58	-0.3715	0.057	-0.4445225	NAN	
9.29	-0.57	-0.3675	0.055	-0.4439625	NAN	
9.3	-0.56	-0.363	0.062	-0.4433775	NAN	
9.31	-0.555	-0.3595	0.053	-0.4428025	NAN	
9.32	-0.545	-0.3545	0.0565	-0.442255	NAN	
9.33	-0.54	-0.3505	0.0595	-0.441675	NAN	
9.34	-0.53	-0.346	0.0595	-0.44108	NAN	
9.35	-0.52	-0.3415	0.0525	-0.44052	NAN	
9.36	-0.515	-0.338	0.0645	-0.439935	NAN	
9.37	-0.505	-0.334	0.058	-0.4393225	NAN	
9.38	-0.5	-0.3295	0.0745	-0.43866	NAN	
9.39	-0.49	-0.326	0.056	-0.4380075	NAN	
9.4	-0.48	-0.3215	0.0595	-0.43743	NAN	
9.41	-0.475	-0.3175	0.0615	-0.436825	NAN	
9.42	-0.465	-0.313	0.069	-0.4361725	NAN	
9.43	-0.46	-0.309	0.062	-0.4355175	NAN	
9.44	-0.45	-0.305	0.0685	-0.434865	NAN	
9.45	-0.44	-0.301	0.058	-0.4342325	NAN	
9.46	-0.435	-0.2965	0.0735	-0.433575	NAN	
9.47	-0.425	-0.2925	0.0645	-0.432885	NAN	
9.48	-0.42	-0.2885	0.073	-0.4321975	NAN	
9.49	-0.41	-0.2845	0.0695	-0.431485	NAN	
9.5	-0.4	-0.2805	0.072	-0.4307775	NAN	
9.51	-0.395	-0.2755	0.0715	-0.43006	NAN	
9.52	-0.385	-0.2725	0.0785	-0.42931	NAN	
9.53	-0.38	-0.2685	0.068	-0.4285775	NAN	
9.54	-0.37	-0.2645	0.0845	-0.427815	NAN	
9.55	-0.36	-0.2605	0.068	-0.4270525	NAN	
9.56	-0.355	-0.2565	0.081	-0.4263075	NAN	
9.57	-0.345	-0.2535	0.081	-0.4254975	NAN	
9.58	-0.34	-0.2485	0.0855	-0.424665	NAN	
9.59	-0.33	-0.2445	0.09	-0.4237875	NAN	
9.6	-0.32	-0.2405	0.087	-0.4229025	NAN	
9.61	-0.315	-0.2365	0.078	-0.4220775	NAN	
9.62	-0.305	-0.2325	0.089	-0.4212425	NAN	
9.63	-0.3	-0.229	0.0775	-0.42041	NAN	
9.64	-0.29	-0.225	0.0915	-0.419565	NAN	
9.65	-0.28	-0.2215	0.081	-0.4187025	NAN	
9.66	-0.275	-0.2175	0.0925	-0.417835	NAN	
9.67	-0.265	-0.2135	0.086	-0.4169425	NAN	
9.68	-0.26	-0.2095	0.091	-0.4160575	NAN	
9.69	-0.25	-0.2055	0.096	-0.4151225	NAN	
9.7	-0.24	-0.202	0.0955	-0.414165	NAN	
9.71	-0.235	-0.198	0.092	-0.4132275	NAN	
9.72	-0.225	-0.1945	0.106	-0.4122375	NAN	
9.73	-0.22	-0.19	0.093	-0.4112425	NAN	
9.74	-0.21	-0.1865	0.1075	-0.41024	NAN	
9.75	-0.2	-0.1825	0.096	-0.4092225	NAN	
9.76	-0.195	-0.179	0.1065	-0.40821	NAN	
9.77	-0.185	-0.1755	0.1035	-0.40716	NAN	
9.78	-0.18	-0.1715	0.1085	-0.4061	NAN	
9.79	-0.17	-0.1675	0.1005	-0.405055	NAN	
9.8	-0.16	-0.1645	0.113	-0.4039875	NAN	
9.81	-0.155	-0.161	0.107	-0.4028875	NAN	
9.82	-0.145	-0.157	0.123	-0.4017375	NAN	
9.83	-0.14	-0.1535	0.112	-0.4005625	NAN	
9.84	-0.13	-0.15	0.1235	-0.399385	NAN	
9.85	-0.12	-0.146	0.1155	-0.39819	NAN	
9.86	-0.115	-0.143	0.1265	-0.39698	NAN	
9.87	-0.105	-0.139	0.1215	-0.39574	NAN	
9.88	-0.1	-0.1355	0.123	-0.3945175	NAN	
9.89	-0.09	-0.1315	0.1225	-0.39329	NAN	
9.9	-0.08	-0.1285	0.1295	-0.39203	NAN	
9.91	-0.075	-0.1245	0.126	-0.3907525	NAN	
9.92	-0.065	-0.1215	0.14	-0.3894225	NAN	
9.93	-0.06	-0.118	0.1285	-0.38808	NAN	
9.94	-0.05	-0.1145	0.1445	-0.386715	NAN	
9.95	-0.04	-0.111	0.133	-0.3853275	NAN	
9.96	-0.035	-0.1075	0.145	-0.3839375	NAN	
9.97	-0.025	-0.104	0.141	-0.3825075	NAN	
9.98	-0.02	-0.1005	0.1455	-0.381075	NAN	
9.99	-0.01	-0.098	0.147	-0.3796125	NAN	
10	0	-0.094	0.152	-0.3781175	NAN	
10.01	0.005	-0.0915	0.1425	-0.376645	NAN	
10.02	0.015	-0.0875	0.161	-0.3751275	NAN	
10.03	0.02	-0.084	0.1475	-0.373585	NAN	
10.04	0.03	-0.081	0.1705	-0.371995	NAN	
10.05	0.04	-0.077	0.1585	-0.37035	NAN	
10.06	0.045	-0.0745	0.1705	-0.368705	NAN	
10.07	0.055	-0.071	0.168	-0.3670125	NAN	
10.08	0.06	-0.068	0.1685	-0.36533	NAN	
10.09	0.07	-0.0645	0.171	-0.3636325	NAN	
10.1	0.08	-0.0615	0.1695	-0.36193	NAN	
10.11	0.085	-0.0585	0.1725	-0.36022	NAN	
10.12	0.095	-0.055	0.18	-0.3584575	NAN	
10.13	0.1	-0.052	0.173	-0.3566925	NAN	
10.14	0.11	-0.0495	0.193	-0.3548625	NAN	
10.15	0.12	-0.0465	0.1815	-0.35299	NAN	
10.16	0.125	-0.0425	0.1945	-0.35111	NAN	
10.17	0.135	-0.04	0.1915	-0.34918	NAN	
10.18	0.14	-0.0375	0.197	-0.3472375	NAN	
10.19	0.15	-0.034	0.199	-0.3452575	NAN	
10.2	0.16	-0.031	0.2005	-0.34326	NAN	
10.21	0.165	-0.028	0.202	-0.3412475	NAN	
10.22	0.175	-0.025	0.2115	-0.33918	NAN	
10.23	0.18	-0.022	0.204	-0.3371025	NAN	
10.24	0.19	-0.019	0.218	-0.3349925	NAN	
10.25	0.2	-0.0165	0.208	-0.3328625	NAN	
10.26	0.205	-0.0135	0.225	-0.3306975	NAN	
10.27	0.215	-0.011	0.218	-0.3284825	NAN	
10.28	0.22	-0.007	0.2295	-0.326245	NAN	
10.29	0.23	-0.0055	0.2295	-0.32395	NAN	
10.3	0.24	-0.002	0.232	-0.3216425	NAN	
10.31	0.245	0.0005	0.2275	-0.319345	NAN	
10.32	0.255	0.0035	0.2345	-0.317035	NAN	
10.33	0.26	0.0055	0.2415	-0.314655	NAN	
10.34	0.27	0.009	0.248	-0.3122075	NAN	
10.35	0.28	0.0115	0.25	-0.3097175	NAN	
10.36	0.285	0.014	0.2555	-0.30719	NAN	
10.37	0.295	0.0165	0.2565	-0.30463	NAN	
10.38	0.3	0.0195	0.263	-0.3020325	NAN	
10.39	0.31	0.0215	0.2585	-0.299425	NAN	
10.4	0.32	0.0245	0.2735	-0.296765	NAN	
10.41	0.325	0.0265	0.2675	-0.29406	NAN	
10.42	0.335	0.0295	0.275	-0.2913475	NAN	
10.43	0.34	0.032	0.2685	-0.28863	NAN	
10.44	0.35	0.0345	0.281	-0.2858825	NAN	
10.45	0.36	0.0365	0.2835	-0.28306	NAN	
10.46	0.365	0.039	0.289	-0.2801975	NAN	
10.47	0.375	0.0435	0.291	-0.2772975	NAN	
10.48	0.38	0.044	0.2975	-0.274355	NAN	
10.49	0.39	0.0465	0.301	-0.2713625	NAN	
10.5	0.4	0.0485	0.306	-0.2683275	NAN	
10.51	0.405	0.051	0.309	-0.2652525	NAN	
10.52	0.415	0.0535	0.319	-0.2621125	NAN	
10.53	0.42	0.0555	0.3145	-0.258945	NAN	
10.54	0.43	0.058	0.328	-0.2557325	NAN	
10.55	0.44	0.06	0.319	-0.2524975	NAN	
10.56	0.445	0.0625	0.3345	-0.24923	NAN	
10.57	0.455	0.0645	0.328	-0.2459175	NAN	
10.58	0.46	0.066	0.3425	-0.242565	NAN	
10.59	0.47	0.069	0.3375	-0.239165	NAN	
10.6	0.48	0.0705	0.349	-0.2357325	NAN	
10.61	0.485	0.073	0.346	-0.2322575	NAN	
10.62	0.495	0.0755	0.363	-0.2287125	NAN	
10.63	0.5	0.0775	0.3565	-0.225115	NAN	
10.64	0.51	0.079	0.3675	-0.221495	NAN	
10.65	0.52	0.081	0.365	-0.2178325	NAN	
10.66	0.525	0.083	0.3765	-0.214125	NAN	
10.67	0.535	0.0845	0.3805	-0.21034	NAN	
10.68	0.54	0.0865	0.384	-0.2065175	NAN	
10.69	0.55	0.0885	0.388	-0.2026575	NAN	
10.7	0.56	0.0905	0.3895	-0.19877	NAN	
10.71	0.565	0.0925	0.3975	-0.194835	NAN	
10.72	0.575	0.094	0.4055	-0.19082	NAN	
10.73	0.58	0.096	0.406	-0.1867625	NAN	
10.74	0.59	0.0975	0.4145	-0.18266	NAN	
10.75	0.6	0.099	0.4155	-0.17851	NAN	
10.76	0.605	0.1005	0.426	-0.1743025	NAN	
10.77	0.615	0.1025	0.427	-0.1700375	NAN	
10.78	0.62	0.104	0.4365	-0.16572	NAN	
10.79	0.63	0.106	0.438	-0.1613475	NAN	
10.8	0.64	0.107	0.4455	-0.15693	NAN	
10.81	0.645	0.1085	0.4405	-0.1525	NAN	
10.82	0.655	0.11	0.4595	-0.148	NAN	
10.83	0.66	0.1115	0.451	-0.1434475	NAN	
10.84	0.67	0.113	0.471	-0.1388375	NAN	
10.85	0.68	0.1145	0.4635	-0.134165	NAN	
10.86	0.685	0.116	0.4815	-0.12944	NAN	
10.87	0.695	0.1175	0.4795	-0.124635	NAN	
10.88	0.7	0.119	0.492	-0.1197775	NAN	
10.89	0.71	0.12	0.4915	-0.11486	NAN	
10.9	0.72	0.1215	0.5035	-0.109885	NAN	
10.91	0.725	0.123	0.494	-0.1048975	NAN	
10.92	0.735	0.1245	0.532	-0.0997675	NAN	
10.93	0.74	0.1265	0.513	-0.0945425	NAN	
10.94	0.75	0.1275	0.528	-0.0893375	NAN	
10.95	0.76	0.1285	0.5195	-0.0841	NAN	
10.96	0.765	0.1305	0.5335	-0.078835	NAN	
10.97	0.775	0.1315	0.5345	-0.073495	NAN	
10.98	0.78	0.133	0.547	-0.0680875	NAN	
10.99	0.79	0.135	0.5475	-0.062615	NAN	
11	0.8	0.1365	0.556	-0.0570975	NAN	
11.01	0.805	0.138	0.561	-0.0515125	NAN	
11.02	0.815	0.14	0.5725	-0.045845	NAN	
11.03	0.82	0.1415	0.565	-0.0401575	NAN	
11.04	0.83	0.143	0.5795	-0.034435	NAN	
11.05	0.84	0.1445	0.573	-0.0286725	NAN	
11.06	0.845	0.147	0.589	-0.0228625	NAN	
11.07	0.855	0.149	0.5865	-0.016985	NAN	
11.08	0.86	0.1505	0.5945	-0.01108	NAN	
11.09	0.87	0.1525	0.597	-0.0051225	NAN	
11.1	0.88	0.1545	0.6055	0.00089	NAN	
11.11	0.885	0.1565	0.605	0.0069425	NAN	
11.12	0.895	0.159	0.6205	0.01307	NAN	
11.13	0.9	0.161	0.6075	0.01921	NAN	
11.14	0.91	0.163	0.631	0.0254025	NAN	
11.15	0.92	0.165	0.6185	0.03165	NAN	
11.16	0.925	0.168	0.633	0.0379075	NAN	
11.17	0.935	0.17	0.633	0.0442375	NAN	
11.18	0.94	0.1725	0.639	0.0505975	NAN	
11.19	0.95	0.175	0.6375	0.05698	NAN	
11.2	0.96	0.1775	0.648	0.0634075	NAN	
11.21	0.965	0.18	0.6415	0.069855	NAN	
11.22	0.975	0.1825	0.6595	0.07636	NAN	
11.23	0.98	0.185	0.65	0.0829075	NAN	
11.24	0.99	0.188	0.663	0.0894725	NAN	
11.25	1	0.1905	0.6535	0.096055	NAN	
11.26	1.005	0.1935	0.668	0.1026625	NAN	
11.27	1.015	0.1965	0.664	0.1093225	NAN	
11.28	1.02	0.199	0.673	0.1160075	NAN	
11.29	1.03	0.202	0.667	0.1227075	NAN	
11.3	1.04	0.205	0.6745	0.129415	NAN	
11.31	1.045	0.208	0.6715	0.136145	NAN	
11.32	1.055	0.2115	0.688	0.1429425	NAN	
11.33	1.06	0.2145	0.674	0.1497525	NAN	
11.34	1.07	0.218	0.6895	0.15657	NAN	
11.35	1.08	0.2215	0.6815	0.163425	NAN	
11.36	1.085	0.2255	0.691	0.1702875	NAN	
11.37	1.095	0.229	0.685	0.1771675	NAN	
11.38	1.1	0.233	0.6935	0.18406	NAN	
11.39	1.11	0.237	0.685	0.1909525	NAN	
11.4	1.12	0.241	0.6845	0.1978	NAN	
11.41	1.125	0.2455	0.6845	0.204645	NAN	
11.42	1.135	0.2495	0.693	0.2115325	NAN	
11.43	1.14	0.2545	0.6785	0.21839	NAN	
11.44	1.15	0.2585	0.69	0.2252325	NAN	
11.45	1.16	0.2635	0.6835	0.2321	NAN	
11.46	1.165	0.2685	0.6915	0.238975	NAN	
11.47	1.175	0.274	0.687	0.2458675	NAN	
11.48	1.18	0.279	0.6865	0.252735	NAN	
11.49	1.19	0.284	0.68	0.2595675	NAN	
11.5	1.2	0.29	0.68	0.2663675	NAN	
11.51	1.205	0.2955	0.685	0.2731925	NAN	
11.52	1.215	0.3015	0.679	0.2800125	NAN	
11.53	1.22	0.308	0.6715	0.286765	NAN	
11.54	1.23	0.3145	0.67	0.2934725	NAN	
11.55	1.24	0.321	0.6585	0.300115	NAN	
11.56	1.245	0.328	0.6595	0.306705	NAN	
11.57	1.255	0.3355	0.6555	0.31328	NAN	
11.58	1.26	0.343	0.6425	0.31977	NAN	
11.59	1.27	0.3505	0.6425	0.326195	NAN	
11.6	1.28	0.359	0.6365	0.33259	NAN	
11.61	1.285	0.3675	0.625	0.3388975	NAN	
11.62	1.295	0.376	0.6225	0.345135	NAN	
11.63	1.3	0.385	0.609	0.3512925	NAN	
11.64	1.31	0.3945	0.5985	0.35733	NAN	
11.65	1.32	0.4045	0.5855	0.36325	NAN	
11.66	1.325	0.4145	0.579	0.3690725	NAN	
11.67	1.335	0.425	0.5695	0.374815	NAN	
11.68	1.34	0.436	0.556	0.3804425	NAN	
11.69	1.35	0.447	0.5455	0.38595	NAN	
11.7	1.36	0.4585	0.5345	0.39135	NAN	
11.71	1.365	0.4705	0.5205	0.396625	NAN	
11.72	1.375	0.483	0.511	0.4017825	NAN	
11.73	1.38	0.4955	0.4895	0.406785	NAN	
11.74	1.39	0.5085	0.479	0.4116275	NAN	
11.75	1.4	0.522	0.456	0.4163025	NAN	
11.76	1.405	0.5355	0.4455	0.42081	NAN	
11.77	1.415	0.549	0.4265	0.42517	NAN	
11.78	1.42	0.563	0.4085	0.429345	NAN	
11.79	1.43	0.577	0.3885	0.43333	NAN	
11.8	1.44	0.5915	0.3755	0.43715	NAN	
11.81	1.445	0.606	0.3545	0.4408	NAN	
11.82	1.455	0.62	0.348	0.4443125	NAN	
11.83	1.46	0.6345	0.3185	0.447645	NAN	
11.84	1.47	0.649	0.313	0.4508025	NAN	
11.85	1.48	0.6635	0.2815	0.453775	NAN	
11.86	1.485	0.6775	0.277	0.4565675	NAN	
11.87	1.495	0.691	0.2545	0.459225	NAN	
11.88	1.5	0.7045	0.2415	0.461705	NAN	
11.89	1.51	0.7175	0.2265	0.464045	NAN	
11.9	1.52	0.73	0.2105	0.46623	NAN	
11.91	1.525	0.7425	0.198	0.4682725	NAN	
11.92	1.535	0.7545	0.1885	0.470205	NAN	
11.93	1.54	0.766	0.1715	0.472005	NAN	
11.94	1.55	0.777	0.1675	0.4737	NAN	
11.95	1.56	0.7875	0.147	0.4752725	NAN	
11.96	1.565	0.7985	0.1515	0.476765	NAN	
11.97	1.575	0.808	0.1385	0.478215	NAN	
11.98	1.58	0.8175	0.129	0.4795525	NAN	
11.99	1.59	0.826	0.1205	0.4808	NAN	
12	1.6	0.835	0.109	0.4819475	NAN	
12.01	1.605	0.8435	0.1025	0.483005	NAN	
12.02	1.615	0.851	0.0985	0.48401	NAN	
12.03	1.62	0.8585	0.0895	0.48495	NAN	
12.04	1.63	0.866	0.094	0.4858675	NAN	
12.05	1.64	0.873	0.077	0.4867225	NAN	
12.06	1.645	0.8795	0.0855	0.487535	NAN	
12.07	1.655	0.886	0.074	0.4883325	NAN	
12.08	1.66	0.8925	0.0745	0.489075	NAN	
12.09	1.67	0.8985	0.07	0.4897975	NAN	
12.1	1.68	0.9045	0.0665	0.49048	NAN	
12.11	1.685	0.9105	0.0655	0.49114	NAN	
12.12	1.695	0.9165	0.068	0.4918075	NAN	
12.13	1.7	0.9215	0.0565	0.49243	NAN	
12.14	1.71	0.9255	0.0655	0.49304	NAN	
12.15	1.72	0.9325	0.0505	0.49362	NAN	
12.16	1.725	0.9365	0.0575	0.49416	NAN	
12.17	1.735	0.9425	0.054	0.4947175	NAN	
12.18	1.74	0.9475	0.052	0.4952475	NAN	
12.19	1.75	0.952	0.0515	0.495765	NAN	
12.2	1.76	0.958	0.0455	0.49625	NAN	
12.21	1.765	0.962	0.048	0.4967175	NAN	
12.22	1.775	0.9665	0.052	0.4972175	NAN	
12.23	1.78	0.9715	0.046	0.4977075	NAN	
12.24	1.79	0.976	0.0555	0.498215	NAN	
12.25	1.8	0.9805	0.042	0.4987025	NAN	
12.26	1.805	0.9855	0.0495	0.49916	NAN	
12.27	1.815	0.9895	0.045	0.4996325	NAN	
12.28	1.82	0.9945	0.0425	0.50007	NAN	
12.29	1.83	0.9985	0.041	0.5004875	NAN	
12.3	1.84	1.0035	0.043	0.5009075	NAN	
12.31	1.845	1.0075	0.0385	0.501315	NAN	
12.32	1.855	1.012	0.0495	0.501755	NAN	
12.33	1.86	1.017	0.0365	0.502185	NAN	
12.34	1.87	1.02	0.047	0.5026025	NAN	
12.35	1.88	1.02	0.044	0.5030575	NAN	
12.36	1.885	1.02	0.042	0.5034875	NAN	
12.37	1.895	1.02	0.04	0.5038975	NAN	
12.38	1.9	1.02	0.0425	0.50431	NAN	
12.39	1.91	1.02	0.037	0.5047075	NAN	
12.4	1.92	1.02	0.0415	0.5051	NAN	
12.41	1.925	1.02	0.032	0.5054675	NAN	
12.42	1.935	1.02	0.0435	0.505845	NAN	
12.43	1.94	1.02	0.0365	0.506245	NAN	
12.44	1.95	1.02	0.0395	0.506625	NAN	
12.45	1.96	1.02	0.04	0.5070225	NAN	
12.46	1.965	1.02	0.04	0.5074225	NAN	
12.47	1.975	1.02	0.0355	0.5078	NAN	
12.48	1.98	1.02	0.0425	0.50819	NAN	
12.49	1.99	1.02	0.0335	0.50857	NAN	
12.5	2	1.02	0.042	0.5089475	NAN	
