MIN=0	-10	-1	-1	-2	0	
MAX=12.5	10	1	1	2	50	
SCALE=5	5	0.5	0.5	1	10	
DEC=2	2	3	3	2	2	
DEF="Time" t / s	"Voltage" U_1 / V	"Current" I_1 / A	"Voltage" U_B2 / V	"Magnetic Flux" &F / Vs	"Frequency" f / Hz	
0	0	-0.0005	-0.002	0	NAN	
0.01	0.005	0	0.0065	2.25E-5	NAN	
0.02	0.015	0.0005	0.012	0.000115	NAN	
0.03	0.02	0.0015	0.0125	0.0002375	NAN	
0.04	0.03	0.003	0.022	0.00041	NAN	
0.05	0.04	0.0045	0.025	0.000645	NAN	
0.06	0.045	0.0065	0.025	0.000895	NAN	
0.07	0.055	0.0085	0.037	0.001205	NAN	
0.08	0.06	0.01	0.041	0.001595	NAN	
0.09	0.07	0.0125	0.0405	0.0020025	NAN	
0.1	0.08	0.0145	0.038	0.002395	NAN	
0.11	0.085	0.017	0.049	0.00283	NAN	
0.12	0.095	0.0195	0.0535	0.0033425	NAN	
0.13	0.1	0.0215	0.0525	0.0038725	NAN	
0.14	0.11	0.024	0.0525	0.0043975	NAN	
0.15	0.12	0.0265	0.0585	0.0049525	NAN	
0.16	0.125	0.029	0.062	0.005555	NAN	
0.17	0.135	0.032	0.0655	0.0061925	NAN	
0.18	0.14	0.0345	0.0625	0.0068325	NAN	
0.19	0.15	0.037	0.076	0.007525	NAN	
0.2	0.16	0.039	0.072	0.008265	NAN	
0.21	0.165	0.0415	0.0775	0.0090125	NAN	
0.22	0.175	0.043	0.083	0.009815	NAN	
0.23	0.18	0.0455	0.089	0.010675	NAN	
0.24	0.19	0.047	0.0915	0.0115775	NAN	
0.25	0.2	0.049	0.0925	0.0124975	NAN	
0.26	0.205	0.051	0.0985	0.0134525	NAN	
0.27	0.215	0.053	0.111	0.0145	NAN	
0.28	0.22	0.055	0.1065	0.0155875	NAN	
0.29	0.23	0.057	0.107	0.016655	NAN	
0.3	0.24	0.0585	0.127	0.017825	NAN	
0.31	0.245	0.061	0.1255	0.0190875	NAN	
0.32	0.255	0.0625	0.1235	0.0203325	NAN	
0.33	0.26	0.0645	0.123	0.021565	NAN	
0.34	0.27	0.067	0.133	0.022845	NAN	
0.35	0.28	0.069	0.134	0.02418	NAN	
0.36	0.285	0.071	0.1315	0.0255075	NAN	
0.37	0.295	0.073	0.146	0.026895	NAN	
0.38	0.3	0.0745	0.1425	0.0283375	NAN	
0.39	0.31	0.077	0.162	0.02986	NAN	
0.4	0.32	0.0785	0.1485	0.0314125	NAN	
0.41	0.325	0.081	0.154	0.032925	NAN	
0.42	0.335	0.083	0.154	0.034465	NAN	
0.43	0.34	0.085	0.166	0.036065	NAN	
0.44	0.35	0.0875	0.1755	0.0377725	NAN	
0.45	0.36	0.0895	0.1735	0.0395175	NAN	
0.46	0.365	0.0915	0.1965	0.0413675	NAN	
0.47	0.375	0.0935	0.1825	0.0432625	NAN	
0.48	0.38	0.096	0.166	0.045005	NAN	
0.49	0.39	0.098	0.1825	0.0467475	NAN	
0.5	0.4	0.1005	0.176	0.04854	NAN	
0.51	0.405	0.103	0.1955	0.0503975	NAN	
0.52	0.415	0.105	0.19	0.052325	NAN	
0.53	0.42	0.107	0.1965	0.0542575	NAN	
0.54	0.43	0.1095	0.1995	0.0562375	NAN	
0.55	0.44	0.1115	0.2085	0.0582775	NAN	
0.56	0.445	0.1135	0.2105	0.0603725	NAN	
0.57	0.455	0.116	0.2125	0.0624875	NAN	
0.58	0.46	0.1175	0.2205	0.0646525	NAN	
0.59	0.47	0.12	0.224	0.066875	NAN	
0.6	0.48	0.122	0.221	0.0691	NAN	
0.61	0.485	0.1235	0.2295	0.0713525	NAN	
0.62	0.495	0.1255	0.229	0.073645	NAN	
0.63	0.5	0.1275	0.2345	0.0759625	NAN	
0.64	0.51	0.1295	0.2385	0.0783275	NAN	
0.65	0.52	0.1315	0.2455	0.0807475	NAN	
0.66	0.525	0.133	0.2435	0.0831925	NAN	
0.67	0.535	0.1345	0.25	0.08566	NAN	
0.68	0.54	0.1365	0.2565	0.0881925	NAN	
0.69	0.55	0.1385	0.264	0.090795	NAN	
0.7	0.56	0.14	0.2625	0.0934275	NAN	
0.71	0.565	0.142	0.2695	0.0960875	NAN	
0.72	0.575	0.1435	0.278	0.098825	NAN	
0.73	0.58	0.1455	0.2805	0.1016175	NAN	
0.74	0.59	0.147	0.284	0.10444	NAN	
0.75	0.6	0.1485	0.284	0.10728	NAN	
0.76	0.605	0.1505	0.2835	0.1101175	NAN	
0.77	0.615	0.1525	0.3015	0.1130425	NAN	
0.78	0.62	0.1545	0.304	0.11607	NAN	
0.79	0.63	0.1565	0.306	0.11912	NAN	
0.8	0.64	0.158	0.3035	0.1221675	NAN	
0.81	0.645	0.16	0.313	0.12525	NAN	
0.82	0.655	0.162	0.3165	0.1283975	NAN	
0.83	0.66	0.1635	0.32	0.13158	NAN	
0.84	0.67	0.166	0.319	0.134775	NAN	
0.85	0.68	0.1675	0.324	0.13799	NAN	
0.86	0.685	0.17	0.3295	0.1412575	NAN	
0.87	0.695	0.1715	0.3405	0.1446075	NAN	
0.88	0.7	0.1735	0.3355	0.1479875	NAN	
0.89	0.71	0.176	0.334	0.151335	NAN	
0.9	0.72	0.178	0.34	0.154705	NAN	
0.91	0.725	0.1805	0.349	0.15815	NAN	
0.92	0.735	0.1825	0.3485	0.1616375	NAN	
0.93	0.74	0.1845	0.352	0.16514	NAN	
0.94	0.75	0.187	0.365	0.168725	NAN	
0.95	0.76	0.1895	0.3625	0.1723625	NAN	
0.96	0.765	0.1915	0.36	0.175975	NAN	
0.97	0.775	0.194	0.371	0.17963	NAN	
0.98	0.78	0.1965	0.3675	0.1833225	NAN	
0.99	0.79	0.199	0.3775	0.1870475	NAN	
1	0.8	0.2015	0.3735	0.1908025	NAN	
1.01	0.805	0.2045	0.3945	0.1946425	NAN	
1.02	0.815	0.207	0.381	0.19852	NAN	
1.03	0.82	0.21	0.386	0.202355	NAN	
1.04	0.83	0.2125	0.376	0.206165	NAN	
1.05	0.84	0.2155	0.391	0.21	NAN	
1.06	0.845	0.2185	0.3895	0.2139025	NAN	
1.07	0.855	0.2215	0.4035	0.2178675	NAN	
1.08	0.86	0.2245	0.393	0.22185	NAN	
1.09	0.87	0.228	0.399	0.22581	NAN	
1.1	0.88	0.231	0.397	0.22979	NAN	
1.11	0.885	0.2345	0.4055	0.2338025	NAN	
1.12	0.895	0.2375	0.399	0.237825	NAN	
1.13	0.9	0.241	0.4005	0.2418225	NAN	
1.14	0.91	0.245	0.3965	0.2458075	NAN	
1.15	0.92	0.2485	0.397	0.249775	NAN	
1.16	0.925	0.252	0.398	0.25375	NAN	
1.17	0.935	0.256	0.407	0.257775	NAN	
1.18	0.94	0.26	0.401	0.261815	NAN	
1.19	0.95	0.264	0.4035	0.2658375	NAN	
1.2	0.96	0.268	0.3935	0.2698225	NAN	
1.21	0.965	0.272	0.3995	0.2737875	NAN	
1.22	0.975	0.2765	0.3985	0.2777775	NAN	
1.23	0.98	0.2805	0.397	0.281755	NAN	
1.24	0.99	0.285	0.392	0.2857	NAN	
1.25	1	0.2895	0.3895	0.2896075	NAN	
1.26	1.005	0.294	0.388	0.293495	NAN	
1.27	1.015	0.2985	0.3925	0.2973975	NAN	
1.28	1.02	0.3035	0.385	0.301285	NAN	
1.29	1.03	0.308	0.3785	0.3051025	NAN	
1.3	1.04	0.313	0.378	0.308885	NAN	
1.31	1.045	0.318	0.38	0.312675	NAN	
1.32	1.055	0.323	0.379	0.31647	NAN	
1.33	1.06	0.3285	0.374	0.320235	NAN	
1.34	1.07	0.3335	0.3675	0.3239425	NAN	
1.35	1.08	0.3385	0.366	0.32761	NAN	
1.36	1.085	0.344	0.3565	0.3312225	NAN	
1.37	1.095	0.35	0.3575	0.3347925	NAN	
1.38	1.1	0.3555	0.353	0.338345	NAN	
1.39	1.11	0.361	0.351	0.341865	NAN	
1.4	1.12	0.367	0.3375	0.3453075	NAN	
1.41	1.125	0.3725	0.337	0.34868	NAN	
1.42	1.135	0.3785	0.3365	0.3520475	NAN	
1.43	1.14	0.3845	0.329	0.355375	NAN	
1.44	1.15	0.3905	0.3275	0.3586575	NAN	
1.45	1.16	0.3965	0.3175	0.3618825	NAN	
1.46	1.165	0.403	0.3185	0.3650625	NAN	
1.47	1.175	0.4095	0.326	0.368285	NAN	
1.48	1.18	0.416	0.312	0.371475	NAN	
1.49	1.19	0.4225	0.3025	0.3745475	NAN	
1.5	1.2	0.429	0.289	0.377505	NAN	
1.51	1.205	0.436	0.2935	0.3804175	NAN	
1.52	1.215	0.4425	0.295	0.38336	NAN	
1.53	1.22	0.4495	0.271	0.38619	NAN	
1.54	1.23	0.456	0.2765	0.3889275	NAN	
1.55	1.24	0.4635	0.2685	0.3916525	NAN	
1.56	1.245	0.4705	0.2705	0.3943475	NAN	
1.57	1.255	0.478	0.2715	0.3970575	NAN	
1.58	1.26	0.485	0.262	0.399725	NAN	
1.59	1.27	0.4925	0.266	0.402365	NAN	
1.6	1.28	0.5005	0.261	0.405	NAN	
1.61	1.285	0.508	0.269	0.40765	NAN	
1.62	1.295	0.5165	0.26	0.410295	NAN	
1.63	1.3	0.525	0.252	0.412855	NAN	
1.64	1.31	0.5335	0.2535	0.4153825	NAN	
1.65	1.32	0.542	0.241	0.417855	NAN	
1.66	1.325	0.55	0.2415	0.4202675	NAN	
1.67	1.335	0.5585	0.23	0.422625	NAN	
1.68	1.34	0.567	0.226	0.424905	NAN	
1.69	1.35	0.576	0.22	0.427135	NAN	
1.7	1.36	0.584	0.215	0.42931	NAN	
1.71	1.365	0.5925	0.204	0.431405	NAN	
1.72	1.375	0.601	0.201	0.43343	NAN	
1.73	1.38	0.6095	0.1895	0.4353825	NAN	
1.74	1.39	0.6175	0.194	0.4373	NAN	
1.75	1.4	0.626	0.177	0.439155	NAN	
1.76	1.405	0.634	0.1735	0.4409075	NAN	
1.77	1.415	0.642	0.1645	0.4425975	NAN	
1.78	1.42	0.65	0.1625	0.4442325	NAN	
1.79	1.43	0.657	0.1465	0.4457775	NAN	
1.8	1.44	0.664	0.14	0.44721	NAN	
1.81	1.445	0.6715	0.13	0.44856	NAN	
1.82	1.455	0.6785	0.1365	0.4498925	NAN	
1.83	1.46	0.685	0.127	0.45121	NAN	
1.84	1.47	0.692	0.1285	0.4524875	NAN	
1.85	1.48	0.699	0.1175	0.4537175	NAN	
1.86	1.485	0.7055	0.1255	0.4549325	NAN	
1.87	1.495	0.712	0.1155	0.4561375	NAN	
1.88	1.5	0.719	0.1155	0.4572925	NAN	
1.89	1.51	0.726	0.113	0.458435	NAN	
1.9	1.52	0.7325	0.118	0.45959	NAN	
1.91	1.525	0.7395	0.1085	0.4607225	NAN	
1.92	1.535	0.746	0.107	0.4618	NAN	
1.93	1.54	0.7525	0.1005	0.4628375	NAN	
1.94	1.55	0.759	0.107	0.463875	NAN	
1.95	1.56	0.7655	0.0965	0.4648925	NAN	
1.96	1.565	0.772	0.0985	0.4658675	NAN	
1.97	1.575	0.7785	0.0945	0.4668325	NAN	
1.98	1.58	0.7845	0.096	0.467785	NAN	
1.99	1.59	0.7905	0.085	0.46869	NAN	
2	1.6	0.7965	0.081	0.46952	NAN	
2.01	1.605	0.8015	0.079	0.47032	NAN	
2.02	1.615	0.807	0.089	0.47116	NAN	
2.03	1.62	0.8135	0.0765	0.4719875	NAN	
2.04	1.63	0.819	0.0845	0.4727925	NAN	
2.05	1.64	0.825	0.0785	0.4736075	NAN	
2.06	1.645	0.8335	0.084	0.47442	NAN	
2.07	1.655	0.837	0.075	0.475215	NAN	
2.08	1.66	0.843	0.0765	0.4759725	NAN	
2.09	1.67	0.8485	0.077	0.47674	NAN	
2.1	1.68	0.854	0.075	0.4775	NAN	
2.11	1.685	0.8595	0.0665	0.4782075	NAN	
2.12	1.695	0.8645	0.075	0.478915	NAN	
2.13	1.7	0.871	0.0695	0.4796375	NAN	
2.14	1.71	0.875	0.0725	0.4803475	NAN	
2.15	1.72	0.882	0.063	0.481025	NAN	
2.16	1.725	0.8875	0.07	0.48169	NAN	
2.17	1.735	0.893	0.068	0.48238	NAN	
2.18	1.74	0.8985	0.0675	0.4830575	NAN	
2.19	1.75	0.9045	0.065	0.48372	NAN	
2.2	1.76	0.9105	0.071	0.4844	NAN	
2.21	1.765	0.9155	0.0645	0.4850775	NAN	
2.22	1.775	0.922	0.069	0.485745	NAN	
2.23	1.78	0.9275	0.0625	0.4864025	NAN	
2.24	1.79	0.9335	0.0695	0.4870625	NAN	
2.25	1.8	0.9385	0.0575	0.4876975	NAN	
2.26	1.805	0.944	0.0615	0.4882925	NAN	
2.27	1.815	0.9495	0.0625	0.4889125	NAN	
2.28	1.82	0.9545	0.062	0.489535	NAN	
2.29	1.83	0.96	0.053	0.49011	NAN	
2.3	1.84	0.966	0.0565	0.4906575	NAN	
2.31	1.845	0.971	0.0565	0.4912225	NAN	
2.32	1.855	0.976	0.0595	0.4918025	NAN	
2.33	1.86	0.9815	0.048	0.49234	NAN	
2.34	1.87	0.985	0.057	0.492865	NAN	
2.35	1.88	0.9915	0.053	0.493415	NAN	
2.36	1.885	0.9965	0.0545	0.4939525	NAN	
2.37	1.895	1.0015	0.048	0.494465	NAN	
2.38	1.9	1.0065	0.053	0.49497	NAN	
2.39	1.91	1.012	0.0525	0.4954975	NAN	
2.4	1.92	1.017	0.0485	0.4960025	NAN	
2.41	1.925	1.02	0.0455	0.4964725	NAN	
2.42	1.935	1.02	0.0555	0.4969775	NAN	
2.43	1.94	1.02	0.0495	0.4975025	NAN	
2.44	1.95	1.02	0.049	0.497995	NAN	
2.45	1.96	1.02	0.0495	0.4984875	NAN	
2.46	1.965	1.02	0.054	0.499005	NAN	
2.47	1.975	1.02	0.0485	0.4995175	NAN	
2.48	1.98	1.02	0.046	0.49999	NAN	
2.49	1.99	1.02	0.048	0.50046	NAN	
2.5	2	1.02	0.069	0.501045	NAN	
2.51	1.995	1.02	0.0355	0.5015675	NAN	
2.52	1.985	1.02	0.0265	0.5018775	NAN	
2.53	1.98	1.02	0.0135	0.5020775	NAN	
2.54	1.97	1.02	0.0125	0.5022075	NAN	
2.55	1.96	1.02	0.001	0.502275	NAN	
2.56	1.955	1.02	0.001	0.502285	NAN	
2.57	1.945	1.02	-0.0065	0.5022575	NAN	
2.58	1.94	1.02	-0.007	0.50219	NAN	
2.59	1.93	1.02	-0.013	0.50209	NAN	
2.6	1.92	1.02	-0.008	0.501985	NAN	
2.61	1.915	1.02	-0.0075	0.5019075	NAN	
2.62	1.905	1.02	-0.0045	0.5018475	NAN	
2.63	1.9	1.02	-0.012	0.501765	NAN	
2.64	1.89	1.02	-0.0125	0.5016425	NAN	
2.65	1.88	1.02	-0.0125	0.5015175	NAN	
2.66	1.875	1.02	-0.004	0.501435	NAN	
2.67	1.865	1.02	-0.015	0.50134	NAN	
2.68	1.86	1.02	-0.01	0.501215	NAN	
2.69	1.85	1.02	-0.0115	0.5011075	NAN	
2.7	1.84	1.02	-0.007	0.501015	NAN	
2.71	1.835	1.02	-0.0145	0.5009075	NAN	
2.72	1.825	1.02	-0.015	0.50076	NAN	
2.73	1.82	1.02	-0.015	0.50061	NAN	
2.74	1.81	1.018	-0.01	0.500485	NAN	
2.75	1.8	1.0145	-0.0115	0.5003775	NAN	
2.76	1.795	1.01	-0.013	0.500255	NAN	
2.77	1.785	1.006	-0.0185	0.5000975	NAN	
2.78	1.78	1.002	-0.01	0.499955	NAN	
2.79	1.77	0.998	-0.014	0.499835	NAN	
2.8	1.76	0.994	-0.0135	0.4996975	NAN	
2.81	1.755	0.99	-0.019	0.499535	NAN	
2.82	1.745	0.986	-0.0135	0.4993725	NAN	
2.83	1.74	0.982	-0.009	0.49926	NAN	
2.84	1.73	0.9775	-0.008	0.499175	NAN	
2.85	1.72	0.974	-0.0155	0.4990575	NAN	
2.86	1.715	0.9695	-0.015	0.498905	NAN	
2.87	1.705	0.9655	-0.0165	0.4987475	NAN	
2.88	1.7	0.9615	-0.0115	0.4986075	NAN	
2.89	1.69	0.9575	-0.022	0.49844	NAN	
2.9	1.68	0.9535	-0.019	0.498235	NAN	
2.91	1.675	0.9495	-0.0185	0.4980475	NAN	
2.92	1.665	0.945	-0.015	0.49788	NAN	
2.93	1.66	0.941	-0.0175	0.4977175	NAN	
2.94	1.65	0.937	-0.0185	0.4975375	NAN	
2.95	1.64	0.933	-0.018	0.497355	NAN	
2.96	1.635	0.9285	-0.014	0.497195	NAN	
2.97	1.625	0.9245	-0.0195	0.4970275	NAN	
2.98	1.62	0.92	-0.0195	0.4968325	NAN	
2.99	1.61	0.916	-0.02	0.496635	NAN	
3	1.6	0.9115	-0.0125	0.4964725	NAN	
3.01	1.595	0.908	-0.0155	0.4963325	NAN	
3.02	1.585	0.904	-0.017	0.49617	NAN	
3.03	1.58	0.8995	-0.021	0.49598	NAN	
3.04	1.57	0.8955	-0.018	0.495785	NAN	
3.05	1.56	0.8915	-0.015	0.49562	NAN	
3.06	1.555	0.887	-0.018	0.495455	NAN	
3.07	1.545	0.883	-0.0265	0.4952325	NAN	
3.08	1.54	0.8785	-0.0165	0.4950175	NAN	
3.09	1.53	0.8745	-0.007	0.4949	NAN	
3.1	1.52	0.87	-0.0155	0.4947875	NAN	
3.11	1.515	0.866	-0.0255	0.4945825	NAN	
3.12	1.505	0.8615	-0.023	0.49434	NAN	
3.13	1.5	0.857	-0.0185	0.4941325	NAN	
3.14	1.49	0.8525	-0.0175	0.4939525	NAN	
3.15	1.48	0.8485	-0.0225	0.4937525	NAN	
3.16	1.475	0.844	-0.021	0.493535	NAN	
3.17	1.465	0.84	-0.0225	0.4933175	NAN	
3.18	1.46	0.8355	-0.014	0.493135	NAN	
3.19	1.45	0.8315	-0.0205	0.4929625	NAN	
3.2	1.44	0.827	-0.0225	0.4927475	NAN	
3.21	1.435	0.8225	-0.024	0.492515	NAN	
3.22	1.425	0.818	-0.0215	0.4922875	NAN	
3.23	1.42	0.814	-0.0205	0.4920775	NAN	
3.24	1.41	0.8095	-0.0225	0.4918625	NAN	
3.25	1.4	0.805	-0.0205	0.4916475	NAN	
3.26	1.395	0.801	-0.0215	0.4914375	NAN	
3.27	1.385	0.797	-0.02	0.49123	NAN	
3.28	1.38	0.792	-0.0165	0.4910475	NAN	
3.29	1.37	0.788	-0.0295	0.4908175	NAN	
3.3	1.36	0.7835	-0.0195	0.4905725	NAN	
3.31	1.355	0.7795	-0.025	0.49035	NAN	
3.32	1.345	0.7755	-0.023	0.49011	NAN	
3.33	1.34	0.771	-0.0275	0.4898575	NAN	
3.34	1.33	0.7665	-0.022	0.48961	NAN	
3.35	1.32	0.762	-0.0195	0.4894025	NAN	
3.36	1.315	0.7585	-0.0195	0.4892075	NAN	
3.37	1.305	0.7535	-0.0295	0.4889625	NAN	
3.38	1.3	0.7485	-0.023	0.4887	NAN	
3.39	1.29	0.745	-0.0255	0.4884575	NAN	
3.4	1.28	0.74	-0.0195	0.4882325	NAN	
3.41	1.275	0.736	-0.0285	0.4879925	NAN	
3.42	1.265	0.7315	-0.0265	0.4877175	NAN	
3.43	1.26	0.7275	-0.0245	0.4874625	NAN	
3.44	1.25	0.7235	-0.0215	0.4872325	NAN	
3.45	1.24	0.719	-0.028	0.486985	NAN	
3.46	1.235	0.715	-0.0255	0.4867175	NAN	
3.47	1.225	0.7105	-0.029	0.486445	NAN	
3.48	1.22	0.7065	-0.019	0.486205	NAN	
3.49	1.21	0.7025	-0.028	0.48597	NAN	
3.5	1.2	0.698	-0.023	0.485715	NAN	
3.51	1.195	0.694	-0.028	0.48546	NAN	
3.52	1.185	0.6895	-0.025	0.485195	NAN	
3.53	1.18	0.685	-0.0245	0.4849475	NAN	
3.54	1.17	0.681	-0.0275	0.4846875	NAN	
3.55	1.16	0.6765	-0.0325	0.4843875	NAN	
3.56	1.155	0.6725	-0.024	0.484105	NAN	
3.57	1.145	0.668	-0.022	0.483875	NAN	
3.58	1.14	0.664	-0.028	0.483625	NAN	
3.59	1.13	0.6595	-0.033	0.48332	NAN	
3.6	1.12	0.6555	-0.0275	0.4830175	NAN	
3.61	1.115	0.651	-0.024	0.48276	NAN	
3.62	1.105	0.647	-0.0295	0.4824925	NAN	
3.63	1.1	0.6425	-0.0325	0.4821825	NAN	
3.64	1.09	0.6385	-0.028	0.48188	NAN	
3.65	1.08	0.634	-0.027	0.481605	NAN	
3.66	1.075	0.63	-0.03	0.48132	NAN	
3.67	1.065	0.6255	-0.035	0.480995	NAN	
3.68	1.06	0.621	-0.0285	0.4806775	NAN	
3.69	1.05	0.617	-0.03	0.480385	NAN	
3.7	1.04	0.613	-0.027	0.4801	NAN	
3.71	1.035	0.6085	-0.0345	0.4797925	NAN	
3.72	1.025	0.6045	-0.033	0.479455	NAN	
3.73	1.02	0.5995	-0.03	0.47914	NAN	
3.74	1.01	0.5955	-0.0285	0.4788475	NAN	
3.75	1	0.5915	-0.0335	0.4785375	NAN	
3.76	0.995	0.587	-0.0335	0.4782025	NAN	
3.77	0.985	0.583	-0.0345	0.4778625	NAN	
3.78	0.98	0.5785	-0.028	0.47755	NAN	
3.79	0.97	0.574	-0.0365	0.4772275	NAN	
3.8	0.96	0.57	-0.0335	0.4768775	NAN	
3.81	0.955	0.566	-0.0345	0.4765375	NAN	
3.82	0.945	0.5615	-0.03	0.476215	NAN	
3.83	0.94	0.5575	-0.0355	0.4758875	NAN	
3.84	0.93	0.553	-0.037	0.475525	NAN	
3.85	0.92	0.549	-0.036	0.47516	NAN	
3.86	0.915	0.5445	-0.032	0.47482	NAN	
3.87	0.905	0.54	-0.039	0.474465	NAN	
3.88	0.9	0.536	-0.036	0.47409	NAN	
3.89	0.89	0.5315	-0.042	0.4737	NAN	
3.9	0.88	0.527	-0.033	0.473325	NAN	
3.91	0.875	0.523	-0.0375	0.4729725	NAN	
3.92	0.865	0.5185	-0.0395	0.4725875	NAN	
3.93	0.86	0.514	-0.042	0.47218	NAN	
3.94	0.85	0.51	-0.036	0.47179	NAN	
3.95	0.84	0.5055	-0.037	0.471425	NAN	
3.96	0.835	0.501	-0.0385	0.4710475	NAN	
3.97	0.825	0.4965	-0.0465	0.4706225	NAN	
3.98	0.82	0.492	-0.038	0.4702	NAN	
3.99	0.81	0.488	-0.04	0.46981	NAN	
4	0.8	0.4835	-0.038	0.46942	NAN	
4.01	0.795	0.4795	-0.0465	0.4689975	NAN	
4.02	0.785	0.4745	-0.045	0.46854	NAN	
4.03	0.78	0.4705	-0.042	0.468105	NAN	
4.04	0.77	0.466	-0.0415	0.4676875	NAN	
4.05	0.76	0.462	-0.046	0.46725	NAN	
4.06	0.755	0.4575	-0.045	0.466795	NAN	
4.07	0.745	0.453	-0.046	0.46634	NAN	
4.08	0.74	0.449	-0.041	0.465905	NAN	
4.09	0.73	0.445	-0.0495	0.4654525	NAN	
4.1	0.72	0.4405	-0.0465	0.4649725	NAN	
4.11	0.715	0.436	-0.047	0.464505	NAN	
4.12	0.705	0.4315	-0.0445	0.4640475	NAN	
4.13	0.7	0.4275	-0.0505	0.4635725	NAN	
4.14	0.69	0.423	-0.0515	0.4630625	NAN	
4.15	0.68	0.419	-0.048	0.462565	NAN	
4.16	0.675	0.4145	-0.045	0.4621	NAN	
4.17	0.665	0.4105	-0.0545	0.4616025	NAN	
4.18	0.66	0.406	-0.052	0.46107	NAN	
4.19	0.65	0.402	-0.055	0.460535	NAN	
4.2	0.64	0.3975	-0.046	0.46003	NAN	
4.21	0.635	0.393	-0.055	0.459525	NAN	
4.22	0.625	0.389	-0.055	0.458975	NAN	
4.23	0.62	0.3845	-0.0545	0.4584275	NAN	
4.24	0.61	0.3805	-0.0505	0.4579025	NAN	
4.25	0.6	0.3765	-0.053	0.457385	NAN	
4.26	0.595	0.372	-0.056	0.45684	NAN	
4.27	0.585	0.368	-0.0615	0.4562525	NAN	
4.28	0.58	0.364	-0.051	0.45569	NAN	
4.29	0.57	0.36	-0.058	0.455145	NAN	
4.3	0.56	0.356	-0.0565	0.4545725	NAN	
4.31	0.555	0.3515	-0.061	0.453985	NAN	
4.32	0.545	0.3475	-0.0565	0.4533975	NAN	
4.33	0.54	0.3435	-0.059	0.45282	NAN	
4.34	0.53	0.3395	-0.0625	0.4522125	NAN	
4.35	0.52	0.3355	-0.0635	0.4515825	NAN	
4.36	0.515	0.331	-0.0585	0.4509725	NAN	
4.37	0.505	0.327	-0.0645	0.4503575	NAN	
4.38	0.5	0.323	-0.0645	0.4497125	NAN	
4.39	0.49	0.319	-0.0685	0.4490475	NAN	
4.4	0.48	0.315	-0.06	0.448405	NAN	
4.41	0.475	0.311	-0.0645	0.4477825	NAN	
4.42	0.465	0.307	-0.0685	0.4471175	NAN	
4.43	0.46	0.303	-0.071	0.44642	NAN	
4.44	0.45	0.2985	-0.066	0.445735	NAN	
4.45	0.44	0.295	-0.066	0.445075	NAN	
4.46	0.435	0.291	-0.0675	0.4444075	NAN	
4.47	0.425	0.2865	-0.0775	0.4436825	NAN	
4.48	0.42	0.283	-0.069	0.44295	NAN	
4.49	0.41	0.279	-0.072	0.442245	NAN	
4.5	0.4	0.275	-0.0695	0.4415375	NAN	
4.51	0.395	0.271	-0.0795	0.4407925	NAN	
4.52	0.385	0.267	-0.0775	0.4400075	NAN	
4.53	0.38	0.263	-0.0765	0.4392375	NAN	
4.54	0.37	0.259	-0.076	0.438475	NAN	
4.55	0.36	0.255	-0.0795	0.4376975	NAN	
4.56	0.355	0.251	-0.0805	0.4368975	NAN	
4.57	0.345	0.247	-0.0835	0.4360775	NAN	
4.58	0.34	0.2435	-0.0785	0.4352675	NAN	
4.59	0.33	0.2395	-0.088	0.434435	NAN	
4.6	0.32	0.235	-0.084	0.433575	NAN	
4.61	0.315	0.2315	-0.085	0.43273	NAN	
4.62	0.305	0.2275	-0.085	0.43188	NAN	
4.63	0.3	0.224	-0.0885	0.4310125	NAN	
4.64	0.29	0.22	-0.092	0.43011	NAN	
4.65	0.28	0.216	-0.09	0.4292	NAN	
4.66	0.275	0.2125	-0.087	0.428315	NAN	
4.67	0.265	0.2085	-0.0965	0.4273975	NAN	
4.68	0.26	0.2045	-0.096	0.426435	NAN	
4.69	0.25	0.201	-0.0985	0.4254625	NAN	
4.7	0.24	0.197	-0.093	0.424505	NAN	
4.71	0.235	0.193	-0.1	0.42354	NAN	
4.72	0.225	0.1895	-0.1045	0.4225175	NAN	
4.73	0.22	0.1855	-0.1045	0.4214725	NAN	
4.74	0.21	0.182	-0.101	0.420445	NAN	
4.75	0.2	0.1785	-0.1045	0.4194175	NAN	
4.76	0.195	0.1745	-0.109	0.41835	NAN	
4.77	0.185	0.1705	-0.1135	0.4172375	NAN	
4.78	0.18	0.167	-0.1075	0.4161325	NAN	
4.79	0.17	0.163	-0.1135	0.4150275	NAN	
4.8	0.16	0.1595	-0.1115	0.4139025	NAN	
4.81	0.155	0.156	-0.117	0.41276	NAN	
4.82	0.145	0.152	-0.1135	0.4116075	NAN	
4.83	0.14	0.149	-0.1205	0.4104375	NAN	
4.84	0.13	0.1455	-0.122	0.409225	NAN	
4.85	0.12	0.1415	-0.124	0.407995	NAN	
4.86	0.115	0.138	-0.1215	0.4067675	NAN	
4.87	0.105	0.1345	-0.127	0.405525	NAN	
4.88	0.1	0.1305	-0.1275	0.4042525	NAN	
4.89	0.09	0.1275	-0.1335	0.4029475	NAN	
4.9	0.08	0.1235	-0.128	0.40164	NAN	
4.91	0.075	0.12	-0.135	0.400325	NAN	
4.92	0.065	0.1165	-0.1375	0.3989625	NAN	
4.93	0.06	0.113	-0.1385	0.3975825	NAN	
4.94	0.05	0.1095	-0.14	0.39619	NAN	
4.95	0.04	0.1065	-0.139	0.394795	NAN	
4.96	0.035	0.1025	-0.144	0.39338	NAN	
4.97	0.025	0.099	-0.1525	0.3918975	NAN	
4.98	0.02	0.096	-0.147	0.3904	NAN	
4.99	0.01	0.0925	-0.1525	0.3889025	NAN	
5	0	0.089	-0.148	0.3874	NAN	
5.01	-0.005	0.086	-0.1425	0.3859475	NAN	
5.02	-0.015	0.0825	-0.1585	0.3844425	NAN	
5.03	-0.02	0.079	-0.1555	0.3828725	NAN	
5.04	-0.03	0.076	-0.16	0.381295	NAN	
5.05	-0.04	0.0725	-0.162	0.379685	NAN	
5.06	-0.045	0.0695	-0.157	0.37809	NAN	
5.07	-0.055	0.066	-0.1715	0.3764475	NAN	
5.08	-0.06	0.063	-0.167	0.374755	NAN	
5.09	-0.07	0.0595	-0.177	0.373035	NAN	
5.1	-0.08	0.0565	-0.1765	0.3712675	NAN	
5.11	-0.085	0.0535	-0.1805	0.3694825	NAN	
5.12	-0.095	0.0505	-0.182	0.36767	NAN	
5.13	-0.1	0.047	-0.1865	0.3658275	NAN	
5.14	-0.11	0.044	-0.1895	0.3639475	NAN	
5.15	-0.12	0.041	-0.189	0.362055	NAN	
5.16	-0.125	0.038	-0.1885	0.3601675	NAN	
5.17	-0.135	0.035	-0.1975	0.3582375	NAN	
5.18	-0.14	0.032	-0.197	0.356265	NAN	
5.19	-0.15	0.029	-0.203	0.354265	NAN	
5.2	-0.16	0.026	-0.197	0.352265	NAN	
5.21	-0.165	0.0225	-0.2075	0.3502425	NAN	
5.22	-0.175	0.02	-0.211	0.34815	NAN	
5.23	-0.18	0.0165	-0.215	0.34602	NAN	
5.24	-0.19	0.014	-0.2125	0.3438825	NAN	
5.25	-0.2	0.011	-0.2165	0.3417375	NAN	
5.26	-0.205	0.0085	-0.222	0.339545	NAN	
5.27	-0.215	0.0055	-0.2295	0.3372875	NAN	
5.28	-0.22	0.0025	-0.2235	0.3350225	NAN	
5.29	-0.23	0	-0.2315	0.3327475	NAN	
5.3	-0.24	-0.003	-0.231	0.330435	NAN	
5.31	-0.245	-0.006	-0.2415	0.3280725	NAN	
5.32	-0.255	-0.009	-0.2405	0.3256625	NAN	
5.33	-0.26	-0.0115	-0.2425	0.3232475	NAN	
5.34	-0.27	-0.0135	-0.2475	0.3207975	NAN	
5.35	-0.28	-0.0165	-0.2535	0.3182925	NAN	
5.36	-0.285	-0.0195	-0.252	0.315765	NAN	
5.37	-0.295	-0.022	-0.2605	0.3132025	NAN	
5.38	-0.3	-0.025	-0.2595	0.3106025	NAN	
5.39	-0.31	-0.027	-0.272	0.307945	NAN	
5.4	-0.32	-0.0295	-0.2675	0.3052475	NAN	
5.41	-0.325	-0.032	-0.2715	0.3025525	NAN	
5.42	-0.335	-0.0345	-0.273	0.29983	NAN	
5.43	-0.34	-0.0375	-0.281	0.29706	NAN	
5.44	-0.35	-0.039	-0.2845	0.2942325	NAN	
5.45	-0.36	-0.042	-0.287	0.291375	NAN	
5.46	-0.365	-0.044	-0.286	0.28851	NAN	
5.47	-0.375	-0.0465	-0.298	0.28559	NAN	
5.48	-0.38	-0.0495	-0.2975	0.2826125	NAN	
5.49	-0.39	-0.0515	-0.308	0.279585	NAN	
5.5	-0.4	-0.0535	-0.301	0.27654	NAN	
5.51	-0.405	-0.056	-0.3115	0.2734775	NAN	
5.52	-0.415	-0.0585	-0.3155	0.2703425	NAN	
5.53	-0.42	-0.0605	-0.3225	0.2671525	NAN	
5.54	-0.43	-0.0635	-0.322	0.26393	NAN	
5.55	-0.44	-0.065	-0.324	0.2607	NAN	
5.56	-0.445	-0.0675	-0.3295	0.2574325	NAN	
5.57	-0.455	-0.0695	-0.3415	0.2540775	NAN	
5.58	-0.46	-0.0715	-0.3395	0.2506725	NAN	
5.59	-0.47	-0.0735	-0.3455	0.2472475	NAN	
5.6	-0.48	-0.0755	-0.343	0.243805	NAN	
5.61	-0.485	-0.078	-0.356	0.24031	NAN	
5.62	-0.495	-0.08	-0.361	0.236725	NAN	
5.63	-0.5	-0.0815	-0.3625	0.2331075	NAN	
5.64	-0.51	-0.0835	-0.3635	0.2294775	NAN	
5.65	-0.52	-0.0855	-0.369	0.225815	NAN	
5.66	-0.525	-0.0875	-0.376	0.22209	NAN	
5.67	-0.535	-0.0895	-0.3855	0.2182825	NAN	
5.68	-0.54	-0.091	-0.382	0.214445	NAN	
5.69	-0.55	-0.093	-0.39	0.210585	NAN	
5.7	-0.56	-0.0945	-0.392	0.206675	NAN	
5.71	-0.565	-0.0965	-0.4045	0.2026925	NAN	
5.72	-0.575	-0.0985	-0.408	0.19863	NAN	
5.73	-0.58	-0.0995	-0.409	0.194545	NAN	
5.74	-0.59	-0.1015	-0.413	0.190435	NAN	
5.75	-0.6	-0.103	-0.42	0.18627	NAN	
5.76	-0.605	-0.105	-0.4265	0.1820375	NAN	
5.77	-0.615	-0.1065	-0.4345	0.1777325	NAN	
5.78	-0.62	-0.108	-0.4325	0.1733975	NAN	
5.79	-0.63	-0.1095	-0.443	0.16902	NAN	
5.8	-0.64	-0.111	-0.4465	0.1645725	NAN	
5.81	-0.645	-0.1125	-0.4535	0.1600725	NAN	
5.82	-0.655	-0.1135	-0.4585	0.1555125	NAN	
5.83	-0.66	-0.1155	-0.459	0.150925	NAN	
5.84	-0.67	-0.117	-0.4685	0.1462875	NAN	
5.85	-0.68	-0.118	-0.474	0.141575	NAN	
5.86	-0.685	-0.119	-0.48	0.136805	NAN	
5.87	-0.695	-0.121	-0.4845	0.1319825	NAN	
5.88	-0.7	-0.123	-0.4875	0.1271225	NAN	
5.89	-0.71	-0.124	-0.4955	0.1222075	NAN	
5.9	-0.72	-0.125	-0.503	0.117215	NAN	
5.91	-0.725	-0.1265	-0.506	0.11217	NAN	
5.92	-0.735	-0.128	-0.5115	0.1070825	NAN	
5.93	-0.74	-0.1295	-0.515	0.10195	NAN	
5.94	-0.75	-0.1305	-0.525	0.09675	NAN	
5.95	-0.76	-0.1325	-0.5285	0.0914825	NAN	
5.96	-0.765	-0.1335	-0.535	0.086165	NAN	
5.97	-0.775	-0.1355	-0.5375	0.0808025	NAN	
5.98	-0.78	-0.137	-0.5415	0.0754075	NAN	
5.99	-0.79	-0.1385	-0.549	0.069955	NAN	
6	-0.8	-0.1405	-0.557	0.064425	NAN	
6.01	-0.805	-0.142	-0.5595	0.0588425	NAN	
6.02	-0.815	-0.144	-0.5685	0.0532025	NAN	
6.03	-0.82	-0.145	-0.564	0.04754	NAN	
6.04	-0.83	-0.1465	-0.577	0.041835	NAN	
6.05	-0.84	-0.1485	-0.5775	0.0360625	NAN	
6.06	-0.845	-0.15	-0.5885	0.0302325	NAN	
6.07	-0.855	-0.1515	-0.5905	0.0243375	NAN	
6.08	-0.86	-0.1535	-0.594	0.018415	NAN	
6.09	-0.87	-0.155	-0.596	0.012465	NAN	
6.1	-0.88	-0.157	-0.605	0.00646	NAN	
6.11	-0.885	-0.159	-0.608	0.000395	NAN	
6.12	-0.895	-0.161	-0.6175	-0.0057325	NAN	
6.13	-0.9	-0.1625	-0.6125	-0.0118825	NAN	
6.14	-0.91	-0.1655	-0.623	-0.01806	NAN	
6.15	-0.92	-0.167	-0.622	-0.024285	NAN	
6.16	-0.925	-0.17	-0.636	-0.030575	NAN	
6.17	-0.935	-0.1715	-0.637	-0.03694	NAN	
6.18	-0.94	-0.1735	-0.64	-0.043325	NAN	
6.19	-0.95	-0.176	-0.637	-0.04971	NAN	
6.2	-0.96	-0.1785	-0.6435	-0.0561125	NAN	
6.21	-0.965	-0.181	-0.646	-0.06256	NAN	
6.22	-0.975	-0.1835	-0.6565	-0.0690725	NAN	
6.23	-0.98	-0.1865	-0.653	-0.07562	NAN	
6.24	-0.99	-0.1885	-0.659	-0.08218	NAN	
6.25	-1	-0.192	-0.65	-0.088725	NAN	
6.26	-1.005	-0.1945	-0.665	-0.0953	NAN	
6.27	-1.015	-0.1975	-0.666	-0.101955	NAN	
6.28	-1.02	-0.2	-0.673	-0.10865	NAN	
6.29	-1.03	-0.204	-0.671	-0.11537	NAN	
6.3	-1.04	-0.2075	-0.672	-0.122085	NAN	
6.31	-1.045	-0.2105	-0.6695	-0.1287925	NAN	
6.32	-1.055	-0.214	-0.68	-0.13554	NAN	
6.33	-1.06	-0.2175	-0.6755	-0.1423175	NAN	
6.34	-1.07	-0.2215	-0.6845	-0.1491175	NAN	
6.35	-1.08	-0.225	-0.674	-0.15591	NAN	
6.36	-1.085	-0.2285	-0.6815	-0.1626875	NAN	
6.37	-1.095	-0.233	-0.678	-0.169485	NAN	
6.38	-1.1	-0.238	-0.683	-0.17629	NAN	
6.39	-1.11	-0.241	-0.6815	-0.1831125	NAN	
6.4	-1.12	-0.2455	-0.6835	-0.1899375	NAN	
6.41	-1.125	-0.25	-0.68	-0.196755	NAN	
6.42	-1.135	-0.254	-0.683	-0.20357	NAN	
6.43	-1.14	-0.2595	-0.6765	-0.2103675	NAN	
6.44	-1.15	-0.2645	-0.685	-0.217175	NAN	
6.45	-1.16	-0.2695	-0.677	-0.223985	NAN	
6.46	-1.165	-0.2755	-0.6815	-0.2307775	NAN	
6.47	-1.175	-0.28	-0.6735	-0.2375525	NAN	
6.48	-1.18	-0.2855	-0.6725	-0.2442825	NAN	
6.49	-1.19	-0.291	-0.668	-0.250985	NAN	
6.5	-1.2	-0.297	-0.669	-0.25767	NAN	
6.51	-1.205	-0.303	-0.665	-0.26434	NAN	
6.52	-1.215	-0.3095	-0.667	-0.271	NAN	
6.53	-1.22	-0.316	-0.652	-0.277595	NAN	
6.54	-1.23	-0.323	-0.654	-0.284125	NAN	
6.55	-1.24	-0.33	-0.6425	-0.2906075	NAN	
6.56	-1.245	-0.3365	-0.647	-0.297055	NAN	
6.57	-1.255	-0.345	-0.638	-0.30348	NAN	
6.58	-1.26	-0.353	-0.6315	-0.3098275	NAN	
6.59	-1.27	-0.361	-0.619	-0.31608	NAN	
6.6	-1.28	-0.3695	-0.6145	-0.3222475	NAN	
6.61	-1.285	-0.378	-0.603	-0.328335	NAN	
6.62	-1.295	-0.3875	-0.604	-0.33437	NAN	
6.63	-1.3	-0.3965	-0.5845	-0.3403125	NAN	
6.64	-1.31	-0.4065	-0.5795	-0.3461325	NAN	
6.65	-1.32	-0.4165	-0.5625	-0.3518425	NAN	
6.66	-1.325	-0.427	-0.5615	-0.3574625	NAN	
6.67	-1.335	-0.437	-0.5495	-0.3630175	NAN	
6.68	-1.34	-0.4485	-0.5395	-0.3684625	NAN	
6.69	-1.35	-0.459	-0.5215	-0.3737675	NAN	
6.7	-1.36	-0.4715	-0.506	-0.378905	NAN	
6.71	-1.365	-0.4825	-0.502	-0.383945	NAN	
6.72	-1.375	-0.494	-0.498	-0.388945	NAN	
6.73	-1.38	-0.5065	-0.473	-0.3938	NAN	
6.74	-1.39	-0.518	-0.4595	-0.3984625	NAN	
6.75	-1.4	-0.5315	-0.439	-0.402955	NAN	
6.76	-1.405	-0.5445	-0.4255	-0.4072775	NAN	
6.77	-1.415	-0.5575	-0.4065	-0.4114375	NAN	
6.78	-1.42	-0.571	-0.399	-0.415465	NAN	
6.79	-1.43	-0.584	-0.375	-0.419335	NAN	
6.8	-1.44	-0.5975	-0.356	-0.42299	NAN	
6.81	-1.445	-0.611	-0.3455	-0.4264975	NAN	
6.82	-1.455	-0.6245	-0.3365	-0.4299075	NAN	
6.83	-1.46	-0.638	-0.31	-0.43314	NAN	
6.84	-1.47	-0.652	-0.3	-0.43619	NAN	
6.85	-1.48	-0.665	-0.279	-0.439085	NAN	
6.86	-1.485	-0.678	-0.274	-0.44185	NAN	
6.87	-1.495	-0.691	-0.256	-0.4445	NAN	
6.88	-1.5	-0.7035	-0.2415	-0.4469875	NAN	
6.89	-1.51	-0.716	-0.222	-0.449305	NAN	
6.9	-1.52	-0.728	-0.2195	-0.4515125	NAN	
6.91	-1.525	-0.74	-0.2065	-0.4536425	NAN	
6.92	-1.535	-0.7515	-0.1905	-0.4556275	NAN	
6.93	-1.54	-0.762	-0.1735	-0.4574475	NAN	
6.94	-1.55	-0.773	-0.1715	-0.4591725	NAN	
6.95	-1.56	-0.7835	-0.1555	-0.4608075	NAN	
6.96	-1.565	-0.7935	-0.147	-0.46232	NAN	
6.97	-1.575	-0.8035	-0.1435	-0.4637725	NAN	
6.98	-1.58	-0.8125	-0.139	-0.465185	NAN	
6.99	-1.59	-0.8215	-0.132	-0.46654	NAN	
7	-1.6	-0.83	-0.1145	-0.4677725	NAN	
7.01	-1.605	-0.8385	-0.107	-0.46888	NAN	
7.02	-1.615	-0.846	-0.108	-0.469955	NAN	
7.03	-1.62	-0.8535	-0.099	-0.47099	NAN	
7.04	-1.63	-0.861	-0.0945	-0.4719575	NAN	
7.05	-1.64	-0.868	-0.0835	-0.4728475	NAN	
7.06	-1.645	-0.875	-0.088	-0.473705	NAN	
7.07	-1.655	-0.882	-0.0835	-0.4745625	NAN	
7.08	-1.66	-0.888	-0.0885	-0.4754225	NAN	
7.09	-1.67	-0.8945	-0.072	-0.476225	NAN	
7.1	-1.68	-0.901	-0.079	-0.47698	NAN	
7.11	-1.685	-0.907	-0.078	-0.477765	NAN	
7.12	-1.695	-0.913	-0.07	-0.478505	NAN	
7.13	-1.7	-0.9185	-0.061	-0.47916	NAN	
7.14	-1.71	-0.9245	-0.067	-0.4798	NAN	
7.15	-1.72	-0.929	-0.0655	-0.4804625	NAN	
7.16	-1.725	-0.9355	-0.0575	-0.4810775	NAN	
7.17	-1.735	-0.941	-0.057	-0.48165	NAN	
7.18	-1.74	-0.946	-0.0625	-0.4822475	NAN	
7.19	-1.75	-0.951	-0.06	-0.48286	NAN	
7.2	-1.76	-0.9565	-0.057	-0.483445	NAN	
7.21	-1.765	-0.962	-0.0515	-0.4839875	NAN	
7.22	-1.775	-0.9665	-0.0615	-0.4845525	NAN	
7.23	-1.78	-0.972	-0.055	-0.485135	NAN	
7.24	-1.79	-0.977	-0.0575	-0.4856975	NAN	
7.25	-1.8	-0.982	-0.0465	-0.4862175	NAN	
7.26	-1.805	-0.987	-0.0545	-0.4867225	NAN	
7.27	-1.815	-0.9915	-0.0495	-0.4872425	NAN	
7.28	-1.82	-0.9965	-0.05	-0.48774	NAN	
7.29	-1.83	-1.0015	-0.044	-0.48821	NAN	
7.3	-1.84	-1.006	-0.0515	-0.4886875	NAN	
7.31	-1.845	-1.011	-0.047	-0.48918	NAN	
7.32	-1.855	-1.0155	-0.0515	-0.4896725	NAN	
7.33	-1.86	-1.02	-0.0405	-0.4901325	NAN	
7.34	-1.87	-1.025	-0.042	-0.490545	NAN	
7.35	-1.88	-1.0275	-0.0445	-0.4909775	NAN	
7.36	-1.885	-1.0275	-0.0545	-0.4914725	NAN	
7.37	-1.895	-1.0275	-0.043	-0.49196	NAN	
7.38	-1.9	-1.0275	-0.045	-0.4924	NAN	
7.39	-1.91	-1.0275	-0.0445	-0.4928475	NAN	
7.4	-1.92	-1.0275	-0.05	-0.49332	NAN	
7.41	-1.925	-1.0275	-0.035	-0.493745	NAN	
7.42	-1.935	-1.0275	-0.0355	-0.4940975	NAN	
7.43	-1.94	-1.0275	-0.031	-0.49443	NAN	
7.44	-1.95	-1.0275	-0.0375	-0.4947725	NAN	
7.45	-1.96	-1.0275	-0.0345	-0.4951325	NAN	
7.46	-1.965	-1.0275	-0.038	-0.495495	NAN	
7.47	-1.975	-1.0275	-0.037	-0.49587	NAN	
7.48	-1.98	-1.0275	-0.0345	-0.4962275	NAN	
7.49	-1.99	-1.0275	-0.0355	-0.4965775	NAN	
7.5	-2	-1.0275	-0.033	-0.49692	NAN	
7.51	-1.995	-1.0275	-0.0275	-0.4972225	NAN	
7.52	-1.985	-1.0275	-0.019	-0.497455	NAN	
7.53	-1.98	-1.0275	-0.0055	-0.4975775	NAN	
7.54	-1.97	-1.0275	0.0035	-0.4975875	NAN	
7.55	-1.96	-1.0275	0.003	-0.497555	NAN	
7.56	-1.955	-1.0275	0.0015	-0.4975325	NAN	
7.57	-1.945	-1.0275	0.0105	-0.4974725	NAN	
7.58	-1.94	-1.0275	0.0065	-0.4973875	NAN	
7.59	-1.93	-1.0275	0.007	-0.49732	NAN	
7.6	-1.92	-1.0275	0.01	-0.497235	NAN	
7.61	-1.915	-1.0275	0.0135	-0.4971175	NAN	
7.62	-1.905	-1.0275	0.0095	-0.4970025	NAN	
7.63	-1.9	-1.0275	0.0125	-0.4968925	NAN	
7.64	-1.89	-1.0275	0.018	-0.49674	NAN	
7.65	-1.88	-1.0275	0.014	-0.49658	NAN	
7.66	-1.875	-1.0275	0.008	-0.49647	NAN	
7.67	-1.865	-1.0275	0.015	-0.496355	NAN	
7.68	-1.86	-1.0275	0.013	-0.496215	NAN	
7.69	-1.85	-1.0275	0.012	-0.49609	NAN	
7.7	-1.84	-1.0275	0.01	-0.49598	NAN	
7.71	-1.835	-1.0275	0.0185	-0.4958375	NAN	
7.72	-1.825	-1.0275	0.013	-0.49568	NAN	
7.73	-1.82	-1.0275	0.0125	-0.4955525	NAN	
7.74	-1.81	-1.0245	0.015	-0.495415	NAN	
7.75	-1.8	-1.0205	0.015	-0.495265	NAN	
7.76	-1.795	-1.0155	0.01	-0.49514	NAN	
7.77	-1.785	-1.012	0.0165	-0.4950075	NAN	
7.78	-1.78	-1.007	0.015	-0.49485	NAN	
7.79	-1.77	-1.0035	0.015	-0.4947	NAN	
7.8	-1.76	-0.9985	0.011	-0.49457	NAN	
7.81	-1.755	-0.994	0.02	-0.494415	NAN	
7.82	-1.745	-0.9895	0.016	-0.494235	NAN	
7.83	-1.74	-0.985	0.014	-0.494085	NAN	
7.84	-1.73	-0.9805	0.016	-0.493935	NAN	
7.85	-1.72	-0.9765	0.0175	-0.4937675	NAN	
7.86	-1.715	-0.9715	0.012	-0.49362	NAN	
7.87	-1.705	-0.9675	0.017	-0.493475	NAN	
7.88	-1.7	-0.963	0.017	-0.493305	NAN	
7.89	-1.69	-0.9585	0.0185	-0.4931275	NAN	
7.9	-1.68	-0.954	0.011	-0.49298	NAN	
7.91	-1.675	-0.95	0.018	-0.492835	NAN	
7.92	-1.665	-0.9455	0.019	-0.49265	NAN	
7.93	-1.66	-0.942	0.017	-0.49247	NAN	
7.94	-1.65	-0.937	0.011	-0.49233	NAN	
7.95	-1.64	-0.9325	0.014	-0.492205	NAN	
7.96	-1.635	-0.928	0.0145	-0.4920625	NAN	
7.97	-1.625	-0.9235	0.016	-0.49191	NAN	
7.98	-1.62	-0.919	0.0215	-0.4917225	NAN	
7.99	-1.61	-0.915	0.02	-0.491515	NAN	
8	-1.6	-0.9105	0.0135	-0.4913475	NAN	
8.01	-1.595	-0.906	0.0175	-0.4911925	NAN	
8.02	-1.585	-0.902	0.0195	-0.4910075	NAN	
8.03	-1.58	-0.8975	0.0175	-0.4908225	NAN	
8.04	-1.57	-0.8935	0.015	-0.49066	NAN	
8.05	-1.56	-0.889	0.0195	-0.4904875	NAN	
8.06	-1.555	-0.8845	0.019	-0.490295	NAN	
8.07	-1.545	-0.8805	0.0185	-0.4901075	NAN	
8.08	-1.54	-0.875	0.018	-0.489925	NAN	
8.09	-1.53	-0.8715	0.0235	-0.4897175	NAN	
8.1	-1.52	-0.8665	0.0155	-0.4895225	NAN	
8.11	-1.515	-0.8625	0.0185	-0.4893525	NAN	
8.12	-1.505	-0.8575	0.022	-0.48915	NAN	
8.13	-1.5	-0.854	0.021	-0.488935	NAN	
8.14	-1.49	-0.8495	0.017	-0.488745	NAN	
8.15	-1.48	-0.8455	0.0215	-0.4885525	NAN	
8.16	-1.475	-0.8405	0.0225	-0.4883325	NAN	
8.17	-1.465	-0.836	0.028	-0.48808	NAN	
8.18	-1.46	-0.832	0.0085	-0.4878975	NAN	
8.19	-1.45	-0.8275	0.025	-0.48773	NAN	
8.2	-1.44	-0.823	0.013	-0.48754	NAN	
8.21	-1.435	-0.819	0.017	-0.48739	NAN	
8.22	-1.425	-0.8145	0.0215	-0.4871975	NAN	
8.23	-1.42	-0.81	0.037	-0.486905	NAN	
8.24	-1.41	-0.806	0.011	-0.486665	NAN	
8.25	-1.4	-0.8015	0.027	-0.486475	NAN	
8.26	-1.395	-0.7975	0.009	-0.486295	NAN	
8.27	-1.385	-0.793	0.041	-0.486045	NAN	
8.28	-1.38	-0.788	0.0155	-0.4857625	NAN	
8.29	-1.37	-0.784	0.021	-0.48558	NAN	
8.3	-1.36	-0.78	0.029	-0.48533	NAN	
8.31	-1.355	-0.775	0.024	-0.485065	NAN	
8.32	-1.345	-0.771	0.021	-0.48484	NAN	
8.33	-1.34	-0.767	0.023	-0.48462	NAN	
8.34	-1.33	-0.762	0.018	-0.484415	NAN	
8.35	-1.32	-0.758	0.017	-0.48424	NAN	
8.36	-1.315	-0.754	0.027	-0.48402	NAN	
8.37	-1.305	-0.749	0.032	-0.483725	NAN	
8.38	-1.3	-0.745	0.0195	-0.4834675	NAN	
8.39	-1.29	-0.7405	0.02	-0.48327	NAN	
8.4	-1.28	-0.7365	0.023	-0.483055	NAN	
8.41	-1.275	-0.732	0.023	-0.482825	NAN	
8.42	-1.265	-0.7275	0.021	-0.482605	NAN	
8.43	-1.26	-0.723	0.023	-0.482385	NAN	
8.44	-1.25	-0.7195	0.028	-0.48213	NAN	
8.45	-1.24	-0.7155	0.021	-0.481885	NAN	
8.46	-1.235	-0.711	0.0225	-0.4816675	NAN	
8.47	-1.225	-0.7065	0.026	-0.481425	NAN	
8.48	-1.22	-0.7025	0.02	-0.481195	NAN	
8.49	-1.21	-0.6985	0.0055	-0.4810675	NAN	
8.5	-1.2	-0.694	0.03	-0.48089	NAN	
8.51	-1.195	-0.6895	0.032	-0.48058	NAN	
8.52	-1.185	-0.6855	0.0215	-0.4803125	NAN	
8.53	-1.18	-0.681	0.025	-0.48008	NAN	
8.54	-1.17	-0.677	0.0275	-0.4798175	NAN	
8.55	-1.16	-0.6725	0.0285	-0.4795375	NAN	
8.56	-1.155	-0.668	0.0225	-0.4792825	NAN	
8.57	-1.145	-0.664	0.0325	-0.4790075	NAN	
8.58	-1.14	-0.6595	0.0255	-0.4787175	NAN	
8.59	-1.13	-0.6555	0.023	-0.478475	NAN	
8.6	-1.12	-0.6515	0.034	-0.47819	NAN	
8.61	-1.115	-0.647	0.029	-0.477875	NAN	
8.62	-1.105	-0.6425	0.031	-0.477575	NAN	
8.63	-1.1	-0.6385	0.03	-0.47727	NAN	
8.64	-1.09	-0.634	0.0275	-0.4769825	NAN	
8.65	-1.08	-0.63	0.027	-0.47671	NAN	
8.66	-1.075	-0.6255	0.0265	-0.4764425	NAN	
8.67	-1.065	-0.6215	0.0375	-0.4761225	NAN	
8.68	-1.06	-0.6175	0.032	-0.475775	NAN	
8.69	-1.05	-0.613	0.0285	-0.4754725	NAN	
8.7	-1.04	-0.6085	0.0225	-0.4752175	NAN	
8.71	-1.035	-0.6045	0.03	-0.474955	NAN	
8.72	-1.025	-0.6005	0.0345	-0.4746325	NAN	
8.73	-1.02	-0.5955	0.029	-0.474315	NAN	
8.74	-1.01	-0.592	0.0345	-0.4739975	NAN	
8.75	-1	-0.587	0.035	-0.47365	NAN	
8.76	-0.995	-0.583	0.032	-0.473315	NAN	
8.77	-0.985	-0.579	0.0345	-0.4729825	NAN	
8.78	-0.98	-0.5745	0.021	-0.472705	NAN	
8.79	-0.97	-0.5705	0.0395	-0.4724025	NAN	
8.8	-0.96	-0.566	0.0275	-0.4720675	NAN	
8.81	-0.955	-0.5625	0.036	-0.47175	NAN	
8.82	-0.945	-0.558	0.0365	-0.4713875	NAN	
8.83	-0.94	-0.554	0.0325	-0.4710425	NAN	
8.84	-0.93	-0.5495	0.032	-0.47072	NAN	
8.85	-0.92	-0.5455	0.0385	-0.4703675	NAN	
8.86	-0.915	-0.541	0.0325	-0.4700125	NAN	
8.87	-0.905	-0.5365	0.0385	-0.4696575	NAN	
8.88	-0.9	-0.5325	0.0335	-0.4692975	NAN	
8.89	-0.89	-0.5285	0.041	-0.468925	NAN	
8.9	-0.88	-0.524	0.03	-0.46857	NAN	
8.91	-0.875	-0.52	0.038	-0.46823	NAN	
8.92	-0.865	-0.5155	0.04	-0.46784	NAN	
8.93	-0.86	-0.511	0.0385	-0.4674475	NAN	
8.94	-0.85	-0.507	0.036	-0.467075	NAN	
8.95	-0.84	-0.5025	0.0405	-0.4666925	NAN	
8.96	-0.835	-0.4985	0.0385	-0.4662975	NAN	
8.97	-0.825	-0.494	0.045	-0.46588	NAN	
8.98	-0.82	-0.4895	0.0355	-0.4654775	NAN	
8.99	-0.81	-0.4855	0.0535	-0.4650325	NAN	
9	-0.8	-0.4815	0.037	-0.46458	NAN	
9.01	-0.795	-0.4775	0.042	-0.464185	NAN	
9.02	-0.785	-0.473	0.04	-0.463775	NAN	
9.03	-0.78	-0.4685	0.0435	-0.4633575	NAN	
9.04	-0.77	-0.4645	0.037	-0.462955	NAN	
9.05	-0.76	-0.4605	0.0405	-0.4625675	NAN	
9.06	-0.755	-0.456	0.0445	-0.4621425	NAN	
9.07	-0.745	-0.452	0.042	-0.46171	NAN	
9.08	-0.74	-0.4475	0.041	-0.461295	NAN	
9.09	-0.73	-0.4435	0.04	-0.46089	NAN	
9.1	-0.72	-0.4395	0.049	-0.460445	NAN	
9.11	-0.715	-0.435	0.0445	-0.4599775	NAN	
9.12	-0.705	-0.4305	0.0455	-0.4595275	NAN	
9.13	-0.7	-0.4265	0.0515	-0.4590425	NAN	
9.14	-0.69	-0.4225	0.0475	-0.4585475	NAN	
9.15	-0.68	-0.418	0.0475	-0.4580725	NAN	
9.16	-0.675	-0.4145	0.046	-0.457605	NAN	
9.17	-0.665	-0.4095	0.0475	-0.4571375	NAN	
9.18	-0.66	-0.4055	0.046	-0.45667	NAN	
9.19	-0.65	-0.4015	0.05	-0.45619	NAN	
9.2	-0.64	-0.3975	0.0495	-0.4556925	NAN	
9.21	-0.635	-0.393	0.0435	-0.4552275	NAN	
9.22	-0.625	-0.389	0.0485	-0.4547675	NAN	
9.23	-0.62	-0.385	0.053	-0.45426	NAN	
9.24	-0.61	-0.381	0.0535	-0.4537275	NAN	
9.25	-0.6	-0.3765	0.049	-0.453215	NAN	
9.26	-0.595	-0.373	0.056	-0.45269	NAN	
9.27	-0.585	-0.3685	0.0595	-0.4521125	NAN	
9.28	-0.58	-0.3645	0.0495	-0.4515675	NAN	
9.29	-0.57	-0.3605	0.0555	-0.4510425	NAN	
9.3	-0.56	-0.3565	0.049	-0.45052	NAN	
9.31	-0.555	-0.352	0.059	-0.44998	NAN	
9.32	-0.545	-0.348	0.0585	-0.4493925	NAN	
9.33	-0.54	-0.3445	0.0545	-0.4488275	NAN	
9.34	-0.53	-0.34	0.059	-0.44826	NAN	
9.35	-0.52	-0.336	0.0605	-0.4476625	NAN	
9.36	-0.515	-0.332	0.0565	-0.4470775	NAN	
9.37	-0.505	-0.327	0.062	-0.446485	NAN	
9.38	-0.5	-0.324	0.0615	-0.4458675	NAN	
9.39	-0.49	-0.3195	0.0645	-0.4452375	NAN	
9.4	-0.48	-0.3155	0.0565	-0.4446325	NAN	
9.41	-0.475	-0.311	0.063	-0.444035	NAN	
9.42	-0.465	-0.3075	0.068	-0.44338	NAN	
9.43	-0.46	-0.3035	0.0655	-0.4427125	NAN	
9.44	-0.45	-0.2995	0.063	-0.44207	NAN	
9.45	-0.44	-0.2955	0.0685	-0.4414125	NAN	
9.46	-0.435	-0.2915	0.0675	-0.4407325	NAN	
9.47	-0.425	-0.2875	0.071	-0.44004	NAN	
9.48	-0.42	-0.2835	0.066	-0.439355	NAN	
9.49	-0.41	-0.279	0.076	-0.438645	NAN	
9.5	-0.4	-0.2755	0.067	-0.43793	NAN	
9.51	-0.395	-0.2715	0.0715	-0.4372375	NAN	
9.52	-0.385	-0.2675	0.0745	-0.4365075	NAN	
9.53	-0.38	-0.264	0.0765	-0.4357525	NAN	
9.54	-0.37	-0.2595	0.072	-0.43501	NAN	
9.55	-0.36	-0.2555	0.075	-0.434275	NAN	
9.56	-0.355	-0.252	0.078	-0.43351	NAN	
9.57	-0.345	-0.2475	0.082	-0.43271	NAN	
9.58	-0.34	-0.244	0.0745	-0.4319275	NAN	
9.59	-0.33	-0.24	0.0865	-0.4311225	NAN	
9.6	-0.32	-0.236	0.0765	-0.4303075	NAN	
9.61	-0.315	-0.232	0.081	-0.42952	NAN	
9.62	-0.305	-0.2285	0.073	-0.42875	NAN	
9.63	-0.3	-0.2245	0.0875	-0.4279475	NAN	
9.64	-0.29	-0.221	0.093	-0.427045	NAN	
9.65	-0.28	-0.217	0.082	-0.42617	NAN	
9.66	-0.275	-0.213	0.086	-0.42533	NAN	
9.67	-0.265	-0.2095	0.0965	-0.4244175	NAN	
9.68	-0.26	-0.2055	0.0865	-0.4235025	NAN	
9.69	-0.25	-0.202	0.0915	-0.4226125	NAN	
9.7	-0.24	-0.198	0.091	-0.4217	NAN	
9.71	-0.235	-0.1945	0.1025	-0.4207325	NAN	
9.72	-0.225	-0.1905	0.096	-0.41974	NAN	
9.73	-0.22	-0.187	0.099	-0.418765	NAN	
9.74	-0.21	-0.183	0.0995	-0.4177725	NAN	
9.75	-0.2	-0.1795	0.1025	-0.4167625	NAN	
9.76	-0.195	-0.1755	0.096	-0.41577	NAN	
9.77	-0.185	-0.1725	0.1035	-0.4147725	NAN	
9.78	-0.18	-0.168	0.103	-0.41374	NAN	
9.79	-0.17	-0.165	0.11	-0.412675	NAN	
9.8	-0.16	-0.161	0.0995	-0.4116275	NAN	
9.81	-0.155	-0.157	0.1105	-0.4105775	NAN	
9.82	-0.145	-0.1535	0.118	-0.409435	NAN	
9.83	-0.14	-0.1505	0.1095	-0.4082975	NAN	
9.84	-0.13	-0.1465	0.115	-0.407175	NAN	
9.85	-0.12	-0.143	0.118	-0.40601	NAN	
9.86	-0.115	-0.1395	0.121	-0.404815	NAN	
9.87	-0.105	-0.136	0.127	-0.403575	NAN	
9.88	-0.1	-0.1325	0.12	-0.40234	NAN	
9.89	-0.09	-0.1285	0.131	-0.401085	NAN	
9.9	-0.08	-0.1255	0.129	-0.399785	NAN	
9.91	-0.075	-0.1215	0.1345	-0.3984675	NAN	
9.92	-0.065	-0.1185	0.132	-0.397135	NAN	
9.93	-0.06	-0.115	0.137	-0.39579	NAN	
9.94	-0.05	-0.111	0.1395	-0.3944075	NAN	
9.95	-0.04	-0.1085	0.135	-0.393035	NAN	
9.96	-0.035	-0.1045	0.139	-0.391665	NAN	
9.97	-0.025	-0.101	0.1495	-0.3902225	NAN	
9.98	-0.02	-0.0975	0.1455	-0.3887475	NAN	
9.99	-0.01	-0.094	0.1485	-0.3872775	NAN	
10	0	-0.091	0.144	-0.385815	NAN	
10.01	0.005	-0.0875	0.144	-0.384375	NAN	
10.02	0.015	-0.0845	0.1385	-0.3829625	NAN	
10.03	0.02	-0.0815	0.15	-0.38152	NAN	
10.04	0.03	-0.078	0.155	-0.379995	NAN	
10.05	0.04	-0.0745	0.152	-0.37846	NAN	
10.06	0.045	-0.0715	0.1685	-0.3768575	NAN	
10.07	0.055	-0.0685	0.1705	-0.3751625	NAN	
10.08	0.06	-0.0655	0.166	-0.37348	NAN	
10.09	0.07	-0.062	0.179	-0.371755	NAN	
10.1	0.08	-0.059	0.17	-0.37001	NAN	
10.11	0.085	-0.056	0.1725	-0.3682975	NAN	
10.12	0.095	-0.0525	0.178	-0.366545	NAN	
10.13	0.1	-0.0495	0.18	-0.364755	NAN	
10.14	0.11	-0.0465	0.184	-0.362935	NAN	
10.15	0.12	-0.0435	0.181	-0.36111	NAN	
10.16	0.125	-0.0405	0.1815	-0.3592975	NAN	
10.17	0.135	-0.0375	0.189	-0.357445	NAN	
10.18	0.14	-0.034	0.196	-0.35552	NAN	
10.19	0.15	-0.032	0.1925	-0.3535775	NAN	
10.2	0.16	-0.028	0.196	-0.351635	NAN	
10.21	0.165	-0.0255	0.2025	-0.3496425	NAN	
10.22	0.175	-0.0225	0.2095	-0.3475825	NAN	
10.23	0.18	-0.0195	0.205	-0.34551	NAN	
10.24	0.19	-0.0165	0.2115	-0.3434275	NAN	
10.25	0.2	-0.0135	0.2105	-0.3413175	NAN	
10.26	0.205	-0.011	0.222	-0.339155	NAN	
10.27	0.215	-0.008	0.2195	-0.3369475	NAN	
10.28	0.22	-0.004	0.2245	-0.3347275	NAN	
10.29	0.23	-0.0025	0.226	-0.332475	NAN	
10.3	0.24	0.0005	0.2345	-0.3301725	NAN	
10.31	0.245	0.0035	0.2395	-0.3278025	NAN	
10.32	0.255	0.006	0.235	-0.32543	NAN	
10.33	0.26	0.0085	0.242	-0.323045	NAN	
10.34	0.27	0.0115	0.2485	-0.3205925	NAN	
10.35	0.28	0.014	0.2435	-0.3181325	NAN	
10.36	0.285	0.0165	0.251	-0.31566	NAN	
10.37	0.295	0.0195	0.2515	-0.3131475	NAN	
10.38	0.3	0.022	0.25	-0.31064	NAN	
10.39	0.31	0.0245	0.265	-0.308065	NAN	
10.4	0.32	0.0265	0.2665	-0.3054075	NAN	
10.41	0.325	0.0295	0.261	-0.30277	NAN	
10.42	0.335	0.032	0.2795	-0.3000675	NAN	
10.43	0.34	0.034	0.276	-0.29729	NAN	
10.44	0.35	0.037	0.281	-0.294505	NAN	
10.45	0.36	0.039	0.27	-0.29175	NAN	
10.46	0.365	0.042	0.289	-0.288955	NAN	
10.47	0.375	0.044	0.288	-0.28607	NAN	
10.48	0.38	0.0465	0.2955	-0.2831525	NAN	
10.49	0.39	0.049	0.295	-0.2802	NAN	
10.5	0.4	0.051	0.3025	-0.2772125	NAN	
10.51	0.405	0.054	0.304	-0.27418	NAN	
10.52	0.415	0.0555	0.2975	-0.2711725	NAN	
10.53	0.42	0.058	0.309	-0.26814	NAN	
10.54	0.43	0.06	0.305	-0.26507	NAN	
10.55	0.44	0.0625	0.321	-0.26194	NAN	
10.56	0.445	0.0645	0.331	-0.25868	NAN	
10.57	0.455	0.067	0.3265	-0.2553925	NAN	
10.58	0.46	0.0685	0.334	-0.25209	NAN	
10.59	0.47	0.071	0.336	-0.24874	NAN	
10.6	0.48	0.073	0.3445	-0.2453375	NAN	
10.61	0.485	0.075	0.3455	-0.2418875	NAN	
10.62	0.495	0.077	0.3545	-0.2383875	NAN	
10.63	0.5	0.079	0.3475	-0.2348775	NAN	
10.64	0.51	0.0815	0.3615	-0.2313325	NAN	
10.65	0.52	0.083	0.3605	-0.2277225	NAN	
10.66	0.525	0.085	0.377	-0.224035	NAN	
10.67	0.535	0.087	0.368	-0.22031	NAN	
10.68	0.54	0.089	0.378	-0.21658	NAN	
10.69	0.55	0.0905	0.3795	-0.2127925	NAN	
10.7	0.56	0.0925	0.39	-0.208945	NAN	
10.71	0.565	0.094	0.395	-0.20502	NAN	
10.72	0.575	0.096	0.4005	-0.2010425	NAN	
10.73	0.58	0.0975	0.3915	-0.1970825	NAN	
10.74	0.59	0.0995	0.413	-0.19306	NAN	
10.75	0.6	0.101	0.4135	-0.1889275	NAN	
10.76	0.605	0.103	0.4205	-0.1847575	NAN	
10.77	0.615	0.104	0.422	-0.180545	NAN	
10.78	0.62	0.106	0.4285	-0.1762925	NAN	
10.79	0.63	0.1075	0.43	-0.172	NAN	
10.8	0.64	0.109	0.4405	-0.1676475	NAN	
10.81	0.645	0.1105	0.4435	-0.1632275	NAN	
10.82	0.655	0.112	0.4505	-0.1587575	NAN	
10.83	0.66	0.1135	0.443	-0.15429	NAN	
10.84	0.67	0.1145	0.4675	-0.1497375	NAN	
10.85	0.68	0.116	0.4525	-0.1451375	NAN	
10.86	0.685	0.1175	0.4715	-0.1405175	NAN	
10.87	0.695	0.119	0.482	-0.13575	NAN	
10.88	0.7	0.12	0.4855	-0.1309125	NAN	
10.89	0.71	0.1215	0.483	-0.12607	NAN	
10.9	0.72	0.123	0.4985	-0.1211625	NAN	
10.91	0.725	0.1245	0.5185	-0.1160775	NAN	
10.92	0.735	0.126	0.516	-0.110905	NAN	
10.93	0.74	0.1275	0.5095	-0.1057775	NAN	
10.94	0.75	0.1285	0.5205	-0.1006275	NAN	
10.95	0.76	0.1305	0.516	-0.095445	NAN	
10.96	0.765	0.1315	0.529	-0.09022	NAN	
10.97	0.775	0.133	0.533	-0.08491	NAN	
10.98	0.78	0.1345	0.5385	-0.0795525	NAN	
10.99	0.79	0.136	0.5445	-0.0741375	NAN	
11	0.8	0.1375	0.5415	-0.0687075	NAN	
11.01	0.805	0.139	0.56	-0.0632	NAN	
11.02	0.815	0.1405	0.568	-0.05756	NAN	
11.03	0.82	0.142	0.566	-0.05189	NAN	
11.04	0.83	0.144	0.577	-0.046175	NAN	
11.05	0.84	0.1455	0.5725	-0.0404275	NAN	
11.06	0.845	0.147	0.583	-0.03465	NAN	
11.07	0.855	0.1485	0.585	-0.02881	NAN	
11.08	0.86	0.1505	0.5925	-0.0229225	NAN	
11.09	0.87	0.152	0.6005	-0.0169575	NAN	
11.1	0.88	0.154	0.605	-0.01093	NAN	
11.11	0.885	0.1555	0.6085	-0.0048625	NAN	
11.12	0.895	0.1575	0.6185	0.0012725	NAN	
11.13	0.9	0.1595	0.611	0.00742	NAN	
11.14	0.91	0.161	0.621	0.01358	NAN	
11.15	0.92	0.1635	0.6205	0.0197875	NAN	
11.16	0.925	0.1655	0.643	0.026105	NAN	
11.17	0.935	0.1675	0.634	0.03249	NAN	
11.18	0.94	0.17	0.638	0.03885	NAN	
11.19	0.95	0.172	0.641	0.045245	NAN	
11.2	0.96	0.1745	0.648	0.05169	NAN	
11.21	0.965	0.1765	0.6515	0.0581875	NAN	
11.22	0.975	0.179	0.6575	0.0647325	NAN	
11.23	0.98	0.1815	0.6535	0.0712875	NAN	
11.24	0.99	0.184	0.661	0.07786	NAN	
11.25	1	0.187	0.657	0.08445	NAN	
11.26	1.005	0.1895	0.666	0.091065	NAN	
11.27	1.015	0.1925	0.6685	0.0977375	NAN	
11.28	1.02	0.195	0.676	0.10446	NAN	
11.29	1.03	0.1985	0.6825	0.1112525	NAN	
11.3	1.04	0.2015	0.68	0.118065	NAN	
11.31	1.045	0.2045	0.6615	0.1247725	NAN	
11.32	1.055	0.208	0.6835	0.1314975	NAN	
11.33	1.06	0.211	0.677	0.1383	NAN	
11.34	1.07	0.2145	0.686	0.145115	NAN	
11.35	1.08	0.2185	0.6825	0.1519575	NAN	
11.36	1.085	0.222	0.6915	0.1588275	NAN	
11.37	1.095	0.226	0.691	0.16574	NAN	
11.38	1.1	0.23	0.6885	0.1726375	NAN	
11.39	1.11	0.2335	0.6885	0.1795225	NAN	
11.4	1.12	0.238	0.6845	0.1863875	NAN	
11.41	1.125	0.242	0.686	0.19324	NAN	
11.42	1.135	0.2465	0.6925	0.2001325	NAN	
11.43	1.14	0.2505	0.6895	0.2070425	NAN	
11.44	1.15	0.2555	0.6925	0.2139525	NAN	
11.45	1.16	0.26	0.685	0.22084	NAN	
11.46	1.165	0.2655	0.686	0.227695	NAN	
11.47	1.175	0.27	0.6835	0.2345425	NAN	
11.48	1.18	0.2755	0.681	0.241365	NAN	
11.49	1.19	0.281	0.68	0.24817	NAN	
11.5	1.2	0.2865	0.6785	0.2549625	NAN	
11.51	1.205	0.2925	0.678	0.261745	NAN	
11.52	1.215	0.2985	0.6765	0.2685175	NAN	
11.53	1.22	0.3045	0.6665	0.2752325	NAN	
11.54	1.23	0.311	0.6635	0.2818825	NAN	
11.55	1.24	0.3175	0.6565	0.2884825	NAN	
11.56	1.245	0.325	0.6565	0.2950475	NAN	
11.57	1.255	0.332	0.655	0.301605	NAN	
11.58	1.26	0.3395	0.647	0.308115	NAN	
11.59	1.27	0.3475	0.6365	0.3145325	NAN	
11.6	1.28	0.3555	0.6275	0.3208525	NAN	
11.61	1.285	0.364	0.617	0.327075	NAN	
11.62	1.295	0.3725	0.6145	0.3332325	NAN	
11.63	1.3	0.382	0.603	0.33932	NAN	
11.64	1.31	0.3915	0.599	0.34533	NAN	
11.65	1.32	0.4015	0.5825	0.3512375	NAN	
11.66	1.325	0.4115	0.5735	0.3570175	NAN	
11.67	1.335	0.422	0.562	0.362695	NAN	
11.68	1.34	0.4325	0.55	0.368255	NAN	
11.69	1.35	0.4435	0.539	0.3737	NAN	
11.7	1.36	0.4555	0.527	0.37903	NAN	
11.71	1.365	0.467	0.511	0.38422	NAN	
11.72	1.375	0.4795	0.498	0.389265	NAN	
11.73	1.38	0.4915	0.477	0.39414	NAN	
11.74	1.39	0.5045	0.4685	0.3988675	NAN	
11.75	1.4	0.5175	0.4495	0.4034575	NAN	
11.76	1.405	0.5305	0.438	0.407895	NAN	
11.77	1.415	0.544	0.4185	0.4121775	NAN	
11.78	1.42	0.558	0.399	0.416265	NAN	
11.79	1.43	0.572	0.3825	0.4201725	NAN	
11.8	1.44	0.5855	0.369	0.42393	NAN	
11.81	1.445	0.5995	0.35	0.427525	NAN	
11.82	1.455	0.613	0.3345	0.4309475	NAN	
11.83	1.46	0.6275	0.3115	0.4341775	NAN	
11.84	1.47	0.641	0.302	0.437245	NAN	
11.85	1.48	0.6545	0.2835	0.4401725	NAN	
11.86	1.485	0.668	0.267	0.442925	NAN	
11.87	1.495	0.681	0.249	0.445505	NAN	
11.88	1.5	0.6945	0.234	0.44792	NAN	
11.89	1.51	0.7065	0.2215	0.4501975	NAN	
11.9	1.52	0.719	0.207	0.45234	NAN	
11.91	1.525	0.7305	0.19	0.454325	NAN	
11.92	1.535	0.742	0.185	0.4562	NAN	
11.93	1.54	0.753	0.1705	0.4579775	NAN	
11.94	1.55	0.7635	0.166	0.45966	NAN	
11.95	1.56	0.774	0.147	0.461225	NAN	
11.96	1.565	0.784	0.142	0.46267	NAN	
11.97	1.575	0.7935	0.135	0.464055	NAN	
11.98	1.58	0.803	0.1275	0.4653675	NAN	
11.99	1.59	0.8115	0.119	0.4666	NAN	
12	1.6	0.82	0.1105	0.4677475	NAN	
12.01	1.605	0.8275	0.1075	0.4688375	NAN	
12.02	1.615	0.8355	0.1015	0.4698825	NAN	
12.03	1.62	0.8425	0.088	0.47083	NAN	
12.04	1.63	0.85	0.091	0.471725	NAN	
12.05	1.64	0.857	0.0815	0.4725875	NAN	
12.06	1.645	0.8635	0.081	0.4734	NAN	
12.07	1.655	0.87	0.0735	0.4741725	NAN	
12.08	1.66	0.876	0.0795	0.4749375	NAN	
12.09	1.67	0.882	0.072	0.475695	NAN	
12.1	1.68	0.888	0.0665	0.4763875	NAN	
12.11	1.685	0.894	0.0635	0.4770375	NAN	
12.12	1.695	0.8995	0.072	0.477715	NAN	
12.13	1.7	0.9055	0.064	0.478395	NAN	
12.14	1.71	0.9105	0.0625	0.4790275	NAN	
12.15	1.72	0.916	0.0545	0.4796125	NAN	
12.16	1.725	0.921	0.0595	0.4801825	NAN	
12.17	1.735	0.9265	0.0575	0.4807675	NAN	
12.18	1.74	0.9315	0.046	0.481285	NAN	
12.19	1.75	0.9365	0.054	0.481785	NAN	
12.2	1.76	0.9415	0.0555	0.4823325	NAN	
12.21	1.765	0.9465	0.042	0.48282	NAN	
12.22	1.775	0.9515	0.056	0.48331	NAN	
12.23	1.78	0.9565	0.0495	0.4838375	NAN	
12.24	1.79	0.9615	0.052	0.484345	NAN	
12.25	1.8	0.966	0.0425	0.4848175	NAN	
12.26	1.805	0.971	0.0485	0.4852725	NAN	
12.27	1.815	0.9755	0.046	0.485745	NAN	
12.28	1.82	0.9805	0.045	0.4862	NAN	
12.29	1.83	0.9855	0.044	0.486645	NAN	
12.3	1.84	0.99	0.048	0.487105	NAN	
12.31	1.845	0.995	0.041	0.48755	NAN	
12.32	1.855	0.9995	0.0485	0.4879975	NAN	
12.33	1.86	1.004	0.044	0.48846	NAN	
12.34	1.87	1.009	0.0495	0.4889275	NAN	
12.35	1.88	1.0135	0.0375	0.4893625	NAN	
12.36	1.885	1.0185	0.0455	0.4897775	NAN	
12.37	1.895	1.02	0.0435	0.4902225	NAN	
12.38	1.9	1.02	0.04	0.49064	NAN	
12.39	1.91	1.02	0.0375	0.4910275	NAN	
12.4	1.92	1.02	0.0415	0.4914225	NAN	
12.41	1.925	1.02	0.0345	0.4918025	NAN	
12.42	1.935	1.02	0.0445	0.4921975	NAN	
12.43	1.94	1.02	0.0255	0.4925475	NAN	
12.44	1.95	1.02	0.0495	0.4929225	NAN	
12.45	1.96	1.02	0.0325	0.4933325	NAN	
12.46	1.965	1.02	0.0425	0.4937075	NAN	
12.47	1.975	1.02	0.0425	0.4941325	NAN	
12.48	1.98	1.02	0.0415	0.4945525	NAN	
12.49	1.99	1.02	0.038	0.49495	NAN	
12.5	2	1.02	0.0445	0.4953625	NAN	
