MIN=0	-10	-1	-1	-2	0	
MAX=12.5	10	1	1	2	50	
SCALE=5	5	0.5	0.5	1	10	
DEC=2	2	3	3	2	2	
DEF="Time" t / s	"Voltage" U_1 / V	"Current" I_1 / A	"Voltage" U_B2 / V	"Magnetic Flux" &F / Vs	"Frequency" f / Hz	
0	0	-0.0005	0.002	0	NAN	
0.01	0.005	-0.001	-0.0025	-2.5E-6	NAN	
0.02	0.015	0	0.0105	3.75E-5	NAN	
0.03	0.02	0.002	0.01	0.00014	NAN	
0.04	0.03	0.0035	0.019	0.000285	NAN	
0.05	0.04	0.0065	0.019	0.000475	NAN	
0.06	0.045	0.0085	0.027	0.000705	NAN	
0.07	0.055	0.0115	0.023	0.000955	NAN	
0.08	0.06	0.0145	0.0355	0.0012475	NAN	
0.09	0.07	0.0175	0.027	0.00156	NAN	
0.1	0.08	0.0215	0.038	0.001885	NAN	
0.11	0.085	0.0245	0.0335	0.0022425	NAN	
0.12	0.095	0.028	0.042	0.00262	NAN	
0.13	0.1	0.0315	0.036	0.00301	NAN	
0.14	0.11	0.035	0.0415	0.0033975	NAN	
0.15	0.12	0.0385	0.037	0.00379	NAN	
0.16	0.125	0.0425	0.047	0.00421	NAN	
0.17	0.135	0.046	0.0425	0.0046575	NAN	
0.18	0.14	0.0515	0.0545	0.0051425	NAN	
0.19	0.15	0.054	0.046	0.005645	NAN	
0.2	0.16	0.058	0.057	0.00616	NAN	
0.21	0.165	0.0615	0.0505	0.0066975	NAN	
0.22	0.175	0.066	0.056	0.00723	NAN	
0.23	0.18	0.0695	0.055	0.007785	NAN	
0.24	0.19	0.074	0.0595	0.0083575	NAN	
0.25	0.2	0.0775	0.047	0.00889	NAN	
0.26	0.205	0.082	0.0505	0.0093775	NAN	
0.27	0.215	0.086	0.0455	0.0098575	NAN	
0.28	0.22	0.0905	0.06	0.010385	NAN	
0.29	0.23	0.0945	0.051	0.01094	NAN	
0.3	0.24	0.0985	0.0575	0.0114825	NAN	
0.31	0.245	0.103	0.077	0.012155	NAN	
0.32	0.255	0.107	0.067	0.012875	NAN	
0.33	0.26	0.111	0.0615	0.0135175	NAN	
0.34	0.27	0.115	0.064	0.014145	NAN	
0.35	0.28	0.1195	0.061	0.01477	NAN	
0.36	0.285	0.1235	0.066	0.015405	NAN	
0.37	0.295	0.1275	0.0645	0.0160575	NAN	
0.38	0.3	0.132	0.073	0.016745	NAN	
0.39	0.31	0.136	0.065	0.017435	NAN	
0.4	0.32	0.14	0.073	0.018125	NAN	
0.41	0.325	0.144	0.066	0.01882	NAN	
0.42	0.335	0.1485	0.0765	0.0195325	NAN	
0.43	0.34	0.1525	0.071	0.02027	NAN	
0.44	0.35	0.1565	0.079	0.02102	NAN	
0.45	0.36	0.1605	0.0705	0.0217675	NAN	
0.46	0.365	0.1645	0.075	0.022495	NAN	
0.47	0.375	0.169	0.074	0.02324	NAN	
0.48	0.38	0.173	0.082	0.02402	NAN	
0.49	0.39	0.1765	0.058	0.02472	NAN	
0.5	0.4	0.181	0.0805	0.0254125	NAN	
0.51	0.405	0.185	0.0725	0.0261775	NAN	
0.52	0.415	0.189	0.0855	0.0269675	NAN	
0.53	0.42	0.1935	0.083	0.02781	NAN	
0.54	0.43	0.1975	0.084	0.028645	NAN	
0.55	0.44	0.2015	0.0915	0.0295225	NAN	
0.56	0.445	0.2055	0.083	0.030395	NAN	
0.57	0.455	0.2095	0.078	0.0312	NAN	
0.58	0.46	0.2135	0.0855	0.0320175	NAN	
0.59	0.47	0.2175	0.0795	0.0328425	NAN	
0.6	0.48	0.2215	0.091	0.033695	NAN	
0.61	0.485	0.2255	0.0815	0.0345575	NAN	
0.62	0.495	0.2295	0.0955	0.0354425	NAN	
0.63	0.5	0.2335	0.0835	0.0363375	NAN	
0.64	0.51	0.238	0.0965	0.0372375	NAN	
0.65	0.52	0.242	0.0855	0.0381475	NAN	
0.66	0.525	0.246	0.092	0.039035	NAN	
0.67	0.535	0.25	0.091	0.03995	NAN	
0.68	0.54	0.254	0.093	0.04087	NAN	
0.69	0.55	0.258	0.0915	0.0417925	NAN	
0.7	0.56	0.262	0.096	0.04273	NAN	
0.71	0.565	0.2665	0.0935	0.0436775	NAN	
0.72	0.575	0.2705	0.105	0.04467	NAN	
0.73	0.58	0.2745	0.0895	0.0456425	NAN	
0.74	0.59	0.2785	0.1085	0.0466325	NAN	
0.75	0.6	0.2825	0.0945	0.0476475	NAN	
0.76	0.605	0.287	0.1055	0.0486475	NAN	
0.77	0.615	0.291	0.0955	0.0496525	NAN	
0.78	0.62	0.295	0.095	0.050605	NAN	
0.79	0.63	0.299	0.11	0.05163	NAN	
0.8	0.64	0.303	0.091	0.052635	NAN	
0.81	0.645	0.3075	0.099	0.053585	NAN	
0.82	0.655	0.3115	0.1115	0.0546375	NAN	
0.83	0.66	0.3155	0.097	0.05568	NAN	
0.84	0.67	0.32	0.1085	0.0567075	NAN	
0.85	0.68	0.324	0.098	0.05774	NAN	
0.86	0.685	0.328	0.1115	0.0587875	NAN	
0.87	0.695	0.3325	0.102	0.059855	NAN	
0.88	0.7	0.337	0.1065	0.0608975	NAN	
0.89	0.71	0.3415	0.1065	0.0619625	NAN	
0.9	0.72	0.3455	0.105	0.06302	NAN	
0.91	0.725	0.35	0.107	0.06408	NAN	
0.92	0.735	0.3545	0.119	0.06521	NAN	
0.93	0.74	0.3585	0.11	0.066355	NAN	
0.94	0.75	0.363	0.1115	0.0674625	NAN	
0.95	0.76	0.3675	0.103	0.068535	NAN	
0.96	0.765	0.372	0.1155	0.0696275	NAN	
0.97	0.775	0.3765	0.105	0.07073	NAN	
0.98	0.78	0.3815	0.114	0.071825	NAN	
0.99	0.79	0.386	0.1065	0.0729275	NAN	
1	0.8	0.391	0.1085	0.0740025	NAN	
1.01	0.805	0.3955	0.108	0.075085	NAN	
1.02	0.815	0.4	0.1085	0.0761675	NAN	
1.03	0.82	0.405	0.111	0.077265	NAN	
1.04	0.83	0.4095	0.1125	0.0783825	NAN	
1.05	0.84	0.4145	0.097	0.07943	NAN	
1.06	0.845	0.4195	0.106	0.080445	NAN	
1.07	0.855	0.424	0.117	0.08156	NAN	
1.08	0.86	0.429	0.112	0.082705	NAN	
1.09	0.87	0.4335	0.1025	0.0837775	NAN	
1.1	0.88	0.439	0.106	0.08482	NAN	
1.11	0.885	0.4435	0.099	0.085845	NAN	
1.12	0.895	0.4485	0.111	0.086895	NAN	
1.13	0.9	0.4535	0.103	0.087965	NAN	
1.14	0.91	0.4585	0.109	0.089025	NAN	
1.15	0.92	0.4635	0.104	0.09009	NAN	
1.16	0.925	0.4685	0.1055	0.0911375	NAN	
1.17	0.935	0.4735	0.1035	0.0921825	NAN	
1.18	0.94	0.479	0.1015	0.0932075	NAN	
1.19	0.95	0.484	0.092	0.094175	NAN	
1.2	0.96	0.489	0.094	0.095105	NAN	
1.21	0.965	0.494	0.0925	0.0960375	NAN	
1.22	0.975	0.499	0.1055	0.0970275	NAN	
1.23	0.98	0.504	0.102	0.098065	NAN	
1.24	0.99	0.509	0.111	0.09913	NAN	
1.25	1	0.514	0.0955	0.1001625	NAN	
1.26	1.005	0.5195	0.109	0.101185	NAN	
1.27	1.015	0.5245	0.0915	0.1021875	NAN	
1.28	1.02	0.5295	0.097	0.10313	NAN	
1.29	1.03	0.534	0.0815	0.1040225	NAN	
1.3	1.04	0.5395	0.0905	0.1048825	NAN	
1.31	1.045	0.5445	0.0845	0.1057575	NAN	
1.32	1.055	0.5495	0.103	0.106695	NAN	
1.33	1.06	0.5545	0.069	0.107555	NAN	
1.34	1.07	0.5595	0.0875	0.1083375	NAN	
1.35	1.08	0.565	0.0785	0.1091675	NAN	
1.36	1.085	0.5695	0.0865	0.1099925	NAN	
1.37	1.095	0.5745	0.081	0.11083	NAN	
1.38	1.1	0.5795	0.0805	0.1116375	NAN	
1.39	1.11	0.5845	0.0795	0.1124375	NAN	
1.4	1.12	0.5895	0.0755	0.1132125	NAN	
1.41	1.125	0.5945	0.0755	0.1139675	NAN	
1.42	1.135	0.5995	0.0805	0.1147475	NAN	
1.43	1.14	0.6045	0.067	0.115485	NAN	
1.44	1.15	0.6095	0.0795	0.1162175	NAN	
1.45	1.16	0.6145	0.069	0.11696	NAN	
1.46	1.165	0.619	0.08	0.117705	NAN	
1.47	1.175	0.624	0.071	0.11846	NAN	
1.48	1.18	0.629	0.0735	0.1191825	NAN	
1.49	1.19	0.6335	0.072	0.11991	NAN	
1.5	1.2	0.639	0.068	0.12061	NAN	
1.51	1.205	0.6435	0.067	0.121285	NAN	
1.52	1.215	0.6485	0.072	0.12198	NAN	
1.53	1.22	0.653	0.06	0.12264	NAN	
1.54	1.23	0.658	0.0735	0.1233075	NAN	
1.55	1.24	0.663	0.058	0.123965	NAN	
1.56	1.245	0.6675	0.07	0.124605	NAN	
1.57	1.255	0.6725	0.064	0.125275	NAN	
1.58	1.26	0.6775	0.0675	0.1259325	NAN	
1.59	1.27	0.682	0.064	0.12659	NAN	
1.6	1.28	0.6865	0.0605	0.1272125	NAN	
1.61	1.285	0.6915	0.059	0.12781	NAN	
1.62	1.295	0.696	0.0645	0.1284275	NAN	
1.63	1.3	0.7005	0.0545	0.1290225	NAN	
1.64	1.31	0.7055	0.0655	0.1296225	NAN	
1.65	1.32	0.71	0.0515	0.1302075	NAN	
1.66	1.325	0.7145	0.0655	0.1307925	NAN	
1.67	1.335	0.7195	0.0615	0.1314275	NAN	
1.68	1.34	0.724	0.0595	0.1320325	NAN	
1.69	1.35	0.729	0.0615	0.1326375	NAN	
1.7	1.36	0.7335	0.055	0.13322	NAN	
1.71	1.365	0.7385	0.0605	0.1337975	NAN	
1.72	1.375	0.743	0.0615	0.1344075	NAN	
1.73	1.38	0.748	0.052	0.134975	NAN	
1.74	1.39	0.7525	0.062	0.135545	NAN	
1.75	1.4	0.757	0.0465	0.1360875	NAN	
1.76	1.405	0.762	0.063	0.136635	NAN	
1.77	1.415	0.7665	0.05	0.1372	NAN	
1.78	1.42	0.7715	0.0585	0.1377425	NAN	
1.79	1.43	0.776	0.052	0.138295	NAN	
1.8	1.44	0.7805	0.049	0.1388	NAN	
1.81	1.445	0.7855	0.0575	0.1393325	NAN	
1.82	1.455	0.79	0.052	0.13988	NAN	
1.83	1.46	0.795	0.0465	0.1403725	NAN	
1.84	1.47	0.7995	0.0525	0.1408675	NAN	
1.85	1.48	0.804	0.0445	0.1413525	NAN	
1.86	1.485	0.8085	0.059	0.14187	NAN	
1.87	1.495	0.8135	0.0505	0.1424175	NAN	
1.88	1.5	0.818	0.054	0.14294	NAN	
1.89	1.51	0.8225	0.0505	0.1434625	NAN	
1.9	1.52	0.827	0.0535	0.1439825	NAN	
1.91	1.525	0.832	0.048	0.14449	NAN	
1.92	1.535	0.8365	0.052	0.14499	NAN	
1.93	1.54	0.841	0.0455	0.1454775	NAN	
1.94	1.55	0.846	0.0445	0.1459275	NAN	
1.95	1.56	0.8505	0.04	0.14635	NAN	
1.96	1.565	0.8555	0.0535	0.1468175	NAN	
1.97	1.575	0.8595	0.036	0.147265	NAN	
1.98	1.58	0.8645	0.0555	0.1477225	NAN	
1.99	1.59	0.8685	0.0455	0.1482275	NAN	
2	1.6	0.8735	0.053	0.14872	NAN	
2.01	1.605	0.878	0.043	0.1492	NAN	
2.02	1.615	0.8825	0.041	0.14962	NAN	
2.03	1.62	0.887	0.0395	0.1500225	NAN	
2.04	1.63	0.8915	0.0435	0.1504375	NAN	
2.05	1.64	0.896	0.039	0.15085	NAN	
2.06	1.645	0.9005	0.045	0.15127	NAN	
2.07	1.655	0.9045	0.0395	0.1516925	NAN	
2.08	1.66	0.909	0.05	0.15214	NAN	
2.09	1.67	0.9135	0.0475	0.1526275	NAN	
2.1	1.68	0.918	0.045	0.15309	NAN	
2.11	1.685	0.9225	0.0405	0.1535175	NAN	
2.12	1.695	0.927	0.045	0.153945	NAN	
2.13	1.7	0.931	0.0385	0.1543625	NAN	
2.14	1.71	0.9355	0.043	0.15477	NAN	
2.15	1.72	0.94	0.0385	0.1551775	NAN	
2.16	1.725	0.9445	0.043	0.155585	NAN	
2.17	1.735	0.9485	0.0385	0.1559925	NAN	
2.18	1.74	0.953	0.042	0.156395	NAN	
2.19	1.75	0.9575	0.033	0.15677	NAN	
2.2	1.76	0.962	0.05	0.157185	NAN	
2.21	1.765	0.966	0.0365	0.1576175	NAN	
2.22	1.775	0.9705	0.037	0.157985	NAN	
2.23	1.78	0.9745	0.0375	0.1583575	NAN	
2.24	1.79	0.979	0.043	0.15876	NAN	
2.25	1.8	0.983	0.04	0.159175	NAN	
2.26	1.805	0.9875	0.044	0.159595	NAN	
2.27	1.815	0.9915	0.0335	0.1599825	NAN	
2.28	1.82	0.996	0.044	0.16037	NAN	
2.29	1.83	1.0005	0.031	0.160745	NAN	
2.3	1.84	1.0045	0.037	0.161085	NAN	
2.31	1.845	1.009	0.0345	0.1614425	NAN	
2.32	1.855	1.0135	0.0415	0.1618225	NAN	
2.33	1.86	1.0175	0.034	0.1622	NAN	
2.34	1.87	1.02	0.04	0.16257	NAN	
2.35	1.88	1.02	0.0355	0.1629475	NAN	
2.36	1.885	1.02	0.0405	0.1633275	NAN	
2.37	1.895	1.02	0.032	0.16369	NAN	
2.38	1.9	1.02	0.0385	0.1640425	NAN	
2.39	1.91	1.02	0.0295	0.1643825	NAN	
2.4	1.92	1.02	0.0385	0.1647225	NAN	
2.41	1.925	1.02	0.0335	0.1650825	NAN	
2.42	1.935	1.02	0.04	0.16545	NAN	
2.43	1.94	1.02	0.033	0.165815	NAN	
2.44	1.95	1.02	0.041	0.166185	NAN	
2.45	1.96	1.02	0.033	0.166555	NAN	
2.46	1.965	1.02	0.045	0.166945	NAN	
2.47	1.975	1.02	0.034	0.16734	NAN	
2.48	1.98	1.02	0.0305	0.1676625	NAN	
2.49	1.99	1.02	0.0285	0.1679575	NAN	
2.5	2	1.02	0.0405	0.1683025	NAN	
2.51	1.995	1.02	0.027	0.16864	NAN	
2.52	1.985	1.02	0.018	0.168865	NAN	
2.53	1.98	1.02	0.012	0.169015	NAN	
2.54	1.97	1.02	0.0045	0.1690975	NAN	
2.55	1.96	1.02	-0.003	0.169105	NAN	
2.56	1.955	1.02	0.0005	0.1690925	NAN	
2.57	1.945	1.02	-0.009	0.16905	NAN	
2.58	1.94	1.02	-0.0065	0.1689725	NAN	
2.59	1.93	1.02	-0.013	0.168875	NAN	
2.6	1.92	1.02	-0.0035	0.1687925	NAN	
2.61	1.915	1.02	-0.0165	0.1686925	NAN	
2.62	1.905	1.02	-0.016	0.16853	NAN	
2.63	1.9	1.02	-0.012	0.16839	NAN	
2.64	1.89	1.02	-0.0045	0.1683075	NAN	
2.65	1.88	1.02	-0.012	0.168225	NAN	
2.66	1.875	1.02	-0.011	0.16811	NAN	
2.67	1.865	1.02	-0.013	0.16799	NAN	
2.68	1.86	1.02	-0.01	0.167875	NAN	
2.69	1.85	1.02	-0.0025	0.1678125	NAN	
2.7	1.84	1.02	-0.012	0.16774	NAN	
2.71	1.835	1.02	-0.021	0.167575	NAN	
2.72	1.825	1.02	-0.0165	0.1673875	NAN	
2.73	1.82	1.02	-0.0125	0.1672425	NAN	
2.74	1.81	1.02	-0.009	0.167135	NAN	
2.75	1.8	1.02	-0.014	0.16702	NAN	
2.76	1.795	1.018	-0.0105	0.1668975	NAN	
2.77	1.785	1.0135	-0.019	0.16675	NAN	
2.78	1.78	1.0095	-0.0075	0.1666175	NAN	
2.79	1.77	1.0055	-0.021	0.166475	NAN	
2.8	1.76	1.0015	-0.007	0.166335	NAN	
2.81	1.755	0.997	-0.0225	0.1661875	NAN	
2.82	1.745	0.993	-0.0125	0.1660125	NAN	
2.83	1.74	0.9885	-0.0155	0.1658725	NAN	
2.84	1.73	0.985	-0.0145	0.1657225	NAN	
2.85	1.72	0.9805	-0.0155	0.1655725	NAN	
2.86	1.715	0.9765	-0.015	0.16542	NAN	
2.87	1.705	0.9725	-0.0105	0.1652925	NAN	
2.88	1.7	0.9685	-0.015	0.165165	NAN	
2.89	1.69	0.964	-0.0145	0.1650175	NAN	
2.9	1.68	0.9605	-0.0195	0.1648475	NAN	
2.91	1.675	0.956	-0.0205	0.1646475	NAN	
2.92	1.665	0.952	-0.014	0.164475	NAN	
2.93	1.66	0.9475	-0.022	0.164295	NAN	
2.94	1.65	0.9435	-0.008	0.164145	NAN	
2.95	1.64	0.939	-0.019	0.16401	NAN	
2.96	1.635	0.935	-0.0145	0.1638425	NAN	
2.97	1.625	0.9305	-0.0235	0.1636525	NAN	
2.98	1.62	0.9265	-0.009	0.16349	NAN	
2.99	1.61	0.922	-0.022	0.163335	NAN	
3	1.6	0.918	-0.012	0.163165	NAN	
3.01	1.595	0.9135	-0.02	0.163005	NAN	
3.02	1.585	0.91	-0.014	0.162835	NAN	
3.03	1.58	0.9055	-0.019	0.16267	NAN	
3.04	1.57	0.9015	-0.0195	0.1624775	NAN	
3.05	1.56	0.8975	-0.018	0.16229	NAN	
3.06	1.555	0.893	-0.018	0.16211	NAN	
3.07	1.545	0.8885	-0.0145	0.1619475	NAN	
3.08	1.54	0.8845	-0.019	0.16178	NAN	
3.09	1.53	0.88	-0.0205	0.1615825	NAN	
3.1	1.52	0.8755	-0.0195	0.1613825	NAN	
3.11	1.515	0.8715	-0.0185	0.1611925	NAN	
3.12	1.505	0.867	-0.013	0.161035	NAN	
3.13	1.5	0.8625	-0.022	0.16086	NAN	
3.14	1.49	0.858	-0.0165	0.1606675	NAN	
3.15	1.48	0.8535	-0.024	0.160465	NAN	
3.16	1.475	0.8495	-0.017	0.16026	NAN	
3.17	1.465	0.845	-0.026	0.160045	NAN	
3.18	1.46	0.8405	-0.015	0.15984	NAN	
3.19	1.45	0.8365	-0.022	0.159655	NAN	
3.2	1.44	0.832	-0.015	0.15947	NAN	
3.21	1.435	0.8275	-0.021	0.15929	NAN	
3.22	1.425	0.8235	-0.02	0.159085	NAN	
3.23	1.42	0.819	-0.0195	0.1588875	NAN	
3.24	1.41	0.8145	-0.025	0.158665	NAN	
3.25	1.4	0.8105	-0.02	0.15844	NAN	
3.26	1.395	0.806	-0.0215	0.1582325	NAN	
3.27	1.385	0.8015	-0.0255	0.1579975	NAN	
3.28	1.38	0.7975	-0.02	0.15777	NAN	
3.29	1.37	0.7925	-0.0245	0.1575475	NAN	
3.3	1.36	0.7885	-0.0175	0.1573375	NAN	
3.31	1.355	0.7835	-0.0255	0.1571225	NAN	
3.32	1.345	0.7795	-0.02	0.156895	NAN	
3.33	1.34	0.775	-0.0265	0.1566625	NAN	
3.34	1.33	0.771	-0.0195	0.1564325	NAN	
3.35	1.32	0.767	-0.0215	0.1562275	NAN	
3.36	1.315	0.762	-0.018	0.15603	NAN	
3.37	1.305	0.757	-0.0275	0.1558025	NAN	
3.38	1.3	0.7535	-0.033	0.1555	NAN	
3.39	1.29	0.7485	-0.022	0.155225	NAN	
3.4	1.28	0.7445	-0.0195	0.1550175	NAN	
3.41	1.275	0.74	-0.0235	0.1548025	NAN	
3.42	1.265	0.736	-0.023	0.15457	NAN	
3.43	1.26	0.7315	-0.022	0.154345	NAN	
3.44	1.25	0.7275	-0.0215	0.1541275	NAN	
3.45	1.24	0.723	-0.0215	0.1539125	NAN	
3.46	1.235	0.719	-0.02	0.153705	NAN	
3.47	1.225	0.7145	-0.0315	0.1534475	NAN	
3.48	1.22	0.7105	-0.0175	0.1532025	NAN	
3.49	1.21	0.706	-0.0315	0.1529575	NAN	
3.5	1.2	0.702	-0.0175	0.1527125	NAN	
3.51	1.195	0.6975	-0.027	0.15249	NAN	
3.52	1.185	0.6935	-0.022	0.152245	NAN	
3.53	1.18	0.689	-0.026	0.152005	NAN	
3.54	1.17	0.6845	-0.023	0.15176	NAN	
3.55	1.16	0.6805	-0.026	0.151515	NAN	
3.56	1.155	0.676	-0.025	0.15126	NAN	
3.57	1.145	0.672	-0.0275	0.1509975	NAN	
3.58	1.14	0.6675	-0.027	0.150725	NAN	
3.59	1.13	0.6635	-0.0285	0.1504475	NAN	
3.6	1.12	0.659	-0.0255	0.1501775	NAN	
3.61	1.115	0.6545	-0.028	0.14991	NAN	
3.62	1.105	0.6505	-0.0285	0.1496275	NAN	
3.63	1.1	0.646	-0.0295	0.1493375	NAN	
3.64	1.09	0.6415	-0.0275	0.1490525	NAN	
3.65	1.08	0.637	-0.0305	0.1487625	NAN	
3.66	1.075	0.633	-0.023	0.148495	NAN	
3.67	1.065	0.6285	-0.0335	0.1482125	NAN	
3.68	1.06	0.6245	-0.0225	0.1479325	NAN	
3.69	1.05	0.62	-0.038	0.14763	NAN	
3.7	1.04	0.616	-0.0245	0.1473175	NAN	
3.71	1.035	0.6115	-0.0345	0.1470225	NAN	
3.72	1.025	0.6075	-0.0305	0.1466975	NAN	
3.73	1.02	0.6025	-0.0305	0.1463925	NAN	
3.74	1.01	0.599	-0.031	0.146085	NAN	
3.75	1	0.594	-0.029	0.145785	NAN	
3.76	0.995	0.59	-0.0325	0.1454775	NAN	
3.77	0.985	0.5855	-0.0315	0.1451575	NAN	
3.78	0.98	0.5815	-0.033	0.144835	NAN	
3.79	0.97	0.577	-0.036	0.14449	NAN	
3.8	0.96	0.5725	-0.031	0.144155	NAN	
3.81	0.955	0.5685	-0.0365	0.1438175	NAN	
3.82	0.945	0.564	-0.0315	0.1434775	NAN	
3.83	0.94	0.56	-0.039	0.143125	NAN	
3.84	0.93	0.5555	-0.029	0.142785	NAN	
3.85	0.92	0.5515	-0.037	0.142455	NAN	
3.86	0.915	0.547	-0.03	0.14212	NAN	
3.87	0.905	0.5425	-0.042	0.14176	NAN	
3.88	0.9	0.5385	-0.0315	0.1413925	NAN	
3.89	0.89	0.534	-0.0415	0.1410275	NAN	
3.9	0.88	0.5295	-0.036	0.14064	NAN	
3.91	0.875	0.525	-0.039	0.140265	NAN	
3.92	0.865	0.521	-0.0415	0.1398625	NAN	
3.93	0.86	0.516	-0.0395	0.1394575	NAN	
3.94	0.85	0.512	-0.039	0.139065	NAN	
3.95	0.84	0.5075	-0.038	0.13868	NAN	
3.96	0.835	0.503	-0.0385	0.1382975	NAN	
3.97	0.825	0.499	-0.044	0.137885	NAN	
3.98	0.82	0.4945	-0.0335	0.1374975	NAN	
3.99	0.81	0.49	-0.0425	0.1371175	NAN	
4	0.8	0.4855	-0.0285	0.1367625	NAN	
4.01	0.795	0.481	-0.056	0.13634	NAN	
4.02	0.785	0.477	-0.0435	0.1358425	NAN	
4.03	0.78	0.4725	-0.049	0.13538	NAN	
4.04	0.77	0.468	-0.0385	0.1349425	NAN	
4.05	0.76	0.464	-0.0445	0.1345275	NAN	
4.06	0.755	0.4595	-0.0385	0.1341125	NAN	
4.07	0.745	0.455	-0.0495	0.1336725	NAN	
4.08	0.74	0.4505	-0.0405	0.1332225	NAN	
4.09	0.73	0.446	-0.0495	0.1327725	NAN	
4.1	0.72	0.442	-0.0435	0.1323075	NAN	
4.11	0.715	0.4375	-0.049	0.131845	NAN	
4.12	0.705	0.433	-0.05	0.13135	NAN	
4.13	0.7	0.4285	-0.0485	0.1308575	NAN	
4.14	0.69	0.4245	-0.0485	0.1303725	NAN	
4.15	0.68	0.42	-0.05	0.12988	NAN	
4.16	0.675	0.4155	-0.0435	0.1294125	NAN	
4.17	0.665	0.4115	-0.0545	0.1289225	NAN	
4.18	0.66	0.407	-0.0305	0.1284975	NAN	
4.19	0.65	0.403	-0.063	0.12803	NAN	
4.2	0.64	0.3985	-0.034	0.127545	NAN	
4.21	0.635	0.394	-0.046	0.127145	NAN	
4.22	0.625	0.39	-0.041	0.12671	NAN	
4.23	0.62	0.3855	-0.0685	0.1261625	NAN	
4.24	0.61	0.3815	-0.063	0.125505	NAN	
4.25	0.6	0.3775	-0.041	0.124985	NAN	
4.26	0.595	0.3735	-0.052	0.12452	NAN	
4.27	0.585	0.369	-0.056	0.12398	NAN	
4.28	0.58	0.365	-0.053	0.123435	NAN	
4.29	0.57	0.3605	-0.0575	0.1228825	NAN	
4.3	0.56	0.3565	-0.054	0.122325	NAN	
4.31	0.555	0.3525	-0.057	0.12177	NAN	
4.32	0.545	0.348	-0.0575	0.1211975	NAN	
4.33	0.54	0.344	-0.066	0.12058	NAN	
4.34	0.53	0.34	-0.0535	0.1199825	NAN	
4.35	0.52	0.3355	-0.063	0.1194	NAN	
4.36	0.515	0.3315	-0.0585	0.1187925	NAN	
4.37	0.505	0.3275	-0.0685	0.1181575	NAN	
4.38	0.5	0.3235	-0.06	0.117515	NAN	
4.39	0.49	0.3195	-0.0685	0.1168725	NAN	
4.4	0.48	0.3155	-0.064	0.11621	NAN	
4.41	0.475	0.311	-0.066	0.11556	NAN	
4.42	0.465	0.307	-0.0645	0.1149075	NAN	
4.43	0.46	0.303	-0.066	0.114255	NAN	
4.44	0.45	0.299	-0.072	0.113565	NAN	
4.45	0.44	0.295	-0.0725	0.1128425	NAN	
4.46	0.435	0.291	-0.061	0.112175	NAN	
4.47	0.425	0.287	-0.0755	0.1114925	NAN	
4.48	0.42	0.283	-0.066	0.110785	NAN	
4.49	0.41	0.279	-0.074	0.110085	NAN	
4.5	0.4	0.275	-0.0675	0.1093775	NAN	
4.51	0.395	0.271	-0.0785	0.1086475	NAN	
4.52	0.385	0.2665	-0.071	0.1079	NAN	
4.53	0.38	0.2625	-0.08	0.107145	NAN	
4.54	0.37	0.2585	-0.0725	0.1063825	NAN	
4.55	0.36	0.2545	-0.08	0.10562	NAN	
4.56	0.355	0.2505	-0.076	0.10484	NAN	
4.57	0.345	0.247	-0.0855	0.1040325	NAN	
4.58	0.34	0.2425	-0.079	0.10321	NAN	
4.59	0.33	0.239	-0.084	0.102395	NAN	
4.6	0.32	0.2345	-0.08	0.101575	NAN	
4.61	0.315	0.231	-0.0815	0.1007675	NAN	
4.62	0.305	0.227	-0.0845	0.0999375	NAN	
4.63	0.3	0.223	-0.086	0.099085	NAN	
4.64	0.29	0.219	-0.085	0.09823	NAN	
4.65	0.28	0.2155	-0.086	0.097375	NAN	
4.66	0.275	0.2115	-0.0865	0.0965125	NAN	
4.67	0.265	0.2075	-0.098	0.09559	NAN	
4.68	0.26	0.204	-0.094	0.09463	NAN	
4.69	0.25	0.2	-0.1	0.09366	NAN	
4.7	0.24	0.196	-0.096	0.09268	NAN	
4.71	0.235	0.192	-0.101	0.091695	NAN	
4.72	0.225	0.188	-0.094	0.09072	NAN	
4.73	0.22	0.1845	-0.108	0.08971	NAN	
4.74	0.21	0.181	-0.1005	0.0886675	NAN	
4.75	0.2	0.177	-0.0995	0.0876675	NAN	
4.76	0.195	0.173	-0.104	0.08665	NAN	
4.77	0.185	0.1695	-0.106	0.0856	NAN	
4.78	0.18	0.1655	-0.109	0.084525	NAN	
4.79	0.17	0.162	-0.1115	0.0834225	NAN	
4.8	0.16	0.158	-0.108	0.082325	NAN	
4.81	0.155	0.1545	-0.114	0.081215	NAN	
4.82	0.145	0.151	-0.114	0.080075	NAN	
4.83	0.14	0.147	-0.1195	0.0789075	NAN	
4.84	0.13	0.1435	-0.1165	0.0777275	NAN	
4.85	0.12	0.1395	-0.124	0.076525	NAN	
4.86	0.115	0.136	-0.1115	0.0753475	NAN	
4.87	0.105	0.1325	-0.1275	0.0741525	NAN	
4.88	0.1	0.1285	-0.126	0.072885	NAN	
4.89	0.09	0.1255	-0.1335	0.0715875	NAN	
4.9	0.08	0.1215	-0.1285	0.0702775	NAN	
4.91	0.075	0.118	-0.1305	0.0689825	NAN	
4.92	0.065	0.1145	-0.136	0.06765	NAN	
4.93	0.06	0.111	-0.129	0.066325	NAN	
4.94	0.05	0.1075	-0.14	0.06498	NAN	
4.95	0.04	0.104	-0.149	0.063535	NAN	
4.96	0.035	0.1005	-0.1365	0.0621075	NAN	
4.97	0.025	0.097	-0.1485	0.0606825	NAN	
4.98	0.02	0.0935	-0.145	0.059215	NAN	
4.99	0.01	0.09	-0.154	0.05772	NAN	
5	0	0.0865	-0.15	0.0562	NAN	
5.01	-0.005	0.0835	-0.153	0.054685	NAN	
5.02	-0.015	0.08	-0.1505	0.0531675	NAN	
5.03	-0.02	0.0765	-0.159	0.05162	NAN	
5.04	-0.03	0.0735	-0.1555	0.0500475	NAN	
5.05	-0.04	0.07	-0.16	0.04847	NAN	
5.06	-0.045	0.0665	-0.1555	0.0468925	NAN	
5.07	-0.055	0.0635	-0.171	0.04526	NAN	
5.08	-0.06	0.0605	-0.1695	0.0435575	NAN	
5.09	-0.07	0.057	-0.1725	0.0418475	NAN	
5.1	-0.08	0.054	-0.171	0.04013	NAN	
5.11	-0.085	0.0505	-0.176	0.038395	NAN	
5.12	-0.095	0.0475	-0.185	0.03659	NAN	
5.13	-0.1	0.0445	-0.172	0.034805	NAN	
5.14	-0.11	0.041	-0.187	0.03301	NAN	
5.15	-0.12	0.0385	-0.1675	0.0312375	NAN	
5.16	-0.125	0.035	-0.191	0.029445	NAN	
5.17	-0.135	0.0315	-0.1985	0.0274975	NAN	
5.18	-0.14	0.029	-0.187	0.02557	NAN	
5.19	-0.15	0.026	-0.2185	0.0235425	NAN	
5.2	-0.16	0.023	-0.193	0.021485	NAN	
5.21	-0.165	0.02	-0.2025	0.0195075	NAN	
5.22	-0.175	0.017	-0.1965	0.0175125	NAN	
5.23	-0.18	0.0135	-0.21	0.01548	NAN	
5.24	-0.19	0.011	-0.2075	0.0133925	NAN	
5.25	-0.2	0.0085	-0.2125	0.0112925	NAN	
5.26	-0.205	0.005	-0.2135	0.0091625	NAN	
5.27	-0.215	0.002	-0.2205	0.0069925	NAN	
5.28	-0.22	0.0005	-0.2235	0.0047725	NAN	
5.29	-0.23	-0.003	-0.228	0.002515	NAN	
5.3	-0.24	-0.006	-0.2295	0.0002275	NAN	
5.31	-0.245	-0.0095	-0.235	-0.002095	NAN	
5.32	-0.255	-0.0115	-0.2395	-0.0044675	NAN	
5.33	-0.26	-0.014	-0.2535	-0.0069325	NAN	
5.34	-0.27	-0.0165	-0.2425	-0.0094125	NAN	
5.35	-0.28	-0.019	-0.251	-0.01188	NAN	
5.36	-0.285	-0.0215	-0.2335	-0.0143025	NAN	
5.37	-0.295	-0.024	-0.2635	-0.0167875	NAN	
5.38	-0.3	-0.026	-0.2555	-0.0193825	NAN	
5.39	-0.31	-0.029	-0.2645	-0.0219825	NAN	
5.4	-0.32	-0.031	-0.2635	-0.0246225	NAN	
5.41	-0.325	-0.034	-0.28	-0.02734	NAN	
5.42	-0.335	-0.036	-0.275	-0.030115	NAN	
5.43	-0.34	-0.0385	-0.281	-0.032895	NAN	
5.44	-0.35	-0.041	-0.282	-0.03571	NAN	
5.45	-0.36	-0.043	-0.284	-0.03854	NAN	
5.46	-0.365	-0.0455	-0.2875	-0.0413975	NAN	
5.47	-0.375	-0.048	-0.2955	-0.0443125	NAN	
5.48	-0.38	-0.05	-0.295	-0.047265	NAN	
5.49	-0.39	-0.0525	-0.3025	-0.0502525	NAN	
5.5	-0.4	-0.0545	-0.309	-0.05331	NAN	
5.51	-0.405	-0.0565	-0.3115	-0.0564125	NAN	
5.52	-0.415	-0.059	-0.3185	-0.0595625	NAN	
5.53	-0.42	-0.0615	-0.3165	-0.0627375	NAN	
5.54	-0.43	-0.0635	-0.323	-0.065935	NAN	
5.55	-0.44	-0.0655	-0.326	-0.06918	NAN	
5.56	-0.445	-0.0675	-0.33	-0.07246	NAN	
5.57	-0.455	-0.0695	-0.345	-0.075835	NAN	
5.58	-0.46	-0.0715	-0.3395	-0.0792575	NAN	
5.59	-0.47	-0.0735	-0.3475	-0.0826925	NAN	
5.6	-0.48	-0.076	-0.3415	-0.0861375	NAN	
5.61	-0.485	-0.0775	-0.3615	-0.0896525	NAN	
5.62	-0.495	-0.0795	-0.3525	-0.0932225	NAN	
5.63	-0.5	-0.082	-0.368	-0.096825	NAN	
5.64	-0.51	-0.0835	-0.364	-0.100485	NAN	
5.65	-0.52	-0.0855	-0.375	-0.10418	NAN	
5.66	-0.525	-0.0875	-0.373	-0.10792	NAN	
5.67	-0.535	-0.0895	-0.3815	-0.1116925	NAN	
5.68	-0.54	-0.091	-0.38	-0.1155	NAN	
5.69	-0.55	-0.093	-0.396	-0.11938	NAN	
5.7	-0.56	-0.095	-0.396	-0.12334	NAN	
5.71	-0.565	-0.0965	-0.4035	-0.1273375	NAN	
5.72	-0.575	-0.098	-0.41	-0.131405	NAN	
5.73	-0.58	-0.1	-0.416	-0.135535	NAN	
5.74	-0.59	-0.1015	-0.418	-0.139705	NAN	
5.75	-0.6	-0.1035	-0.4195	-0.1438925	NAN	
5.76	-0.605	-0.105	-0.428	-0.14813	NAN	
5.77	-0.615	-0.1065	-0.44	-0.15247	NAN	
5.78	-0.62	-0.1075	-0.436	-0.15685	NAN	
5.79	-0.63	-0.1095	-0.446	-0.16126	NAN	
5.8	-0.64	-0.111	-0.4485	-0.1657325	NAN	
5.81	-0.645	-0.1125	-0.452	-0.170235	NAN	
5.82	-0.655	-0.1135	-0.461	-0.1748	NAN	
5.83	-0.66	-0.1155	-0.463	-0.17942	NAN	
5.84	-0.67	-0.1175	-0.4645	-0.1840575	NAN	
5.85	-0.68	-0.118	-0.4785	-0.1887725	NAN	
5.86	-0.685	-0.1195	-0.478	-0.193555	NAN	
5.87	-0.695	-0.121	-0.49	-0.198395	NAN	
5.88	-0.7	-0.1225	-0.4895	-0.2032925	NAN	
5.89	-0.71	-0.124	-0.502	-0.20825	NAN	
5.9	-0.72	-0.1255	-0.4965	-0.2132425	NAN	
5.91	-0.725	-0.1265	-0.5105	-0.2182775	NAN	
5.92	-0.735	-0.1285	-0.509	-0.223375	NAN	
5.93	-0.74	-0.1295	-0.5225	-0.2285325	NAN	
5.94	-0.75	-0.131	-0.524	-0.233765	NAN	
5.95	-0.76	-0.1325	-0.537	-0.23907	NAN	
5.96	-0.765	-0.134	-0.532	-0.244415	NAN	
5.97	-0.775	-0.1355	-0.5475	-0.2498125	NAN	
5.98	-0.78	-0.1365	-0.54	-0.25525	NAN	
5.99	-0.79	-0.1385	-0.5565	-0.2607325	NAN	
6	-0.8	-0.14	-0.547	-0.26625	NAN	
6.01	-0.805	-0.1415	-0.5655	-0.2718125	NAN	
6.02	-0.815	-0.143	-0.563	-0.277455	NAN	
6.03	-0.82	-0.145	-0.571	-0.283125	NAN	
6.04	-0.83	-0.1465	-0.5695	-0.2888275	NAN	
6.05	-0.84	-0.1485	-0.588	-0.294615	NAN	
6.06	-0.845	-0.1505	-0.5835	-0.3004725	NAN	
6.07	-0.855	-0.152	-0.598	-0.30638	NAN	
6.08	-0.86	-0.154	-0.595	-0.312345	NAN	
6.09	-0.87	-0.1565	-0.607	-0.318355	NAN	
6.1	-0.88	-0.1585	-0.5945	-0.3243625	NAN	
6.11	-0.885	-0.1605	-0.613	-0.3304	NAN	
6.12	-0.895	-0.163	-0.609	-0.33651	NAN	
6.13	-0.9	-0.165	-0.619	-0.34265	NAN	
6.14	-0.91	-0.1675	-0.615	-0.34882	NAN	
6.15	-0.92	-0.1695	-0.627	-0.35503	NAN	
6.16	-0.925	-0.1725	-0.6255	-0.3612925	NAN	
6.17	-0.935	-0.1745	-0.6405	-0.3676225	NAN	
6.18	-0.94	-0.1775	-0.623	-0.37394	NAN	
6.19	-0.95	-0.1795	-0.644	-0.380275	NAN	
6.2	-0.96	-0.1825	-0.6355	-0.3866725	NAN	
6.21	-0.965	-0.1845	-0.6485	-0.3930925	NAN	
6.22	-0.975	-0.1875	-0.6425	-0.3995475	NAN	
6.23	-0.98	-0.19	-0.653	-0.406025	NAN	
6.24	-0.99	-0.1925	-0.6485	-0.4125325	NAN	
6.25	-1	-0.1955	-0.659	-0.41907	NAN	
6.26	-1.005	-0.198	-0.6545	-0.4256375	NAN	
6.27	-1.015	-0.2005	-0.6695	-0.4322575	NAN	
6.28	-1.02	-0.204	-0.6605	-0.4389075	NAN	
6.29	-1.03	-0.2065	-0.674	-0.44558	NAN	
6.3	-1.04	-0.21	-0.663	-0.452265	NAN	
6.31	-1.045	-0.2125	-0.6775	-0.4589675	NAN	
6.32	-1.055	-0.2165	-0.664	-0.465675	NAN	
6.33	-1.06	-0.2195	-0.6775	-0.4723825	NAN	
6.34	-1.07	-0.2235	-0.6695	-0.4791175	NAN	
6.35	-1.08	-0.2265	-0.6855	-0.4858925	NAN	
6.36	-1.085	-0.231	-0.676	-0.4927	NAN	
6.37	-1.095	-0.2345	-0.6885	-0.4995225	NAN	
6.38	-1.1	-0.2385	-0.6805	-0.5063675	NAN	
6.39	-1.11	-0.2425	-0.693	-0.513235	NAN	
6.4	-1.12	-0.2465	-0.6755	-0.5200775	NAN	
6.41	-1.125	-0.2505	-0.6895	-0.5269025	NAN	
6.42	-1.135	-0.2555	-0.678	-0.53374	NAN	
6.43	-1.14	-0.2595	-0.684	-0.54055	NAN	
6.44	-1.15	-0.2645	-0.6875	-0.5474075	NAN	
6.45	-1.16	-0.2695	-0.6825	-0.5542575	NAN	
6.46	-1.165	-0.2745	-0.675	-0.561045	NAN	
6.47	-1.175	-0.2795	-0.689	-0.567865	NAN	
6.48	-1.18	-0.2845	-0.6745	-0.5746825	NAN	
6.49	-1.19	-0.29	-0.682	-0.581465	NAN	
6.5	-1.2	-0.296	-0.668	-0.588215	NAN	
6.51	-1.205	-0.3015	-0.6765	-0.5949375	NAN	
6.52	-1.215	-0.3075	-0.6635	-0.6016375	NAN	
6.53	-1.22	-0.314	-0.6695	-0.6083025	NAN	
6.54	-1.23	-0.3205	-0.6555	-0.6149275	NAN	
6.55	-1.24	-0.327	-0.657	-0.62149	NAN	
6.56	-1.245	-0.3345	-0.6455	-0.6280025	NAN	
6.57	-1.255	-0.3415	-0.6515	-0.6344875	NAN	
6.58	-1.26	-0.349	-0.6285	-0.6408875	NAN	
6.59	-1.27	-0.357	-0.6415	-0.6472375	NAN	
6.6	-1.28	-0.3655	-0.6235	-0.6535625	NAN	
6.61	-1.285	-0.3735	-0.631	-0.659835	NAN	
6.62	-1.295	-0.382	-0.607	-0.666025	NAN	
6.63	-1.3	-0.3915	-0.609	-0.672105	NAN	
6.64	-1.31	-0.401	-0.5865	-0.6780825	NAN	
6.65	-1.32	-0.4105	-0.591	-0.68397	NAN	
6.66	-1.325	-0.4205	-0.5625	-0.6897375	NAN	
6.67	-1.335	-0.431	-0.569	-0.695395	NAN	
6.68	-1.34	-0.4415	-0.548	-0.70098	NAN	
6.69	-1.35	-0.4525	-0.55	-0.70647	NAN	
6.7	-1.36	-0.464	-0.522	-0.71183	NAN	
6.71	-1.365	-0.4755	-0.516	-0.71702	NAN	
6.72	-1.375	-0.488	-0.5005	-0.7221025	NAN	
6.73	-1.38	-0.5	-0.494	-0.727075	NAN	
6.74	-1.39	-0.5125	-0.472	-0.731905	NAN	
6.75	-1.4	-0.5255	-0.457	-0.73655	NAN	
6.76	-1.405	-0.5385	-0.442	-0.741045	NAN	
6.77	-1.415	-0.552	-0.4255	-0.7453825	NAN	
6.78	-1.42	-0.5655	-0.4065	-0.7495425	NAN	
6.79	-1.43	-0.579	-0.399	-0.75357	NAN	
6.8	-1.44	-0.5925	-0.3765	-0.7574475	NAN	
6.81	-1.445	-0.6065	-0.362	-0.76114	NAN	
6.82	-1.455	-0.6205	-0.347	-0.764685	NAN	
6.83	-1.46	-0.6345	-0.3265	-0.7680525	NAN	
6.84	-1.47	-0.6485	-0.3125	-0.7712475	NAN	
6.85	-1.48	-0.662	-0.296	-0.77429	NAN	
6.86	-1.485	-0.676	-0.2785	-0.7771625	NAN	
6.87	-1.495	-0.6895	-0.2675	-0.7798925	NAN	
6.88	-1.5	-0.7025	-0.249	-0.782475	NAN	
6.89	-1.51	-0.7155	-0.2425	-0.7849325	NAN	
6.9	-1.52	-0.728	-0.218	-0.787235	NAN	
6.91	-1.525	-0.7405	-0.2165	-0.7894075	NAN	
6.92	-1.535	-0.752	-0.1955	-0.7914675	NAN	
6.93	-1.54	-0.764	-0.188	-0.793385	NAN	
6.94	-1.55	-0.7755	-0.17	-0.795175	NAN	
6.95	-1.56	-0.786	-0.164	-0.796845	NAN	
6.96	-1.565	-0.7965	-0.1495	-0.7984125	NAN	
6.97	-1.575	-0.8065	-0.148	-0.7999	NAN	
6.98	-1.58	-0.816	-0.1325	-0.8013025	NAN	
6.99	-1.59	-0.8255	-0.128	-0.802605	NAN	
7	-1.6	-0.8345	-0.1195	-0.8038425	NAN	
7.01	-1.605	-0.843	-0.1135	-0.8050075	NAN	
7.02	-1.615	-0.8515	-0.1065	-0.8061075	NAN	
7.03	-1.62	-0.859	-0.1	-0.80714	NAN	
7.04	-1.63	-0.8665	-0.0945	-0.8081125	NAN	
7.05	-1.64	-0.874	-0.092	-0.809045	NAN	
7.06	-1.645	-0.8815	-0.0815	-0.8099125	NAN	
7.07	-1.655	-0.8885	-0.0885	-0.8107625	NAN	
7.08	-1.66	-0.8945	-0.073	-0.81157	NAN	
7.09	-1.67	-0.9015	-0.082	-0.812345	NAN	
7.1	-1.68	-0.908	-0.0675	-0.8130925	NAN	
7.11	-1.685	-0.914	-0.0785	-0.8138225	NAN	
7.12	-1.695	-0.92	-0.06	-0.814515	NAN	
7.13	-1.7	-0.926	-0.074	-0.815185	NAN	
7.14	-1.71	-0.9315	-0.061	-0.81586	NAN	
7.15	-1.72	-0.9375	-0.056	-0.816445	NAN	
7.16	-1.725	-0.943	-0.0595	-0.8170225	NAN	
7.17	-1.735	-0.9485	-0.059	-0.817615	NAN	
7.18	-1.74	-0.954	-0.0525	-0.8181725	NAN	
7.19	-1.75	-0.959	-0.0575	-0.8187225	NAN	
7.2	-1.76	-0.9645	-0.053	-0.819275	NAN	
7.21	-1.765	-0.9695	-0.061	-0.819845	NAN	
7.22	-1.775	-0.975	-0.053	-0.820415	NAN	
7.23	-1.78	-0.9795	-0.0585	-0.8209725	NAN	
7.24	-1.79	-0.985	-0.0465	-0.8214975	NAN	
7.25	-1.8	-0.99	-0.0535	-0.8219975	NAN	
7.26	-1.805	-0.995	-0.0435	-0.8224825	NAN	
7.27	-1.815	-1	-0.051	-0.822955	NAN	
7.28	-1.82	-1.005	-0.04	-0.82341	NAN	
7.29	-1.83	-1.009	-0.0465	-0.8238425	NAN	
7.3	-1.84	-1.014	-0.043	-0.82429	NAN	
7.31	-1.845	-1.019	-0.0455	-0.8247325	NAN	
7.32	-1.855	-1.0235	-0.0515	-0.8252175	NAN	
7.33	-1.86	-1.0275	-0.042	-0.825685	NAN	
7.34	-1.87	-1.0275	-0.0475	-0.8261325	NAN	
7.35	-1.88	-1.0275	-0.043	-0.826585	NAN	
7.36	-1.885	-1.0275	-0.0435	-0.8270175	NAN	
7.37	-1.895	-1.0275	-0.046	-0.827465	NAN	
7.38	-1.9	-1.0275	-0.0365	-0.8278775	NAN	
7.39	-1.91	-1.0275	-0.049	-0.828305	NAN	
7.4	-1.92	-1.0275	-0.0355	-0.8287275	NAN	
7.41	-1.925	-1.0275	-0.042	-0.829115	NAN	
7.42	-1.935	-1.0275	-0.0375	-0.8295125	NAN	
7.43	-1.94	-1.0275	-0.0485	-0.8299425	NAN	
7.44	-1.95	-1.0275	-0.0415	-0.8303925	NAN	
7.45	-1.96	-1.0275	-0.046	-0.83083	NAN	
7.46	-1.965	-1.0275	-0.0355	-0.8312375	NAN	
7.47	-1.975	-1.0275	-0.0445	-0.8316375	NAN	
7.48	-1.98	-1.0275	-0.0495	-0.8321075	NAN	
7.49	-1.99	-1.0275	-0.0325	-0.8325175	NAN	
7.5	-2	-1.0275	-0.0355	-0.8328575	NAN	
7.51	-1.995	-1.0275	-0.0285	-0.8331775	NAN	
7.52	-1.985	-1.0275	-0.0185	-0.8334125	NAN	
7.53	-1.98	-1.0275	0	-0.833505	NAN	
7.54	-1.97	-1.0275	0.0045	-0.8334825	NAN	
7.55	-1.96	-1.0275	-0.0105	-0.8335125	NAN	
7.56	-1.955	-1.0275	0.0115	-0.8335075	NAN	
7.57	-1.945	-1.0275	0.008	-0.83341	NAN	
7.58	-1.94	-1.0275	0.0065	-0.8333375	NAN	
7.59	-1.93	-1.0275	0.01	-0.833255	NAN	
7.6	-1.92	-1.0275	0.01	-0.833155	NAN	
7.61	-1.915	-1.0275	0.011	-0.83305	NAN	
7.62	-1.905	-1.0275	0.012	-0.832935	NAN	
7.63	-1.9	-1.0275	0.0085	-0.8328325	NAN	
7.64	-1.89	-1.0275	0.016	-0.83271	NAN	
7.65	-1.88	-1.0275	0.003	-0.832615	NAN	
7.66	-1.875	-1.0275	0.013	-0.832535	NAN	
7.67	-1.865	-1.0275	0.012	-0.83241	NAN	
7.68	-1.86	-1.0275	0.013	-0.832285	NAN	
7.69	-1.85	-1.0275	0.0145	-0.8321475	NAN	
7.7	-1.84	-1.0275	0.011	-0.83202	NAN	
7.71	-1.835	-1.0275	0.014	-0.831895	NAN	
7.72	-1.825	-1.0275	0.0195	-0.8317275	NAN	
7.73	-1.82	-1.0275	0.0105	-0.8315775	NAN	
7.74	-1.81	-1.0275	0.02	-0.831425	NAN	
7.75	-1.8	-1.0275	0.0075	-0.8312875	NAN	
7.76	-1.795	-1.0275	0.016	-0.83117	NAN	
7.77	-1.785	-1.027	0.014	-0.83102	NAN	
7.78	-1.78	-1.023	0.0125	-0.8308875	NAN	
7.79	-1.77	-1.0185	0.0165	-0.8307425	NAN	
7.8	-1.76	-1.014	0.015	-0.830585	NAN	
7.81	-1.755	-1.0095	0.013	-0.830445	NAN	
7.82	-1.745	-1.0055	0.0215	-0.8302725	NAN	
7.83	-1.74	-1.0005	0.012	-0.830105	NAN	
7.84	-1.73	-0.9965	0.0205	-0.8299425	NAN	
7.85	-1.72	-0.9915	0.011	-0.829785	NAN	
7.86	-1.715	-0.987	0.015	-0.829655	NAN	
7.87	-1.705	-0.9825	0.017	-0.829495	NAN	
7.88	-1.7	-0.9785	0.015	-0.829335	NAN	
7.89	-1.69	-0.9735	0.016	-0.82918	NAN	
7.9	-1.68	-0.97	0.017	-0.829015	NAN	
7.91	-1.675	-0.965	0.014	-0.82886	NAN	
7.92	-1.665	-0.9605	0.0235	-0.8286725	NAN	
7.93	-1.66	-0.956	0.0125	-0.8284925	NAN	
7.94	-1.65	-0.952	0.02	-0.82833	NAN	
7.95	-1.64	-0.9475	0.0165	-0.8281475	NAN	
7.96	-1.635	-0.9425	0.0175	-0.8279775	NAN	
7.97	-1.625	-0.9385	0.0185	-0.8277975	NAN	
7.98	-1.62	-0.934	0.015	-0.82763	NAN	
7.99	-1.61	-0.9295	0.015	-0.82748	NAN	
8	-1.6	-0.925	0.02	-0.827305	NAN	
8.01	-1.595	-0.9205	0.0115	-0.8271475	NAN	
8.02	-1.585	-0.916	0.023	-0.826975	NAN	
8.03	-1.58	-0.9115	0.0155	-0.8267825	NAN	
8.04	-1.57	-0.9075	0.02	-0.826605	NAN	
8.05	-1.56	-0.903	0.018	-0.826415	NAN	
8.06	-1.555	-0.8985	0.02	-0.826225	NAN	
8.07	-1.545	-0.894	0.018	-0.826035	NAN	
8.08	-1.54	-0.8895	0.0165	-0.8258625	NAN	
8.09	-1.53	-0.8855	0.0135	-0.8257125	NAN	
8.1	-1.52	-0.88	0.0175	-0.8255575	NAN	
8.11	-1.515	-0.8765	0.0155	-0.8253925	NAN	
8.12	-1.505	-0.872	0.023	-0.8252	NAN	
8.13	-1.5	-0.867	0.0205	-0.8249825	NAN	
8.14	-1.49	-0.863	0.017	-0.824795	NAN	
8.15	-1.48	-0.8575	0.021	-0.824605	NAN	
8.16	-1.475	-0.8535	0.027	-0.824365	NAN	
8.17	-1.465	-0.8495	0.02	-0.82413	NAN	
8.18	-1.46	-0.845	0.0245	-0.8239075	NAN	
8.19	-1.45	-0.841	0.0175	-0.8236975	NAN	
8.2	-1.44	-0.836	0.027	-0.823475	NAN	
8.21	-1.435	-0.8315	0.0165	-0.8232575	NAN	
8.22	-1.425	-0.827	0.0235	-0.8230575	NAN	
8.23	-1.42	-0.8225	0.0155	-0.8228625	NAN	
8.24	-1.41	-0.8185	0.016	-0.822705	NAN	
8.25	-1.4	-0.814	0.0135	-0.8225575	NAN	
8.26	-1.395	-0.8095	0.0245	-0.8223675	NAN	
8.27	-1.385	-0.805	0.021	-0.82214	NAN	
8.28	-1.38	-0.801	0.0235	-0.8219175	NAN	
8.29	-1.37	-0.796	0.0225	-0.8216875	NAN	
8.3	-1.36	-0.792	0.023	-0.82146	NAN	
8.31	-1.355	-0.7875	0.019	-0.82125	NAN	
8.32	-1.345	-0.783	0.029	-0.82101	NAN	
8.33	-1.34	-0.778	0.0165	-0.8207825	NAN	
8.34	-1.33	-0.774	0.0255	-0.8205725	NAN	
8.35	-1.32	-0.77	0.0105	-0.8203925	NAN	
8.36	-1.315	-0.765	0.0295	-0.8201925	NAN	
8.37	-1.305	-0.761	0.021	-0.81994	NAN	
8.38	-1.3	-0.756	0.031	-0.81968	NAN	
8.39	-1.29	-0.752	0.0215	-0.8194175	NAN	
8.4	-1.28	-0.7475	0.0275	-0.8191725	NAN	
8.41	-1.275	-0.7435	0.0225	-0.8189225	NAN	
8.42	-1.265	-0.739	0.024	-0.81869	NAN	
8.43	-1.26	-0.7345	0.0195	-0.8184725	NAN	
8.44	-1.25	-0.7305	0.0225	-0.8182625	NAN	
8.45	-1.24	-0.726	0.021	-0.818045	NAN	
8.46	-1.235	-0.722	0.029	-0.817795	NAN	
8.47	-1.225	-0.7175	0.02	-0.81755	NAN	
8.48	-1.22	-0.713	0.027	-0.817315	NAN	
8.49	-1.21	-0.7085	0.023	-0.817065	NAN	
8.5	-1.2	-0.705	0.025	-0.816825	NAN	
8.51	-1.195	-0.7	0.0265	-0.8165675	NAN	
8.52	-1.185	-0.696	0.0295	-0.8162875	NAN	
8.53	-1.18	-0.6915	0.023	-0.816025	NAN	
8.54	-1.17	-0.687	0.0295	-0.8157625	NAN	
8.55	-1.16	-0.683	0.015	-0.81554	NAN	
8.56	-1.155	-0.6785	0.0325	-0.8153025	NAN	
8.57	-1.145	-0.6735	0.0205	-0.8150375	NAN	
8.58	-1.14	-0.67	0.0285	-0.8147925	NAN	
8.59	-1.13	-0.665	0.028	-0.81451	NAN	
8.6	-1.12	-0.6615	0.029	-0.814225	NAN	
8.61	-1.115	-0.6565	0.032	-0.81392	NAN	
8.62	-1.105	-0.6525	0.0265	-0.8136275	NAN	
8.63	-1.1	-0.6475	0.028	-0.813355	NAN	
8.64	-1.09	-0.644	0.027	-0.81308	NAN	
8.65	-1.08	-0.6405	0.025	-0.81282	NAN	
8.66	-1.075	-0.635	0.0345	-0.8125225	NAN	
8.67	-1.065	-0.6315	0.0245	-0.8122275	NAN	
8.68	-1.06	-0.6265	0.0305	-0.8119525	NAN	
8.69	-1.05	-0.622	0.034	-0.81163	NAN	
8.7	-1.04	-0.618	0.029	-0.811315	NAN	
8.71	-1.035	-0.614	0.0365	-0.8109875	NAN	
8.72	-1.025	-0.61	0.034	-0.810635	NAN	
8.73	-1.02	-0.605	0.028	-0.810325	NAN	
8.74	-1.01	-0.6005	0.0365	-0.8100025	NAN	
8.75	-1	-0.5965	0.0245	-0.8096975	NAN	
8.76	-0.995	-0.5925	0.0355	-0.8093975	NAN	
8.77	-0.985	-0.587	0.0315	-0.8090625	NAN	
8.78	-0.98	-0.5835	0.033	-0.80874	NAN	
8.79	-0.97	-0.579	0.034	-0.808405	NAN	
8.8	-0.96	-0.5755	0.0325	-0.8080725	NAN	
8.81	-0.955	-0.571	0.035	-0.807735	NAN	
8.82	-0.945	-0.5665	0.0335	-0.8073925	NAN	
8.83	-0.94	-0.5625	0.0315	-0.8070675	NAN	
8.84	-0.93	-0.558	0.037	-0.806725	NAN	
8.85	-0.92	-0.5535	0.027	-0.806405	NAN	
8.86	-0.915	-0.5495	0.039	-0.806075	NAN	
8.87	-0.905	-0.5455	0.035	-0.805705	NAN	
8.88	-0.9	-0.5405	0.0365	-0.8053475	NAN	
8.89	-0.89	-0.537	0.0375	-0.8049775	NAN	
8.9	-0.88	-0.532	0.035	-0.804615	NAN	
8.91	-0.875	-0.527	0.039	-0.804245	NAN	
8.92	-0.865	-0.523	0.0415	-0.8038425	NAN	
8.93	-0.86	-0.519	0.0355	-0.8034575	NAN	
8.94	-0.85	-0.5145	0.043	-0.803065	NAN	
8.95	-0.84	-0.51	0.0325	-0.8026875	NAN	
8.96	-0.835	-0.5055	0.041	-0.80232	NAN	
8.97	-0.825	-0.502	0.0365	-0.8019325	NAN	
8.98	-0.82	-0.497	0.038	-0.80156	NAN	
8.99	-0.81	-0.493	0.0435	-0.8011525	NAN	
9	-0.8	-0.4885	0.035	-0.80076	NAN	
9.01	-0.795	-0.485	0.045	-0.80036	NAN	
9.02	-0.785	-0.48	0.0465	-0.7999025	NAN	
9.03	-0.78	-0.4755	0.0415	-0.7994625	NAN	
9.04	-0.77	-0.4715	0.05	-0.799005	NAN	
9.05	-0.76	-0.467	0.0355	-0.7985775	NAN	
9.06	-0.755	-0.463	0.044	-0.79818	NAN	
9.07	-0.745	-0.4585	0.0405	-0.7977575	NAN	
9.08	-0.74	-0.454	0.044	-0.797335	NAN	
9.09	-0.73	-0.4495	0.0475	-0.7968775	NAN	
9.1	-0.72	-0.4465	0.0445	-0.7964175	NAN	
9.11	-0.715	-0.4425	0.0485	-0.7959525	NAN	
9.12	-0.705	-0.437	0.04	-0.79551	NAN	
9.13	-0.7	-0.4325	0.037	-0.795125	NAN	
9.14	-0.69	-0.429	0.0445	-0.7947175	NAN	
9.15	-0.68	-0.424	0.0355	-0.7943175	NAN	
9.16	-0.675	-0.4205	0.048	-0.7939	NAN	
9.17	-0.665	-0.416	0.047	-0.793425	NAN	
9.18	-0.66	-0.412	0.0465	-0.7929575	NAN	
9.19	-0.65	-0.4075	0.048	-0.792485	NAN	
9.2	-0.64	-0.403	0.046	-0.792015	NAN	
9.21	-0.635	-0.399	0.051	-0.79153	NAN	
9.22	-0.625	-0.395	0.053	-0.79101	NAN	
9.23	-0.62	-0.391	0.0475	-0.7905075	NAN	
9.24	-0.61	-0.3865	0.0545	-0.7899975	NAN	
9.25	-0.6	-0.3815	0.047	-0.78949	NAN	
9.26	-0.595	-0.3785	0.0535	-0.7889875	NAN	
9.27	-0.585	-0.3745	0.0495	-0.7884725	NAN	
9.28	-0.58	-0.37	0.055	-0.78795	NAN	
9.29	-0.57	-0.3665	0.053	-0.78741	NAN	
9.3	-0.56	-0.3615	0.053	-0.78688	NAN	
9.31	-0.555	-0.3575	0.0595	-0.7863175	NAN	
9.32	-0.545	-0.3535	0.057	-0.785735	NAN	
9.33	-0.54	-0.3495	0.061	-0.785145	NAN	
9.34	-0.53	-0.345	0.0625	-0.7845275	NAN	
9.35	-0.52	-0.34	0.0575	-0.7839275	NAN	
9.36	-0.515	-0.337	0.063	-0.783325	NAN	
9.37	-0.505	-0.3325	0.059	-0.782715	NAN	
9.38	-0.5	-0.3285	0.0605	-0.7821175	NAN	
9.39	-0.49	-0.323	0.0635	-0.7814975	NAN	
9.4	-0.48	-0.3205	0.0615	-0.7808725	NAN	
9.41	-0.475	-0.317	0.065	-0.78024	NAN	
9.42	-0.465	-0.3125	0.066	-0.779585	NAN	
9.43	-0.46	-0.308	0.063	-0.77894	NAN	
9.44	-0.45	-0.304	0.07	-0.778275	NAN	
9.45	-0.44	-0.2995	0.062	-0.777615	NAN	
9.46	-0.435	-0.296	0.071	-0.77695	NAN	
9.47	-0.425	-0.293	0.066	-0.776265	NAN	
9.48	-0.42	-0.288	0.0715	-0.7755775	NAN	
9.49	-0.41	-0.2835	0.069	-0.774875	NAN	
9.5	-0.4	-0.28	0.0715	-0.7741725	NAN	
9.51	-0.395	-0.2765	0.0745	-0.7734425	NAN	
9.52	-0.385	-0.2715	0.075	-0.772695	NAN	
9.53	-0.38	-0.267	0.075	-0.771945	NAN	
9.54	-0.37	-0.2635	0.079	-0.771175	NAN	
9.55	-0.36	-0.2585	0.0725	-0.7704175	NAN	
9.56	-0.355	-0.2555	0.081	-0.76965	NAN	
9.57	-0.345	-0.251	0.074	-0.768875	NAN	
9.58	-0.34	-0.2475	0.0805	-0.7681025	NAN	
9.59	-0.33	-0.2435	0.0795	-0.7673025	NAN	
9.6	-0.32	-0.2395	0.0835	-0.7664875	NAN	
9.61	-0.315	-0.2365	0.082	-0.76566	NAN	
9.62	-0.305	-0.232	0.0845	-0.7648275	NAN	
9.63	-0.3	-0.2285	0.0865	-0.7639725	NAN	
9.64	-0.29	-0.224	0.0905	-0.7630875	NAN	
9.65	-0.28	-0.22	0.0825	-0.7622225	NAN	
9.66	-0.275	-0.216	0.0915	-0.7613525	NAN	
9.67	-0.265	-0.212	0.0895	-0.7604475	NAN	
9.68	-0.26	-0.209	0.0925	-0.7595375	NAN	
9.69	-0.25	-0.2045	0.089	-0.75863	NAN	
9.7	-0.24	-0.201	0.093	-0.75772	NAN	
9.71	-0.235	-0.197	0.0975	-0.7567675	NAN	
9.72	-0.225	-0.1935	0.0995	-0.7557825	NAN	
9.73	-0.22	-0.19	0.099	-0.75479	NAN	
9.74	-0.21	-0.186	0.1025	-0.7537825	NAN	
9.75	-0.2	-0.1825	0.101	-0.752765	NAN	
9.76	-0.195	-0.178	0.1055	-0.7517325	NAN	
9.77	-0.185	-0.1745	0.104	-0.750685	NAN	
9.78	-0.18	-0.171	0.1085	-0.7496225	NAN	
9.79	-0.17	-0.168	0.105	-0.748555	NAN	
9.8	-0.16	-0.1635	0.1135	-0.7474625	NAN	
9.81	-0.155	-0.16	0.112	-0.746335	NAN	
9.82	-0.145	-0.1565	0.1155	-0.7451975	NAN	
9.83	-0.14	-0.151	0.1115	-0.7440625	NAN	
9.84	-0.13	-0.149	0.119	-0.74291	NAN	
9.85	-0.12	-0.146	0.1205	-0.7417125	NAN	
9.86	-0.115	-0.142	0.1205	-0.7405075	NAN	
9.87	-0.105	-0.1375	0.1275	-0.7392675	NAN	
9.88	-0.1	-0.1345	0.1225	-0.7380175	NAN	
9.89	-0.09	-0.1305	0.1235	-0.7367875	NAN	
9.9	-0.08	-0.1275	0.1355	-0.7354925	NAN	
9.91	-0.075	-0.1235	0.121	-0.73421	NAN	
9.92	-0.065	-0.1205	0.1365	-0.7329225	NAN	
9.93	-0.06	-0.1165	0.1315	-0.7315825	NAN	
9.94	-0.05	-0.1135	0.146	-0.730195	NAN	
9.95	-0.04	-0.1095	0.141	-0.72876	NAN	
9.96	-0.035	-0.1065	0.139	-0.72736	NAN	
9.97	-0.025	-0.103	0.148	-0.725925	NAN	
9.98	-0.02	-0.0995	0.1425	-0.7244725	NAN	
9.99	-0.01	-0.097	0.143	-0.723045	NAN	
10	0	-0.0935	0.1455	-0.7216025	NAN	
10.01	0.005	-0.09	0.1505	-0.7201225	NAN	
10.02	0.015	-0.0865	0.1555	-0.7185925	NAN	
10.03	0.02	-0.0825	0.1485	-0.7170725	NAN	
10.04	0.03	-0.08	0.161	-0.715525	NAN	
10.05	0.04	-0.0775	0.1575	-0.7139325	NAN	
10.06	0.045	-0.0735	0.1645	-0.7123225	NAN	
10.07	0.055	-0.07	0.1705	-0.7106475	NAN	
10.08	0.06	-0.067	0.1685	-0.7089525	NAN	
10.09	0.07	-0.064	0.171	-0.707255	NAN	
10.1	0.08	-0.0605	0.169	-0.705555	NAN	
10.11	0.085	-0.0575	0.173	-0.703845	NAN	
10.12	0.095	-0.0545	0.183	-0.702065	NAN	
10.13	0.1	-0.0515	0.1755	-0.7002725	NAN	
10.14	0.11	-0.0485	0.1845	-0.6984725	NAN	
10.15	0.12	-0.0455	0.183	-0.696635	NAN	
10.16	0.125	-0.042	0.2	-0.69472	NAN	
10.17	0.135	-0.0395	0.1975	-0.6927325	NAN	
10.18	0.14	-0.036	0.1925	-0.6907825	NAN	
10.19	0.15	-0.033	0.1915	-0.6888625	NAN	
10.2	0.16	-0.0305	0.21	-0.686855	NAN	
10.21	0.165	-0.027	0.203	-0.68479	NAN	
10.22	0.175	-0.024	0.211	-0.68272	NAN	
10.23	0.18	-0.0215	0.211	-0.68061	NAN	
10.24	0.19	-0.0185	0.219	-0.67846	NAN	
10.25	0.2	-0.0155	0.217	-0.67628	NAN	
10.26	0.205	-0.0125	0.2155	-0.6741175	NAN	
10.27	0.215	-0.0105	0.2305	-0.6718875	NAN	
10.28	0.22	-0.0085	0.2265	-0.6696025	NAN	
10.29	0.23	-0.005	0.2325	-0.6673075	NAN	
10.3	0.24	-0.0015	0.23	-0.664995	NAN	
10.31	0.245	0.0005	0.2345	-0.6626725	NAN	
10.32	0.255	0.0045	0.2435	-0.6602825	NAN	
10.33	0.26	0.007	0.2385	-0.6578725	NAN	
10.34	0.27	0.0095	0.2535	-0.6554125	NAN	
10.35	0.28	0.0115	0.2405	-0.6529425	NAN	
10.36	0.285	0.015	0.2605	-0.6504375	NAN	
10.37	0.295	0.018	0.257	-0.64785	NAN	
10.38	0.3	0.0195	0.259	-0.64527	NAN	
10.39	0.31	0.0225	0.2635	-0.6426575	NAN	
10.4	0.32	0.025	0.27	-0.63999	NAN	
10.41	0.325	0.0275	0.272	-0.63728	NAN	
10.42	0.335	0.03	0.279	-0.634525	NAN	
10.43	0.34	0.0315	0.273	-0.631765	NAN	
10.44	0.35	0.035	0.274	-0.62903	NAN	
10.45	0.36	0.0375	0.2805	-0.6262575	NAN	
10.46	0.365	0.04	0.288	-0.623415	NAN	
10.47	0.375	0.0425	0.302	-0.620465	NAN	
10.48	0.38	0.0445	0.2985	-0.6174625	NAN	
10.49	0.39	0.047	0.296	-0.61449	NAN	
10.5	0.4	0.0495	0.307	-0.611475	NAN	
10.51	0.405	0.0515	0.299	-0.608445	NAN	
10.52	0.415	0.054	0.319	-0.605355	NAN	
10.53	0.42	0.056	0.3285	-0.6021175	NAN	
10.54	0.43	0.0585	0.323	-0.59886	NAN	
10.55	0.44	0.0605	0.3125	-0.5956825	NAN	
10.56	0.445	0.0625	0.335	-0.592445	NAN	
10.57	0.455	0.065	0.34	-0.58907	NAN	
10.58	0.46	0.067	0.333	-0.585705	NAN	
10.59	0.47	0.069	0.3325	-0.5823775	NAN	
10.6	0.48	0.0725	0.356	-0.578935	NAN	
10.61	0.485	0.0735	0.349	-0.57541	NAN	
10.62	0.495	0.0755	0.366	-0.571835	NAN	
10.63	0.5	0.0775	0.354	-0.568235	NAN	
10.64	0.51	0.0795	0.365	-0.56464	NAN	
10.65	0.52	0.0815	0.3585	-0.5610225	NAN	
10.66	0.525	0.0835	0.376	-0.55735	NAN	
10.67	0.535	0.085	0.376	-0.55359	NAN	
10.68	0.54	0.0875	0.38	-0.54981	NAN	
10.69	0.55	0.089	0.3895	-0.5459625	NAN	
10.7	0.56	0.091	0.396	-0.542035	NAN	
10.71	0.565	0.0925	0.3945	-0.5380825	NAN	
10.72	0.575	0.0945	0.407	-0.534075	NAN	
10.73	0.58	0.096	0.407	-0.530005	NAN	
10.74	0.59	0.098	0.4155	-0.5258925	NAN	
10.75	0.6	0.0995	0.4145	-0.5217425	NAN	
10.76	0.605	0.101	0.421	-0.517565	NAN	
10.77	0.615	0.1025	0.43	-0.51331	NAN	
10.78	0.62	0.1045	0.429	-0.509015	NAN	
10.79	0.63	0.1055	0.436	-0.50469	NAN	
10.8	0.64	0.1075	0.4445	-0.5002875	NAN	
10.81	0.645	0.109	0.449	-0.49582	NAN	
10.82	0.655	0.1105	0.456	-0.491295	NAN	
10.83	0.66	0.112	0.457	-0.48673	NAN	
10.84	0.67	0.1135	0.4695	-0.4820975	NAN	
10.85	0.68	0.1145	0.467	-0.477415	NAN	
10.86	0.685	0.116	0.478	-0.47269	NAN	
10.87	0.695	0.1175	0.48	-0.4679	NAN	
10.88	0.7	0.119	0.4695	-0.4631525	NAN	
10.89	0.71	0.1205	0.524	-0.458185	NAN	
10.9	0.72	0.1215	0.5145	-0.4529925	NAN	
10.91	0.725	0.1235	0.495	-0.447945	NAN	
10.92	0.735	0.1245	0.4965	-0.4429875	NAN	
10.93	0.74	0.1265	0.5115	-0.4379475	NAN	
10.94	0.75	0.1275	0.525	-0.432765	NAN	
10.95	0.76	0.129	0.5285	-0.4274975	NAN	
10.96	0.765	0.1305	0.534	-0.422185	NAN	
10.97	0.775	0.132	0.541	-0.41681	NAN	
10.98	0.78	0.1335	0.538	-0.411415	NAN	
10.99	0.79	0.1345	0.545	-0.406	NAN	
11	0.8	0.136	0.5515	-0.4005175	NAN	
11.01	0.805	0.138	0.562	-0.39495	NAN	
11.02	0.815	0.1395	0.567	-0.389305	NAN	
11.03	0.82	0.141	0.5695	-0.3836225	NAN	
11.04	0.83	0.143	0.5795	-0.3778775	NAN	
11.05	0.84	0.145	0.579	-0.372085	NAN	
11.06	0.845	0.1465	0.5875	-0.3662525	NAN	
11.07	0.855	0.1485	0.591	-0.36036	NAN	
11.08	0.86	0.1505	0.596	-0.354425	NAN	
11.09	0.87	0.152	0.598	-0.348455	NAN	
11.1	0.88	0.1545	0.6025	-0.3424525	NAN	
11.11	0.885	0.1565	0.6045	-0.3364175	NAN	
11.12	0.895	0.159	0.616	-0.330315	NAN	
11.13	0.9	0.161	0.612	-0.324175	NAN	
11.14	0.91	0.163	0.6265	-0.3179825	NAN	
11.15	0.92	0.1655	0.619	-0.311755	NAN	
11.16	0.925	0.168	0.6365	-0.3054775	NAN	
11.17	0.935	0.1705	0.6325	-0.2991325	NAN	
11.18	0.94	0.1725	0.6425	-0.2927575	NAN	
11.19	0.95	0.175	0.637	-0.28636	NAN	
11.2	0.96	0.1775	0.6465	-0.2799425	NAN	
11.21	0.965	0.18	0.6395	-0.2735125	NAN	
11.22	0.975	0.1825	0.655	-0.26704	NAN	
11.23	0.98	0.185	0.6475	-0.2605275	NAN	
11.24	0.99	0.188	0.663	-0.253975	NAN	
11.25	1	0.1905	0.6545	-0.2473875	NAN	
11.26	1.005	0.193	0.6675	-0.2407775	NAN	
11.27	1.015	0.196	0.665	-0.234115	NAN	
11.28	1.02	0.1985	0.672	-0.22743	NAN	
11.29	1.03	0.2015	0.67	-0.22072	NAN	
11.3	1.04	0.2045	0.6745	-0.2139975	NAN	
11.31	1.045	0.2075	0.674	-0.207255	NAN	
11.32	1.055	0.211	0.68	-0.200485	NAN	
11.33	1.06	0.214	0.6775	-0.1936975	NAN	
11.34	1.07	0.2175	0.684	-0.18689	NAN	
11.35	1.08	0.221	0.6835	-0.1800525	NAN	
11.36	1.085	0.225	0.6855	-0.1732075	NAN	
11.37	1.095	0.229	0.6875	-0.1663425	NAN	
11.38	1.1	0.2325	0.6855	-0.1594775	NAN	
11.39	1.11	0.236	0.687	-0.152615	NAN	
11.4	1.12	0.2405	0.6925	-0.1457175	NAN	
11.41	1.125	0.2445	0.685	-0.13883	NAN	
11.42	1.135	0.249	0.695	-0.13193	NAN	
11.43	1.14	0.2535	0.682	-0.125045	NAN	
11.44	1.15	0.258	0.6945	-0.1181625	NAN	
11.45	1.16	0.263	0.68	-0.11129	NAN	
11.46	1.165	0.2675	0.7405	-0.1041875	NAN	
11.47	1.175	0.2725	0.7005	-0.0969825	NAN	
11.48	1.18	0.278	0.702	-0.08997	NAN	
11.49	1.19	0.2835	0.6715	-0.0831025	NAN	
11.5	1.2	0.2885	0.6815	-0.0763375	NAN	
11.51	1.205	0.2945	0.6695	-0.0695825	NAN	
11.52	1.215	0.3005	0.682	-0.062825	NAN	
11.53	1.22	0.3065	0.661	-0.05611	NAN	
11.54	1.23	0.313	0.666	-0.049475	NAN	
11.55	1.24	0.3195	0.652	-0.042885	NAN	
11.56	1.245	0.327	0.667	-0.03629	NAN	
11.57	1.255	0.3335	0.655	-0.02968	NAN	
11.58	1.26	0.3415	0.654	-0.023135	NAN	
11.59	1.27	0.349	0.6445	-0.0166425	NAN	
11.6	1.28	0.3575	0.6375	-0.0102325	NAN	
11.61	1.285	0.3655	0.64	-0.003845	NAN	
11.62	1.295	0.3745	0.612	0.002415	NAN	
11.63	1.3	0.3835	0.6105	0.0085275	NAN	
11.64	1.31	0.393	0.6045	0.0146025	NAN	
11.65	1.32	0.4025	0.5825	0.0205375	NAN	
11.66	1.325	0.413	0.5915	0.0264075	NAN	
11.67	1.335	0.423	0.5675	0.0322025	NAN	
11.68	1.34	0.434	0.552	0.0378	NAN	
11.69	1.35	0.445	0.543	0.043275	NAN	
11.7	1.36	0.457	0.5305	0.0486425	NAN	
11.71	1.365	0.4685	0.5155	0.0538725	NAN	
11.72	1.375	0.481	0.517	0.059035	NAN	
11.73	1.38	0.4935	0.486	0.06405	NAN	
11.74	1.39	0.5065	0.482	0.06889	NAN	
11.75	1.4	0.5195	0.452	0.07356	NAN	
11.76	1.405	0.533	0.444	0.07804	NAN	
11.77	1.415	0.5465	0.421	0.082365	NAN	
11.78	1.42	0.5605	0.4215	0.0865775	NAN	
11.79	1.43	0.5745	0.3895	0.0906325	NAN	
11.8	1.44	0.5885	0.3775	0.0944675	NAN	
11.81	1.445	0.603	0.3605	0.0981575	NAN	
11.82	1.455	0.617	0.3495	0.1017075	NAN	
11.83	1.46	0.6315	0.322	0.105065	NAN	
11.84	1.47	0.646	0.3085	0.1082175	NAN	
11.85	1.48	0.66	0.289	0.111205	NAN	
11.86	1.485	0.6735	0.275	0.114025	NAN	
11.87	1.495	0.6875	0.2605	0.1167025	NAN	
11.88	1.5	0.7005	0.2445	0.1192275	NAN	
11.89	1.51	0.714	0.227	0.121585	NAN	
11.9	1.52	0.7265	0.2185	0.1238125	NAN	
11.91	1.525	0.739	0.201	0.12591	NAN	
11.92	1.535	0.7505	0.193	0.12788	NAN	
11.93	1.54	0.762	0.1695	0.1296925	NAN	
11.94	1.55	0.7735	0.1765	0.1314225	NAN	
11.95	1.56	0.784	0.1515	0.1330625	NAN	
11.96	1.565	0.7945	0.152	0.13458	NAN	
11.97	1.575	0.804	0.1415	0.1360475	NAN	
11.98	1.58	0.8135	0.131	0.13741	NAN	
11.99	1.59	0.8225	0.119	0.13866	NAN	
12	1.6	0.831	0.1145	0.1398275	NAN	
12.01	1.605	0.8395	0.094	0.14087	NAN	
12.02	1.615	0.8475	0.096	0.14182	NAN	
12.03	1.62	0.855	0.0925	0.1427625	NAN	
12.04	1.63	0.8625	0.0975	0.1437125	NAN	
12.05	1.64	0.8695	0.08	0.1446	NAN	
12.06	1.645	0.876	0.087	0.145435	NAN	
12.07	1.655	0.8825	0.071	0.146225	NAN	
12.08	1.66	0.8885	0.0755	0.1469575	NAN	
12.09	1.67	0.895	0.0715	0.1476925	NAN	
12.1	1.68	0.901	0.0665	0.1483825	NAN	
12.11	1.685	0.907	0.0595	0.1490125	NAN	
12.12	1.695	0.9125	0.064	0.14963	NAN	
12.13	1.7	0.918	0.062	0.15026	NAN	
12.14	1.71	0.9235	0.0655	0.1508975	NAN	
12.15	1.72	0.9285	0.053	0.15149	NAN	
12.16	1.725	0.934	0.0635	0.1520725	NAN	
12.17	1.735	0.939	0.0485	0.1526325	NAN	
12.18	1.74	0.944	0.0565	0.1531575	NAN	
12.19	1.75	0.949	0.0455	0.1536675	NAN	
12.2	1.76	0.9535	0.0525	0.1541575	NAN	
12.21	1.765	0.9585	0.0495	0.1546675	NAN	
12.22	1.775	0.9625	0.05	0.155165	NAN	
12.23	1.78	0.968	0.052	0.155675	NAN	
12.24	1.79	0.9725	0.052	0.156195	NAN	
12.25	1.8	0.977	0.045	0.15668	NAN	
12.26	1.805	0.9815	0.051	0.15716	NAN	
12.27	1.815	0.986	0.042	0.157625	NAN	
12.28	1.82	0.99	0.051	0.15809	NAN	
12.29	1.83	0.9955	0.0405	0.1585475	NAN	
12.3	1.84	0.999	0.0425	0.1589625	NAN	
12.31	1.845	1.004	0.0385	0.1593675	NAN	
12.32	1.855	1.0075	0.0455	0.1597875	NAN	
12.33	1.86	1.013	0.041	0.16022	NAN	
12.34	1.87	1.018	0.053	0.16069	NAN	
12.35	1.88	1.02	0.0385	0.1611475	NAN	
12.36	1.885	1.02	0.0525	0.1616025	NAN	
12.37	1.895	1.02	0.042	0.162075	NAN	
12.38	1.9	1.02	0.0455	0.1625125	NAN	
12.39	1.91	1.02	0.037	0.162925	NAN	
12.4	1.92	1.02	0.033	0.163275	NAN	
12.41	1.925	1.02	0.043	0.163655	NAN	
12.42	1.935	1.02	0.0465	0.1641025	NAN	
12.43	1.94	1.02	0.031	0.16449	NAN	
12.44	1.95	1.02	0.046	0.164875	NAN	
12.45	1.96	1.02	0.035	0.16528	NAN	
12.46	1.965	1.02	0.0545	0.1657275	NAN	
12.47	1.975	1.02	0.0285	0.1661425	NAN	
12.48	1.98	1.02	0.045	0.16651	NAN	
12.49	1.99	1.02	0.0385	0.1669275	NAN	
12.5	2	1.02	0.039	0.167315	NAN	
