MIN=0	-10	-1	-1	-2	0	
MAX=12.5	10	1	1	2	50	
SCALE=5	5	0.5	0.5	1	10	
DEC=2	2	3	3	2	2	
DEF="Time" t / s	"Voltage" U_1 / V	"Current" I_1 / A	"Voltage" U_B2 / V	"Magnetic Flux" &F / Vs	"Frequency" f / Hz	
0	0	-0.0005	-0.0025	0	NAN	
0.01	0.005	-0.0005	0.005	1.25E-5	NAN	
0.02	0.015	0.0005	0.009	8.25E-5	NAN	
0.03	0.02	0.0015	0.015	0.0002025	NAN	
0.04	0.03	0.004	0.0085	0.00032	NAN	
0.05	0.04	0.006	0.023	0.0004775	NAN	
0.06	0.045	0.0085	0.02	0.0006925	NAN	
0.07	0.055	0.0115	0.0325	0.000955	NAN	
0.08	0.06	0.0145	0.027	0.0012525	NAN	
0.09	0.07	0.0175	0.0345	0.00156	NAN	
0.1	0.08	0.021	0.031	0.0018875	NAN	
0.11	0.085	0.024	0.037	0.0022275	NAN	
0.12	0.095	0.0285	0.0375	0.0026	NAN	
0.13	0.1	0.0315	0.044	0.0030075	NAN	
0.14	0.11	0.035	0.0345	0.0034	NAN	
0.15	0.12	0.039	0.0495	0.00382	NAN	
0.16	0.125	0.0425	0.0405	0.00427	NAN	
0.17	0.135	0.0465	0.0535	0.00474	NAN	
0.18	0.14	0.05	0.046	0.0052375	NAN	
0.19	0.15	0.054	0.051	0.0057225	NAN	
0.2	0.16	0.058	0.047	0.0062125	NAN	
0.21	0.165	0.062	0.052	0.0067075	NAN	
0.22	0.175	0.066	0.052	0.0072275	NAN	
0.23	0.18	0.0695	0.059	0.0077825	NAN	
0.24	0.19	0.074	0.048	0.0083175	NAN	
0.25	0.2	0.078	0.059	0.0088525	NAN	
0.26	0.205	0.082	0.0495	0.009395	NAN	
0.27	0.215	0.0865	0.063	0.0099575	NAN	
0.28	0.22	0.0905	0.053	0.0105375	NAN	
0.29	0.23	0.0945	0.0625	0.011115	NAN	
0.3	0.24	0.0985	0.057	0.0117125	NAN	
0.31	0.245	0.1025	0.062	0.0123075	NAN	
0.32	0.255	0.107	0.062	0.0129275	NAN	
0.33	0.26	0.111	0.068	0.0135775	NAN	
0.34	0.27	0.115	0.061	0.0142225	NAN	
0.35	0.28	0.1195	0.0695	0.014875	NAN	
0.36	0.285	0.1235	0.0575	0.01551	NAN	
0.37	0.295	0.128	0.0735	0.016165	NAN	
0.38	0.3	0.132	0.06	0.0168325	NAN	
0.39	0.31	0.136	0.0725	0.017495	NAN	
0.4	0.32	0.1405	0.066	0.0181875	NAN	
0.41	0.325	0.144	0.0705	0.01887	NAN	
0.42	0.335	0.1485	0.0705	0.019575	NAN	
0.43	0.34	0.1525	0.0755	0.020305	NAN	
0.44	0.35	0.1565	0.067	0.0210175	NAN	
0.45	0.36	0.1605	0.0775	0.02174	NAN	
0.46	0.365	0.1645	0.068	0.0224675	NAN	
0.47	0.375	0.169	0.0795	0.023205	NAN	
0.48	0.38	0.173	0.068	0.0239425	NAN	
0.49	0.39	0.177	0.0805	0.024685	NAN	
0.5	0.4	0.181	0.072	0.0254475	NAN	
0.51	0.405	0.185	0.0805	0.02621	NAN	
0.52	0.415	0.1895	0.0775	0.027	NAN	
0.53	0.42	0.1935	0.0835	0.027805	NAN	
0.54	0.43	0.1975	0.08	0.0286225	NAN	
0.55	0.44	0.2015	0.085	0.0294475	NAN	
0.56	0.445	0.2055	0.0745	0.030245	NAN	
0.57	0.455	0.2095	0.09	0.0310675	NAN	
0.58	0.46	0.2135	0.075	0.0318925	NAN	
0.59	0.47	0.2175	0.0905	0.03272	NAN	
0.6	0.48	0.222	0.0775	0.03356	NAN	
0.61	0.485	0.2255	0.089	0.0343925	NAN	
0.62	0.495	0.2295	0.089	0.0352825	NAN	
0.63	0.5	0.2335	0.09	0.0361775	NAN	
0.64	0.51	0.2375	0.0875	0.037065	NAN	
0.65	0.52	0.2415	0.0915	0.03796	NAN	
0.66	0.525	0.2455	0.085	0.0388425	NAN	
0.67	0.535	0.25	0.098	0.0397575	NAN	
0.68	0.54	0.254	0.081	0.0406525	NAN	
0.69	0.55	0.258	0.099	0.0415525	NAN	
0.7	0.56	0.262	0.0925	0.04251	NAN	
0.71	0.565	0.266	0.0965	0.043455	NAN	
0.72	0.575	0.2705	0.093	0.0444025	NAN	
0.73	0.58	0.274	0.1025	0.04538	NAN	
0.74	0.59	0.2785	0.094	0.0463625	NAN	
0.75	0.6	0.2825	0.103	0.0473475	NAN	
0.76	0.605	0.2865	0.0915	0.04832	NAN	
0.77	0.615	0.2905	0.1035	0.049295	NAN	
0.78	0.62	0.295	0.0995	0.05031	NAN	
0.79	0.63	0.299	0.1105	0.05136	NAN	
0.8	0.64	0.303	0.093	0.0523775	NAN	
0.81	0.645	0.3075	0.11	0.0533925	NAN	
0.82	0.655	0.3115	0.104	0.0544625	NAN	
0.83	0.66	0.3155	0.109	0.0555275	NAN	
0.84	0.67	0.32	0.095	0.0565475	NAN	
0.85	0.68	0.324	0.107	0.0575575	NAN	
0.86	0.685	0.328	0.1025	0.058605	NAN	
0.87	0.695	0.3325	0.1125	0.05968	NAN	
0.88	0.7	0.337	0.1015	0.06075	NAN	
0.89	0.71	0.341	0.109	0.0618025	NAN	
0.9	0.72	0.3455	0.1005	0.06285	NAN	
0.91	0.725	0.3495	0.115	0.0639275	NAN	
0.92	0.735	0.3545	0.1055	0.06503	NAN	
0.93	0.74	0.3585	0.1125	0.06612	NAN	
0.94	0.75	0.363	0.1025	0.067195	NAN	
0.95	0.76	0.3675	0.1155	0.068285	NAN	
0.96	0.765	0.372	0.104	0.0693825	NAN	
0.97	0.775	0.3765	0.116	0.0704825	NAN	
0.98	0.78	0.381	0.106	0.0715925	NAN	
0.99	0.79	0.3855	0.11	0.0726725	NAN	
1	0.8	0.3905	0.1035	0.07374	NAN	
1.01	0.805	0.395	0.1085	0.0748	NAN	
1.02	0.815	0.4	0.1095	0.07589	NAN	
1.03	0.82	0.4045	0.116	0.0770175	NAN	
1.04	0.83	0.4095	0.0995	0.078095	NAN	
1.05	0.84	0.4145	0.115	0.0791675	NAN	
1.06	0.845	0.419	0.1	0.0802425	NAN	
1.07	0.855	0.424	0.1085	0.081285	NAN	
1.08	0.86	0.429	0.1	0.0823275	NAN	
1.09	0.87	0.4335	0.115	0.0834025	NAN	
1.1	0.88	0.4385	0.099	0.0844725	NAN	
1.11	0.885	0.4435	0.1075	0.085505	NAN	
1.12	0.895	0.4485	0.105	0.0865675	NAN	
1.13	0.9	0.4535	0.103	0.0876075	NAN	
1.14	0.91	0.4585	0.101	0.0886275	NAN	
1.15	0.92	0.4635	0.106	0.0896625	NAN	
1.16	0.925	0.4685	0.0995	0.09069	NAN	
1.17	0.935	0.4735	0.1085	0.09173	NAN	
1.18	0.94	0.4785	0.0945	0.092745	NAN	
1.19	0.95	0.4835	0.1045	0.09374	NAN	
1.2	0.96	0.489	0.0915	0.09472	NAN	
1.21	0.965	0.4935	0.1005	0.09568	NAN	
1.22	0.975	0.4985	0.093	0.0966475	NAN	
1.23	0.98	0.504	0.0945	0.097585	NAN	
1.24	0.99	0.509	0.091	0.0985125	NAN	
1.25	1	0.5135	0.089	0.0994125	NAN	
1.26	1.005	0.519	0.0905	0.10031	NAN	
1.27	1.015	0.524	0.097	0.1012475	NAN	
1.28	1.02	0.5295	0.0845	0.102155	NAN	
1.29	1.03	0.534	0.0965	0.10306	NAN	
1.3	1.04	0.5395	0.0795	0.10394	NAN	
1.31	1.045	0.5445	0.0955	0.104815	NAN	
1.32	1.055	0.5495	0.081	0.1056975	NAN	
1.33	1.06	0.5545	0.0865	0.106535	NAN	
1.34	1.07	0.5595	0.08	0.1073675	NAN	
1.35	1.08	0.5645	0.081	0.1081725	NAN	
1.36	1.085	0.5695	0.079	0.1089725	NAN	
1.37	1.095	0.5745	0.085	0.1097925	NAN	
1.38	1.1	0.5795	0.079	0.1106125	NAN	
1.39	1.11	0.584	0.085	0.1114325	NAN	
1.4	1.12	0.5895	0.0685	0.1122	NAN	
1.41	1.125	0.594	0.084	0.1129625	NAN	
1.42	1.135	0.599	0.071	0.1137375	NAN	
1.43	1.14	0.604	0.0825	0.114505	NAN	
1.44	1.15	0.609	0.071	0.1152725	NAN	
1.45	1.16	0.614	0.073	0.1159925	NAN	
1.46	1.165	0.619	0.0695	0.116705	NAN	
1.47	1.175	0.6235	0.071	0.1174075	NAN	
1.48	1.18	0.6285	0.069	0.1181075	NAN	
1.49	1.19	0.6335	0.0725	0.118815	NAN	
1.5	1.2	0.6385	0.066	0.1195075	NAN	
1.51	1.205	0.643	0.073	0.1202025	NAN	
1.52	1.215	0.6485	0.064	0.1208875	NAN	
1.53	1.22	0.653	0.073	0.1215725	NAN	
1.54	1.23	0.658	0.063	0.1222525	NAN	
1.55	1.24	0.6625	0.067	0.1229025	NAN	
1.56	1.245	0.6675	0.0615	0.123545	NAN	
1.57	1.255	0.672	0.0655	0.12418	NAN	
1.58	1.26	0.677	0.062	0.1248175	NAN	
1.59	1.27	0.6815	0.061	0.1254325	NAN	
1.6	1.28	0.686	0.0545	0.12601	NAN	
1.61	1.285	0.691	0.0645	0.126605	NAN	
1.62	1.295	0.6955	0.0575	0.127215	NAN	
1.63	1.3	0.7005	0.066	0.1278325	NAN	
1.64	1.31	0.705	0.055	0.1284375	NAN	
1.65	1.32	0.7095	0.062	0.1290225	NAN	
1.66	1.325	0.7145	0.0575	0.12962	NAN	
1.67	1.335	0.719	0.0595	0.130205	NAN	
1.68	1.34	0.724	0.055	0.1307775	NAN	
1.69	1.35	0.7285	0.0565	0.131335	NAN	
1.7	1.36	0.733	0.054	0.1318875	NAN	
1.71	1.365	0.738	0.059	0.1324525	NAN	
1.72	1.375	0.743	0.0555	0.133025	NAN	
1.73	1.38	0.7475	0.0605	0.133605	NAN	
1.74	1.39	0.752	0.0525	0.13417	NAN	
1.75	1.4	0.7565	0.058	0.1347225	NAN	
1.76	1.405	0.7615	0.0575	0.1353	NAN	
1.77	1.415	0.766	0.059	0.1358825	NAN	
1.78	1.42	0.771	0.053	0.1364425	NAN	
1.79	1.43	0.7755	0.0485	0.13695	NAN	
1.8	1.44	0.7805	0.0495	0.13744	NAN	
1.81	1.445	0.785	0.052	0.1379475	NAN	
1.82	1.455	0.7895	0.0535	0.138475	NAN	
1.83	1.46	0.7945	0.0555	0.13902	NAN	
1.84	1.47	0.799	0.05	0.1395475	NAN	
1.85	1.48	0.8035	0.0505	0.14005	NAN	
1.86	1.485	0.808	0.0505	0.140555	NAN	
1.87	1.495	0.813	0.056	0.1410875	NAN	
1.88	1.5	0.8175	0.049	0.1416125	NAN	
1.89	1.51	0.8225	0.0445	0.14208	NAN	
1.9	1.52	0.827	0.05	0.1425525	NAN	
1.91	1.525	0.8315	0.049	0.1430475	NAN	
1.92	1.535	0.836	0.05	0.1435425	NAN	
1.93	1.54	0.8405	0.0545	0.144065	NAN	
1.94	1.55	0.8455	0.041	0.1445425	NAN	
1.95	1.56	0.8495	0.047	0.1449825	NAN	
1.96	1.565	0.855	0.052	0.1454775	NAN	
1.97	1.575	0.859	0.0505	0.14599	NAN	
1.98	1.58	0.864	0.049	0.1464875	NAN	
1.99	1.59	0.868	0.0465	0.146965	NAN	
2	1.6	0.873	0.047	0.1474325	NAN	
2.01	1.605	0.8775	0.0415	0.147875	NAN	
2.02	1.615	0.882	0.0435	0.1483	NAN	
2.03	1.62	0.8865	0.044	0.1487375	NAN	
2.04	1.63	0.891	0.042	0.1491675	NAN	
2.05	1.64	0.895	0.0445	0.1496	NAN	
2.06	1.645	0.9	0.041	0.1500275	NAN	
2.07	1.655	0.904	0.0415	0.15044	NAN	
2.08	1.66	0.9085	0.0435	0.150865	NAN	
2.09	1.67	0.913	0.0435	0.1513	NAN	
2.1	1.68	0.9175	0.045	0.1517425	NAN	
2.11	1.685	0.922	0.0305	0.15212	NAN	
2.12	1.695	0.9265	0.0465	0.152505	NAN	
2.13	1.7	0.9305	0.0395	0.152935	NAN	
2.14	1.71	0.935	0.037	0.1533175	NAN	
2.15	1.72	0.9395	0.043	0.1537175	NAN	
2.16	1.725	0.944	0.044	0.1541525	NAN	
2.17	1.735	0.948	0.041	0.1545775	NAN	
2.18	1.74	0.9525	0.0425	0.154995	NAN	
2.19	1.75	0.957	0.037	0.1553925	NAN	
2.2	1.76	0.9615	0.0395	0.155775	NAN	
2.21	1.765	0.9655	0.034	0.1561425	NAN	
2.22	1.775	0.97	0.041	0.1565175	NAN	
2.23	1.78	0.974	0.037	0.1569075	NAN	
2.24	1.79	0.9785	0.035	0.1572675	NAN	
2.25	1.8	0.9825	0.0385	0.157635	NAN	
2.26	1.805	0.987	0.0375	0.158015	NAN	
2.27	1.815	0.9915	0.043	0.1584175	NAN	
2.28	1.82	0.9955	0.042	0.1588425	NAN	
2.29	1.83	1	0.0385	0.159245	NAN	
2.3	1.84	1.004	0.04	0.1596375	NAN	
2.31	1.845	1.008	0.0365	0.16002	NAN	
2.32	1.855	1.0125	0.0405	0.160405	NAN	
2.33	1.86	1.0165	0.037	0.1607925	NAN	
2.34	1.87	1.02	0.034	0.1611475	NAN	
2.35	1.88	1.02	0.038	0.1615075	NAN	
2.36	1.885	1.02	0.042	0.1619075	NAN	
2.37	1.895	1.02	0.039	0.1623125	NAN	
2.38	1.9	1.02	0.0425	0.16272	NAN	
2.39	1.91	1.02	0.032	0.1630925	NAN	
2.4	1.92	1.02	0.0395	0.16345	NAN	
2.41	1.925	1.02	0.034	0.1638175	NAN	
2.42	1.935	1.02	0.042	0.1641975	NAN	
2.43	1.94	1.02	0.035	0.1645825	NAN	
2.44	1.95	1.02	0.037	0.1649425	NAN	
2.45	1.96	1.02	0.0345	0.1653	NAN	
2.46	1.965	1.02	0.037	0.1656575	NAN	
2.47	1.975	1.02	0.0365	0.166025	NAN	
2.48	1.98	1.02	0.0425	0.16642	NAN	
2.49	1.99	1.02	0.0345	0.166805	NAN	
2.5	2	1.02	0.0435	0.167195	NAN	
2.51	1.995	1.02	0.0365	0.167595	NAN	
2.52	1.985	1.02	0.015	0.1678525	NAN	
2.53	1.98	1.02	0.0035	0.167945	NAN	
2.54	1.97	1.02	0.0005	0.167965	NAN	
2.55	1.96	1.02	-0.0015	0.16796	NAN	
2.56	1.955	1.02	-0.005	0.1679275	NAN	
2.57	1.945	1.02	-0.0105	0.16785	NAN	
2.58	1.94	1.02	-0.009	0.1677525	NAN	
2.59	1.93	1.02	-0.019	0.1676125	NAN	
2.6	1.92	1.02	-0.009	0.1674725	NAN	
2.61	1.915	1.02	-0.019	0.1673325	NAN	
2.62	1.905	1.02	-0.008	0.1671975	NAN	
2.63	1.9	1.02	-0.017	0.1670725	NAN	
2.64	1.89	1.02	-0.0105	0.166935	NAN	
2.65	1.88	1.02	-0.018	0.1667925	NAN	
2.66	1.875	1.02	-0.0065	0.16667	NAN	
2.67	1.865	1.02	-0.016	0.1665575	NAN	
2.68	1.86	1.02	-0.0105	0.166425	NAN	
2.69	1.85	1.02	-0.0145	0.1663	NAN	
2.7	1.84	1.02	-0.008	0.1661875	NAN	
2.71	1.835	1.02	-0.007	0.1661125	NAN	
2.72	1.825	1.02	-0.017	0.1659925	NAN	
2.73	1.82	1.02	-0.021	0.1658025	NAN	
2.74	1.81	1.02	-0.019	0.1656025	NAN	
2.75	1.8	1.02	-0.0095	0.16546	NAN	
2.76	1.795	1.0175	-0.012	0.1653525	NAN	
2.77	1.785	1.0135	-0.019	0.1651975	NAN	
2.78	1.78	1.0095	-0.0055	0.165075	NAN	
2.79	1.77	1.005	-0.019	0.1649525	NAN	
2.8	1.76	1.0015	-0.003	0.1648425	NAN	
2.81	1.755	0.997	-0.019	0.1647325	NAN	
2.82	1.745	0.993	-0.0105	0.164585	NAN	
2.83	1.74	0.9885	-0.019	0.1644375	NAN	
2.84	1.73	0.985	-0.009	0.1642975	NAN	
2.85	1.72	0.9805	-0.016	0.1641725	NAN	
2.86	1.715	0.9765	-0.0135	0.164025	NAN	
2.87	1.705	0.9725	-0.017	0.1638725	NAN	
2.88	1.7	0.9685	-0.0135	0.16372	NAN	
2.89	1.69	0.964	-0.016	0.1635725	NAN	
2.9	1.68	0.96	-0.0135	0.163425	NAN	
2.91	1.675	0.9555	-0.0155	0.16328	NAN	
2.92	1.665	0.9515	-0.0145	0.16313	NAN	
2.93	1.66	0.9475	-0.0155	0.16298	NAN	
2.94	1.65	0.9435	-0.0125	0.16284	NAN	
2.95	1.64	0.939	-0.0205	0.162675	NAN	
2.96	1.635	0.935	-0.0125	0.16251	NAN	
2.97	1.625	0.9305	-0.0235	0.16233	NAN	
2.98	1.62	0.9265	-0.0095	0.162165	NAN	
2.99	1.61	0.922	-0.0215	0.16201	NAN	
3	1.6	0.918	-0.0085	0.16186	NAN	
3.01	1.595	0.9135	-0.0205	0.161715	NAN	
3.02	1.585	0.91	-0.009	0.1615675	NAN	
3.03	1.58	0.9055	-0.0175	0.161435	NAN	
3.04	1.57	0.9015	-0.012	0.1612875	NAN	
3.05	1.56	0.897	-0.0165	0.161145	NAN	
3.06	1.555	0.8935	-0.0145	0.16099	NAN	
3.07	1.545	0.8885	-0.02	0.1608175	NAN	
3.08	1.54	0.884	-0.015	0.1606425	NAN	
3.09	1.53	0.8795	-0.021	0.1604625	NAN	
3.1	1.52	0.8755	-0.015	0.1602825	NAN	
3.11	1.515	0.871	-0.02	0.1601075	NAN	
3.12	1.505	0.8665	-0.01	0.1599575	NAN	
3.13	1.5	0.862	-0.026	0.1597775	NAN	
3.14	1.49	0.858	-0.014	0.1595775	NAN	
3.15	1.48	0.8535	-0.022	0.1593975	NAN	
3.16	1.475	0.8495	-0.011	0.1592325	NAN	
3.17	1.465	0.845	-0.0285	0.159035	NAN	
3.18	1.46	0.8405	-0.0135	0.158825	NAN	
3.19	1.45	0.836	-0.025	0.1586325	NAN	
3.2	1.44	0.832	-0.015	0.1584325	NAN	
3.21	1.435	0.8275	-0.023	0.1582425	NAN	
3.22	1.425	0.8235	-0.018	0.1580375	NAN	
3.23	1.42	0.8185	-0.021	0.1578425	NAN	
3.24	1.41	0.8145	-0.019	0.1576425	NAN	
3.25	1.4	0.81	-0.0195	0.15745	NAN	
3.26	1.395	0.806	-0.0205	0.15725	NAN	
3.27	1.385	0.801	-0.024	0.1570275	NAN	
3.28	1.38	0.797	-0.019	0.1568125	NAN	
3.29	1.37	0.7925	-0.0245	0.156595	NAN	
3.3	1.36	0.7885	-0.016	0.1563925	NAN	
3.31	1.355	0.7835	-0.0265	0.15618	NAN	
3.32	1.345	0.78	-0.0165	0.155965	NAN	
3.33	1.34	0.775	-0.026	0.1557525	NAN	
3.34	1.33	0.771	-0.0155	0.155545	NAN	
3.35	1.32	0.7665	-0.025	0.1553425	NAN	
3.36	1.315	0.762	-0.015	0.1551425	NAN	
3.37	1.305	0.7575	-0.03	0.1549175	NAN	
3.38	1.3	0.753	-0.0205	0.154665	NAN	
3.39	1.29	0.7485	-0.028	0.1544225	NAN	
3.4	1.28	0.7445	-0.0205	0.15418	NAN	
3.41	1.275	0.74	-0.024	0.1539575	NAN	
3.42	1.265	0.736	-0.024	0.1537175	NAN	
3.43	1.26	0.7315	-0.023	0.1534825	NAN	
3.44	1.25	0.7275	-0.022	0.1532575	NAN	
3.45	1.24	0.723	-0.0245	0.153025	NAN	
3.46	1.235	0.719	-0.0205	0.1528	NAN	
3.47	1.225	0.7145	-0.027	0.1525625	NAN	
3.48	1.22	0.7105	-0.0175	0.15234	NAN	
3.49	1.21	0.706	-0.032	0.1520925	NAN	
3.5	1.2	0.702	-0.019	0.1518375	NAN	
3.51	1.195	0.6975	-0.0315	0.151585	NAN	
3.52	1.185	0.693	-0.0225	0.151315	NAN	
3.53	1.18	0.6885	-0.03	0.1510525	NAN	
3.54	1.17	0.6845	-0.0215	0.150795	NAN	
3.55	1.16	0.68	-0.0255	0.15056	NAN	
3.56	1.155	0.676	-0.0235	0.150315	NAN	
3.57	1.145	0.6715	-0.027	0.1500625	NAN	
3.58	1.14	0.6675	-0.0245	0.149805	NAN	
3.59	1.13	0.663	-0.0285	0.14954	NAN	
3.6	1.12	0.659	-0.024	0.1492775	NAN	
3.61	1.115	0.6545	-0.03	0.1490075	NAN	
3.62	1.105	0.65	-0.027	0.1487225	NAN	
3.63	1.1	0.646	-0.032	0.1484275	NAN	
3.64	1.09	0.6415	-0.0245	0.148145	NAN	
3.65	1.08	0.6375	-0.0315	0.147865	NAN	
3.66	1.075	0.633	-0.022	0.1475975	NAN	
3.67	1.065	0.6285	-0.0365	0.147305	NAN	
3.68	1.06	0.6245	-0.0215	0.147015	NAN	
3.69	1.05	0.62	-0.0335	0.14674	NAN	
3.7	1.04	0.616	-0.0235	0.146455	NAN	
3.71	1.035	0.6115	-0.0335	0.14617	NAN	
3.72	1.025	0.607	-0.031	0.1458475	NAN	
3.73	1.02	0.6025	-0.0325	0.14553	NAN	
3.74	1.01	0.5985	-0.0315	0.14521	NAN	
3.75	1	0.594	-0.0315	0.144895	NAN	
3.76	0.995	0.59	-0.03	0.1445875	NAN	
3.77	0.985	0.5855	-0.036	0.1442575	NAN	
3.78	0.98	0.5815	-0.0285	0.143935	NAN	
3.79	0.97	0.577	-0.035	0.1436175	NAN	
3.8	0.96	0.5725	-0.0255	0.143315	NAN	
3.81	0.955	0.568	-0.0355	0.14301	NAN	
3.82	0.945	0.564	-0.03	0.1426825	NAN	
3.83	0.94	0.5595	-0.042	0.1423225	NAN	
3.84	0.93	0.5555	-0.02	0.1420125	NAN	
3.85	0.92	0.5515	-0.0405	0.14171	NAN	
3.86	0.915	0.547	-0.0275	0.14137	NAN	
3.87	0.905	0.5425	-0.0395	0.141035	NAN	
3.88	0.9	0.5385	-0.0335	0.14067	NAN	
3.89	0.89	0.5335	-0.038	0.1403125	NAN	
3.9	0.88	0.5295	-0.038	0.1399325	NAN	
3.91	0.875	0.525	-0.039	0.1395475	NAN	
3.92	0.865	0.5205	-0.0365	0.13917	NAN	
3.93	0.86	0.516	-0.0365	0.138805	NAN	
3.94	0.85	0.512	-0.05	0.1383725	NAN	
3.95	0.84	0.5075	-0.031	0.1379675	NAN	
3.96	0.835	0.5035	-0.039	0.1376175	NAN	
3.97	0.825	0.4985	-0.054	0.1371525	NAN	
3.98	0.82	0.4945	-0.0305	0.13673	NAN	
3.99	0.81	0.49	-0.0405	0.136375	NAN	
4	0.8	0.4855	-0.0315	0.136015	NAN	
4.01	0.795	0.481	-0.0465	0.135625	NAN	
4.02	0.785	0.4765	-0.0265	0.13526	NAN	
4.03	0.78	0.4725	-0.0445	0.134905	NAN	
4.04	0.77	0.468	-0.0445	0.13446	NAN	
4.05	0.76	0.4635	-0.034	0.1340675	NAN	
4.06	0.755	0.459	-0.049	0.1336525	NAN	
4.07	0.745	0.455	-0.048	0.1331675	NAN	
4.08	0.74	0.4505	-0.04	0.1327275	NAN	
4.09	0.73	0.446	-0.0455	0.1323	NAN	
4.1	0.72	0.442	-0.0435	0.131855	NAN	
4.11	0.715	0.4375	-0.0485	0.131395	NAN	
4.12	0.705	0.433	-0.045	0.1309275	NAN	
4.13	0.7	0.4285	-0.052	0.1304425	NAN	
4.14	0.69	0.4245	-0.0495	0.129935	NAN	
4.15	0.68	0.42	-0.053	0.1294225	NAN	
4.16	0.675	0.416	-0.0475	0.12892	NAN	
4.17	0.665	0.4115	-0.0575	0.128395	NAN	
4.18	0.66	0.4075	-0.0445	0.127885	NAN	
4.19	0.65	0.4025	-0.0555	0.127385	NAN	
4.2	0.64	0.3985	-0.047	0.1268725	NAN	
4.21	0.635	0.3945	-0.0525	0.126375	NAN	
4.22	0.625	0.39	-0.0515	0.125855	NAN	
4.23	0.62	0.386	-0.052	0.1253375	NAN	
4.24	0.61	0.3815	-0.0535	0.12481	NAN	
4.25	0.6	0.3775	-0.052	0.1242825	NAN	
4.26	0.595	0.3735	-0.0545	0.12375	NAN	
4.27	0.585	0.369	-0.0565	0.123195	NAN	
4.28	0.58	0.365	-0.051	0.1226575	NAN	
4.29	0.57	0.3605	-0.0595	0.122105	NAN	
4.3	0.56	0.3565	-0.0465	0.121575	NAN	
4.31	0.555	0.3525	-0.062	0.1210325	NAN	
4.32	0.545	0.348	-0.055	0.1204475	NAN	
4.33	0.54	0.3435	-0.065	0.1198475	NAN	
4.34	0.53	0.34	-0.0555	0.119245	NAN	
4.35	0.52	0.3355	-0.06	0.1186675	NAN	
4.36	0.515	0.332	-0.0605	0.118065	NAN	
4.37	0.505	0.3275	-0.066	0.1174325	NAN	
4.38	0.5	0.3235	-0.064	0.1167825	NAN	
4.39	0.49	0.3195	-0.0585	0.11617	NAN	
4.4	0.48	0.3155	-0.0615	0.11557	NAN	
4.41	0.475	0.311	-0.065	0.1149375	NAN	
4.42	0.465	0.307	-0.0655	0.114285	NAN	
4.43	0.46	0.303	-0.0675	0.11362	NAN	
4.44	0.45	0.299	-0.0645	0.11296	NAN	
4.45	0.44	0.295	-0.0695	0.11229	NAN	
4.46	0.435	0.291	-0.064	0.1116225	NAN	
4.47	0.425	0.287	-0.0775	0.110915	NAN	
4.48	0.42	0.283	-0.068	0.1101875	NAN	
4.49	0.41	0.279	-0.085	0.1094225	NAN	
4.5	0.4	0.275	-0.062	0.1086875	NAN	
4.51	0.395	0.2705	-0.0735	0.10801	NAN	
4.52	0.385	0.2665	-0.075	0.1072675	NAN	
4.53	0.38	0.2625	-0.0735	0.106525	NAN	
4.54	0.37	0.259	-0.0725	0.105795	NAN	
4.55	0.36	0.2545	-0.0745	0.10506	NAN	
4.56	0.355	0.2505	-0.0795	0.10429	NAN	
4.57	0.345	0.2465	-0.086	0.1034625	NAN	
4.58	0.34	0.2425	-0.081	0.1026275	NAN	
4.59	0.33	0.2385	-0.0825	0.10181	NAN	
4.6	0.32	0.235	-0.0805	0.100995	NAN	
4.61	0.315	0.2305	-0.084	0.1001725	NAN	
4.62	0.305	0.227	-0.0845	0.09933	NAN	
4.63	0.3	0.2235	-0.091	0.0984525	NAN	
4.64	0.29	0.219	-0.0815	0.09759	NAN	
4.65	0.28	0.2155	-0.0905	0.09673	NAN	
4.66	0.275	0.2115	-0.0875	0.09584	NAN	
4.67	0.265	0.2075	-0.097	0.0949175	NAN	
4.68	0.26	0.2035	-0.092	0.0939725	NAN	
4.69	0.25	0.1995	-0.102	0.0930025	NAN	
4.7	0.24	0.196	-0.09	0.0920425	NAN	
4.71	0.235	0.1925	-0.0965	0.09111	NAN	
4.72	0.225	0.1885	-0.0975	0.09014	NAN	
4.73	0.22	0.1845	-0.099	0.0891575	NAN	
4.74	0.21	0.181	-0.1025	0.08815	NAN	
4.75	0.2	0.177	-0.1	0.0871375	NAN	
4.76	0.195	0.173	-0.099	0.0861425	NAN	
4.77	0.185	0.1695	-0.108	0.0851075	NAN	
4.78	0.18	0.166	-0.1015	0.08406	NAN	
4.79	0.17	0.162	-0.1125	0.08299	NAN	
4.8	0.16	0.1585	-0.1005	0.081925	NAN	
4.81	0.155	0.1545	-0.1175	0.080835	NAN	
4.82	0.145	0.1505	-0.111	0.0796925	NAN	
4.83	0.14	0.147	-0.116	0.0785575	NAN	
4.84	0.13	0.1435	-0.12	0.0773775	NAN	
4.85	0.12	0.1395	-0.116	0.0761975	NAN	
4.86	0.115	0.136	-0.1195	0.07502	NAN	
4.87	0.105	0.1325	-0.123	0.0738075	NAN	
4.88	0.1	0.1285	-0.124	0.0725725	NAN	
4.89	0.09	0.125	-0.127	0.0713175	NAN	
4.9	0.08	0.1215	-0.126	0.0700525	NAN	
4.91	0.075	0.118	-0.136	0.0687425	NAN	
4.92	0.065	0.1145	-0.1325	0.0674	NAN	
4.93	0.06	0.111	-0.1375	0.06605	NAN	
4.94	0.05	0.1075	-0.1355	0.064685	NAN	
4.95	0.04	0.104	-0.142	0.0632975	NAN	
4.96	0.035	0.1005	-0.137	0.0619025	NAN	
4.97	0.025	0.097	-0.148	0.0604775	NAN	
4.98	0.02	0.0935	-0.137	0.0590525	NAN	
4.99	0.01	0.09	-0.145	0.0576425	NAN	
5	0	0.0865	-0.1465	0.056185	NAN	
5.01	-0.005	0.0835	-0.1505	0.0547	NAN	
5.02	-0.015	0.08	-0.155	0.0531725	NAN	
5.03	-0.02	0.0765	-0.157	0.0516125	NAN	
5.04	-0.03	0.0735	-0.161	0.0500225	NAN	
5.05	-0.04	0.07	-0.1555	0.04844	NAN	
5.06	-0.045	0.067	-0.163	0.0468475	NAN	
5.07	-0.055	0.0635	-0.1685	0.04519	NAN	
5.08	-0.06	0.06	-0.1655	0.04352	NAN	
5.09	-0.07	0.057	-0.173	0.0418275	NAN	
5.1	-0.08	0.054	-0.1675	0.040125	NAN	
5.11	-0.085	0.0505	-0.1795	0.03839	NAN	
5.12	-0.095	0.0475	-0.177	0.0366075	NAN	
5.13	-0.1	0.0445	-0.181	0.0348175	NAN	
5.14	-0.11	0.0415	-0.181	0.0330075	NAN	
5.15	-0.12	0.0395	-0.1915	0.031145	NAN	
5.16	-0.125	0.035	-0.187	0.0292525	NAN	
5.17	-0.135	0.0315	-0.1925	0.027355	NAN	
5.18	-0.14	0.029	-0.1955	0.025415	NAN	
5.19	-0.15	0.0255	-0.194	0.0234675	NAN	
5.2	-0.16	0.023	-0.19	0.0215475	NAN	
5.21	-0.165	0.0195	-0.2015	0.01959	NAN	
5.22	-0.175	0.0165	-0.2045	0.01756	NAN	
5.23	-0.18	0.014	-0.208	0.0154975	NAN	
5.24	-0.19	0.011	-0.212	0.0133975	NAN	
5.25	-0.2	0.008	-0.215	0.0112625	NAN	
5.26	-0.205	0.005	-0.217	0.0091025	NAN	
5.27	-0.215	0.002	-0.225	0.0068925	NAN	
5.28	-0.22	-0.0005	-0.2195	0.00467	NAN	
5.29	-0.23	-0.003	-0.23	0.0024225	NAN	
5.3	-0.24	-0.006	-0.223	0.0001575	NAN	
5.31	-0.245	-0.0095	-0.2395	-0.002155	NAN	
5.32	-0.255	-0.011	-0.24	-0.0045525	NAN	
5.33	-0.26	-0.014	-0.242	-0.0069625	NAN	
5.34	-0.27	-0.0165	-0.244	-0.0093925	NAN	
5.35	-0.28	-0.019	-0.2505	-0.011865	NAN	
5.36	-0.285	-0.022	-0.2535	-0.014385	NAN	
5.37	-0.295	-0.024	-0.2595	-0.01695	NAN	
5.38	-0.3	-0.027	-0.263	-0.0195625	NAN	
5.39	-0.31	-0.029	-0.2655	-0.022205	NAN	
5.4	-0.32	-0.0315	-0.2645	-0.024855	NAN	
5.41	-0.325	-0.0335	-0.269	-0.0275225	NAN	
5.42	-0.335	-0.036	-0.272	-0.0302275	NAN	
5.43	-0.34	-0.0385	-0.279	-0.0329825	NAN	
5.44	-0.35	-0.041	-0.2845	-0.0358	NAN	
5.45	-0.36	-0.043	-0.2875	-0.03866	NAN	
5.46	-0.365	-0.0455	-0.2915	-0.041555	NAN	
5.47	-0.375	-0.0475	-0.303	-0.0445275	NAN	
5.48	-0.38	-0.05	-0.2965	-0.047525	NAN	
5.49	-0.39	-0.0525	-0.313	-0.0505725	NAN	
5.5	-0.4	-0.0545	-0.303	-0.0536525	NAN	
5.51	-0.405	-0.0565	-0.313	-0.0567325	NAN	
5.52	-0.415	-0.0585	-0.316	-0.0598775	NAN	
5.53	-0.42	-0.061	-0.324	-0.0630775	NAN	
5.54	-0.43	-0.0635	-0.3155	-0.066275	NAN	
5.55	-0.44	-0.0655	-0.3215	-0.06946	NAN	
5.56	-0.445	-0.0675	-0.328	-0.0727075	NAN	
5.57	-0.455	-0.0695	-0.3335	-0.076015	NAN	
5.58	-0.46	-0.0715	-0.325	-0.0793075	NAN	
5.59	-0.47	-0.0735	-0.351	-0.0826875	NAN	
5.6	-0.48	-0.076	-0.3455	-0.08617	NAN	
5.61	-0.485	-0.0775	-0.3515	-0.089655	NAN	
5.62	-0.495	-0.08	-0.3615	-0.09322	NAN	
5.63	-0.5	-0.0815	-0.366	-0.0968575	NAN	
5.64	-0.51	-0.0835	-0.374	-0.1005575	NAN	
5.65	-0.52	-0.0855	-0.3715	-0.104285	NAN	
5.66	-0.525	-0.0875	-0.381	-0.1080475	NAN	
5.67	-0.535	-0.0895	-0.3815	-0.11186	NAN	
5.68	-0.54	-0.091	-0.3905	-0.11572	NAN	
5.69	-0.55	-0.093	-0.403	-0.1196875	NAN	
5.7	-0.56	-0.095	-0.395	-0.1236775	NAN	
5.71	-0.565	-0.0965	-0.4095	-0.1277	NAN	
5.72	-0.575	-0.098	-0.4075	-0.131785	NAN	
5.73	-0.58	-0.1	-0.417	-0.1359075	NAN	
5.74	-0.59	-0.1015	-0.4175	-0.14008	NAN	
5.75	-0.6	-0.103	-0.427	-0.1443025	NAN	
5.76	-0.605	-0.1045	-0.423	-0.1485525	NAN	
5.77	-0.615	-0.106	-0.442	-0.1528775	NAN	
5.78	-0.62	-0.1075	-0.4315	-0.157245	NAN	
5.79	-0.63	-0.1095	-0.45	-0.1616525	NAN	
5.8	-0.64	-0.111	-0.4425	-0.166115	NAN	
5.81	-0.645	-0.1125	-0.459	-0.1706225	NAN	
5.82	-0.655	-0.1135	-0.4545	-0.17519	NAN	
5.83	-0.66	-0.115	-0.473	-0.1798275	NAN	
5.84	-0.67	-0.1165	-0.4675	-0.18453	NAN	
5.85	-0.68	-0.118	-0.479	-0.1892625	NAN	
5.86	-0.685	-0.1195	-0.4785	-0.19405	NAN	
5.87	-0.695	-0.1205	-0.4925	-0.198905	NAN	
5.88	-0.7	-0.1225	-0.489	-0.2038125	NAN	
5.89	-0.71	-0.1235	-0.4975	-0.208745	NAN	
5.9	-0.72	-0.125	-0.5005	-0.213735	NAN	
5.91	-0.725	-0.1265	-0.5105	-0.21879	NAN	
5.92	-0.735	-0.128	-0.5185	-0.223935	NAN	
5.93	-0.74	-0.1295	-0.5205	-0.22913	NAN	
5.94	-0.75	-0.131	-0.525	-0.2343575	NAN	
5.95	-0.76	-0.1325	-0.5265	-0.239615	NAN	
5.96	-0.765	-0.134	-0.5345	-0.24492	NAN	
5.97	-0.775	-0.1355	-0.5435	-0.25031	NAN	
5.98	-0.78	-0.1365	-0.5435	-0.255745	NAN	
5.99	-0.79	-0.1385	-0.551	-0.2612175	NAN	
6	-0.8	-0.1405	-0.555	-0.2667475	NAN	
6.01	-0.805	-0.1415	-0.557	-0.2723075	NAN	
6.02	-0.815	-0.143	-0.568	-0.2779325	NAN	
6.03	-0.82	-0.1445	-0.575	-0.2836475	NAN	
6.04	-0.83	-0.1465	-0.578	-0.2894125	NAN	
6.05	-0.84	-0.1485	-0.583	-0.2952175	NAN	
6.06	-0.845	-0.1505	-0.5855	-0.30106	NAN	
6.07	-0.855	-0.152	-0.5905	-0.30694	NAN	
6.08	-0.86	-0.154	-0.5925	-0.312855	NAN	
6.09	-0.87	-0.1565	-0.599	-0.3188125	NAN	
6.1	-0.88	-0.158	-0.601	-0.3248125	NAN	
6.11	-0.885	-0.1605	-0.6055	-0.330845	NAN	
6.12	-0.895	-0.163	-0.614	-0.3369425	NAN	
6.13	-0.9	-0.165	-0.6165	-0.343095	NAN	
6.14	-0.91	-0.1675	-0.6255	-0.349305	NAN	
6.15	-0.92	-0.17	-0.624	-0.3555525	NAN	
6.16	-0.925	-0.172	-0.626	-0.3618025	NAN	
6.17	-0.935	-0.1745	-0.634	-0.3681025	NAN	
6.18	-0.94	-0.177	-0.633	-0.3744375	NAN	
6.19	-0.95	-0.1795	-0.6395	-0.3808	NAN	
6.2	-0.96	-0.1825	-0.64	-0.3871975	NAN	
6.21	-0.965	-0.1845	-0.643	-0.3936125	NAN	
6.22	-0.975	-0.1875	-0.648	-0.4000675	NAN	
6.23	-0.98	-0.19	-0.65	-0.4065575	NAN	
6.24	-0.99	-0.1925	-0.657	-0.4130925	NAN	
6.25	-1	-0.1955	-0.654	-0.4196475	NAN	
6.26	-1.005	-0.198	-0.658	-0.4262075	NAN	
6.27	-1.015	-0.2005	-0.667	-0.4328325	NAN	
6.28	-1.02	-0.2035	-0.6635	-0.439485	NAN	
6.29	-1.03	-0.2065	-0.6685	-0.446145	NAN	
6.3	-1.04	-0.2095	-0.6675	-0.452825	NAN	
6.31	-1.045	-0.213	-0.6715	-0.45952	NAN	
6.32	-1.055	-0.216	-0.673	-0.4662425	NAN	
6.33	-1.06	-0.22	-0.6745	-0.47298	NAN	
6.34	-1.07	-0.2235	-0.679	-0.4797475	NAN	
6.35	-1.08	-0.227	-0.678	-0.4865325	NAN	
6.36	-1.085	-0.2305	-0.681	-0.4933275	NAN	
6.37	-1.095	-0.2345	-0.685	-0.5001575	NAN	
6.38	-1.1	-0.2385	-0.6815	-0.50699	NAN	
6.39	-1.11	-0.2425	-0.683	-0.5138125	NAN	
6.4	-1.12	-0.2465	-0.68	-0.5206275	NAN	
6.41	-1.125	-0.251	-0.6845	-0.52745	NAN	
6.42	-1.135	-0.255	-0.685	-0.5342975	NAN	
6.43	-1.14	-0.26	-0.682	-0.5411325	NAN	
6.44	-1.15	-0.2645	-0.683	-0.5479575	NAN	
6.45	-1.16	-0.269	-0.679	-0.5547675	NAN	
6.46	-1.165	-0.274	-0.682	-0.5615725	NAN	
6.47	-1.175	-0.279	-0.683	-0.5683975	NAN	
6.48	-1.18	-0.285	-0.6775	-0.5752	NAN	
6.49	-1.19	-0.2905	-0.6795	-0.581985	NAN	
6.5	-1.2	-0.296	-0.671	-0.5887375	NAN	
6.51	-1.205	-0.302	-0.6715	-0.59545	NAN	
6.52	-1.215	-0.308	-0.6695	-0.602155	NAN	
6.53	-1.22	-0.314	-0.663	-0.6088175	NAN	
6.54	-1.23	-0.3205	-0.6635	-0.61545	NAN	
6.55	-1.24	-0.3275	-0.654	-0.6220375	NAN	
6.56	-1.245	-0.3345	-0.652	-0.6285675	NAN	
6.57	-1.255	-0.3415	-0.649	-0.6350725	NAN	
6.58	-1.26	-0.3495	-0.6405	-0.64152	NAN	
6.59	-1.27	-0.357	-0.638	-0.6479125	NAN	
6.6	-1.28	-0.3655	-0.625	-0.6542275	NAN	
6.61	-1.285	-0.3735	-0.6215	-0.66046	NAN	
6.62	-1.295	-0.3825	-0.6075	-0.666605	NAN	
6.63	-1.3	-0.3915	-0.601	-0.6726475	NAN	
6.64	-1.31	-0.401	-0.597	-0.6786375	NAN	
6.65	-1.32	-0.4105	-0.5805	-0.684525	NAN	
6.66	-1.325	-0.421	-0.5745	-0.6903	NAN	
6.67	-1.335	-0.431	-0.5625	-0.695985	NAN	
6.68	-1.34	-0.442	-0.55	-0.7015475	NAN	
6.69	-1.35	-0.453	-0.5415	-0.707005	NAN	
6.7	-1.36	-0.464	-0.5275	-0.71235	NAN	
6.71	-1.365	-0.476	-0.5155	-0.717565	NAN	
6.72	-1.375	-0.488	-0.5035	-0.72266	NAN	
6.73	-1.38	-0.5	-0.4875	-0.727615	NAN	
6.74	-1.39	-0.5125	-0.4735	-0.73242	NAN	
6.75	-1.4	-0.5255	-0.455	-0.7370625	NAN	
6.76	-1.405	-0.5385	-0.4405	-0.74154	NAN	
6.77	-1.415	-0.5515	-0.43	-0.7458925	NAN	
6.78	-1.42	-0.5655	-0.4105	-0.750095	NAN	
6.79	-1.43	-0.579	-0.3965	-0.75413	NAN	
6.8	-1.44	-0.593	-0.3755	-0.75799	NAN	
6.81	-1.445	-0.6065	-0.3675	-0.761705	NAN	
6.82	-1.455	-0.6205	-0.345	-0.7652675	NAN	
6.83	-1.46	-0.6345	-0.3325	-0.768655	NAN	
6.84	-1.47	-0.648	-0.3095	-0.771865	NAN	
6.85	-1.48	-0.662	-0.2995	-0.77491	NAN	
6.86	-1.485	-0.676	-0.2755	-0.777785	NAN	
6.87	-1.495	-0.689	-0.2735	-0.78053	NAN	
6.88	-1.5	-0.702	-0.246	-0.7831275	NAN	
6.89	-1.51	-0.7155	-0.244	-0.7855775	NAN	
6.9	-1.52	-0.728	-0.2135	-0.787865	NAN	
6.91	-1.525	-0.74	-0.212	-0.7899925	NAN	
6.92	-1.535	-0.7515	-0.198	-0.7920425	NAN	
6.93	-1.54	-0.7635	-0.1865	-0.793965	NAN	
6.94	-1.55	-0.775	-0.1755	-0.795775	NAN	
6.95	-1.56	-0.7855	-0.164	-0.7974725	NAN	
6.96	-1.565	-0.7965	-0.152	-0.7990525	NAN	
6.97	-1.575	-0.806	-0.1465	-0.800545	NAN	
6.98	-1.58	-0.8165	-0.136	-0.8019575	NAN	
6.99	-1.59	-0.8255	-0.1315	-0.803295	NAN	
7	-1.6	-0.8345	-0.116	-0.8045325	NAN	
7.01	-1.605	-0.843	-0.1145	-0.805685	NAN	
7.02	-1.615	-0.851	-0.1005	-0.80676	NAN	
7.03	-1.62	-0.859	-0.106	-0.8077925	NAN	
7.04	-1.63	-0.867	-0.0905	-0.808775	NAN	
7.05	-1.64	-0.874	-0.1005	-0.80973	NAN	
7.06	-1.645	-0.8805	-0.081	-0.8106375	NAN	
7.07	-1.655	-0.888	-0.0875	-0.81148	NAN	
7.08	-1.66	-0.895	-0.0765	-0.8123	NAN	
7.09	-1.67	-0.901	-0.079	-0.8130775	NAN	
7.1	-1.68	-0.908	-0.069	-0.8138175	NAN	
7.11	-1.685	-0.914	-0.071	-0.8145175	NAN	
7.12	-1.695	-0.92	-0.0685	-0.815215	NAN	
7.13	-1.7	-0.926	-0.0645	-0.81588	NAN	
7.14	-1.71	-0.932	-0.0665	-0.816535	NAN	
7.15	-1.72	-0.937	-0.0625	-0.81718	NAN	
7.16	-1.725	-0.943	-0.059	-0.8177875	NAN	
7.17	-1.735	-0.9485	-0.063	-0.8183975	NAN	
7.18	-1.74	-0.954	-0.0535	-0.81898	NAN	
7.19	-1.75	-0.9585	-0.062	-0.8195575	NAN	
7.2	-1.76	-0.9635	-0.046	-0.8200975	NAN	
7.21	-1.765	-0.9695	-0.0585	-0.82062	NAN	
7.22	-1.775	-0.974	-0.0475	-0.82115	NAN	
7.23	-1.78	-0.9795	-0.0555	-0.821665	NAN	
7.24	-1.79	-0.9845	-0.0465	-0.822175	NAN	
7.25	-1.8	-0.99	-0.0495	-0.822655	NAN	
7.26	-1.805	-0.9945	-0.0485	-0.823145	NAN	
7.27	-1.815	-0.9995	-0.048	-0.8236275	NAN	
7.28	-1.82	-1.0045	-0.0415	-0.824075	NAN	
7.29	-1.83	-1.0095	-0.0435	-0.8245	NAN	
7.3	-1.84	-1.014	-0.042	-0.8249275	NAN	
7.31	-1.845	-1.019	-0.048	-0.8253775	NAN	
7.32	-1.855	-1.024	-0.046	-0.8258475	NAN	
7.33	-1.86	-1.0275	-0.049	-0.8263225	NAN	
7.34	-1.87	-1.0275	-0.0425	-0.82678	NAN	
7.35	-1.88	-1.0275	-0.0505	-0.827245	NAN	
7.36	-1.885	-1.0275	-0.0385	-0.82769	NAN	
7.37	-1.895	-1.0275	-0.053	-0.8281475	NAN	
7.38	-1.9	-1.0275	-0.0375	-0.8286	NAN	
7.39	-1.91	-1.0275	-0.05	-0.8290375	NAN	
7.4	-1.92	-1.0275	-0.0345	-0.82946	NAN	
7.41	-1.925	-1.0275	-0.0415	-0.82984	NAN	
7.42	-1.935	-1.0275	-0.036	-0.8302275	NAN	
7.43	-1.94	-1.0275	-0.0415	-0.830615	NAN	
7.44	-1.95	-1.0275	-0.04	-0.8310225	NAN	
7.45	-1.96	-1.0275	-0.038	-0.8314125	NAN	
7.46	-1.965	-1.0275	-0.0395	-0.8318	NAN	
7.47	-1.975	-1.0275	-0.04	-0.8321975	NAN	
7.48	-1.98	-1.0275	-0.038	-0.8325875	NAN	
7.49	-1.99	-1.0275	-0.039	-0.8329725	NAN	
7.5	-2	-1.0275	-0.0325	-0.83333	NAN	
7.51	-1.995	-1.0275	-0.032	-0.8336525	NAN	
7.52	-1.985	-1.0275	-0.0125	-0.833875	NAN	
7.53	-1.98	-1.0275	-0.0135	-0.834005	NAN	
7.54	-1.97	-1.0275	0.0035	-0.834055	NAN	
7.55	-1.96	-1.0275	-0.0035	-0.834055	NAN	
7.56	-1.955	-1.0275	0.0115	-0.834015	NAN	
7.57	-1.945	-1.0275	0.0045	-0.833935	NAN	
7.58	-1.94	-1.0275	0.008	-0.8338725	NAN	
7.59	-1.93	-1.0275	0.009	-0.8337875	NAN	
7.6	-1.92	-1.0275	0.007	-0.8337075	NAN	
7.61	-1.915	-1.0275	0.0095	-0.833625	NAN	
7.62	-1.905	-1.0275	0.015	-0.8335025	NAN	
7.63	-1.9	-1.0275	0.0085	-0.833385	NAN	
7.64	-1.89	-1.0275	0.016	-0.8332625	NAN	
7.65	-1.88	-1.0275	0.002	-0.8331725	NAN	
7.66	-1.875	-1.0275	0.016	-0.8330825	NAN	
7.67	-1.865	-1.0275	0.0115	-0.832945	NAN	
7.68	-1.86	-1.0275	0.015	-0.8328125	NAN	
7.69	-1.85	-1.0275	0.015	-0.8326625	NAN	
7.7	-1.84	-1.0275	0.0105	-0.832535	NAN	
7.71	-1.835	-1.0275	0.0085	-0.83244	NAN	
7.72	-1.825	-1.0275	0.0175	-0.83231	NAN	
7.73	-1.82	-1.0275	0.007	-0.8321875	NAN	
7.74	-1.81	-1.0275	0.0185	-0.83206	NAN	
7.75	-1.8	-1.0275	0.013	-0.8319025	NAN	
7.76	-1.795	-1.0275	0.018	-0.8317475	NAN	
7.77	-1.785	-1.0265	0.0175	-0.83157	NAN	
7.78	-1.78	-1.022	0.0155	-0.831405	NAN	
7.79	-1.77	-1.018	0.017	-0.8312425	NAN	
7.8	-1.76	-1.013	0.016	-0.8310775	NAN	
7.81	-1.755	-1.009	0.01	-0.8309475	NAN	
7.82	-1.745	-1.005	0.0195	-0.8308	NAN	
7.83	-1.74	-1	0.01	-0.8306525	NAN	
7.84	-1.73	-0.996	0.0215	-0.830495	NAN	
7.85	-1.72	-0.9915	0.012	-0.8303275	NAN	
7.86	-1.715	-0.9865	0.0175	-0.83018	NAN	
7.87	-1.705	-0.9825	0.016	-0.8300125	NAN	
7.88	-1.7	-0.978	0.014	-0.8298625	NAN	
7.89	-1.69	-0.9735	0.0125	-0.82973	NAN	
7.9	-1.68	-0.969	0.015	-0.8295925	NAN	
7.91	-1.675	-0.9645	0.0115	-0.82946	NAN	
7.92	-1.665	-0.9605	0.0265	-0.82927	NAN	
7.93	-1.66	-0.9555	0.0095	-0.82909	NAN	
7.94	-1.65	-0.951	0.016	-0.8289625	NAN	
7.95	-1.64	-0.9465	0.0125	-0.82882	NAN	
7.96	-1.635	-0.9425	0.018	-0.8286675	NAN	
7.97	-1.625	-0.938	0.015	-0.8285025	NAN	
7.98	-1.62	-0.9335	0.0145	-0.828355	NAN	
7.99	-1.61	-0.9285	0.0185	-0.82819	NAN	
8	-1.6	-0.9245	0.019	-0.8280025	NAN	
8.01	-1.595	-0.9205	0.0135	-0.82784	NAN	
8.02	-1.585	-0.916	0.0215	-0.827665	NAN	
8.03	-1.58	-0.911	0.01	-0.8275075	NAN	
8.04	-1.57	-0.9075	0.021	-0.8273525	NAN	
8.05	-1.56	-0.903	0.017	-0.8271625	NAN	
8.06	-1.555	-0.8985	0.0175	-0.82699	NAN	
8.07	-1.545	-0.8935	0.021	-0.8267975	NAN	
8.08	-1.54	-0.889	0.02	-0.8265925	NAN	
8.09	-1.53	-0.8845	0.0175	-0.826405	NAN	
8.1	-1.52	-0.8805	0.022	-0.8262075	NAN	
8.11	-1.515	-0.8755	0.0165	-0.826015	NAN	
8.12	-1.505	-0.8715	0.0265	-0.8258	NAN	
8.13	-1.5	-0.866	0.016	-0.8255875	NAN	
8.14	-1.49	-0.8625	0.0215	-0.8254	NAN	
8.15	-1.48	-0.8575	0.017	-0.8252075	NAN	
8.16	-1.475	-0.8535	0.0185	-0.82503	NAN	
8.17	-1.465	-0.849	0.023	-0.8248225	NAN	
8.18	-1.46	-0.845	0.019	-0.8246125	NAN	
8.19	-1.45	-0.84	0.0175	-0.82443	NAN	
8.2	-1.44	-0.8355	0.0235	-0.824225	NAN	
8.21	-1.435	-0.8315	0.019	-0.8240125	NAN	
8.22	-1.425	-0.827	0.026	-0.8237875	NAN	
8.23	-1.42	-0.8225	0.013	-0.8235925	NAN	
8.24	-1.41	-0.8185	0.016	-0.8234475	NAN	
8.25	-1.4	-0.8135	0.0175	-0.82328	NAN	
8.26	-1.395	-0.8095	0.019	-0.8230975	NAN	
8.27	-1.385	-0.8045	0.021	-0.8228975	NAN	
8.28	-1.38	-0.8005	0.0225	-0.82268	NAN	
8.29	-1.37	-0.796	0.0175	-0.82248	NAN	
8.3	-1.36	-0.7915	0.0275	-0.822255	NAN	
8.31	-1.355	-0.787	0.017	-0.8220325	NAN	
8.32	-1.345	-0.783	0.0285	-0.821805	NAN	
8.33	-1.34	-0.778	0.0215	-0.821555	NAN	
8.34	-1.33	-0.7735	0.024	-0.8213275	NAN	
8.35	-1.32	-0.7695	0.023	-0.8210925	NAN	
8.36	-1.315	-0.765	0.015	-0.8209025	NAN	
8.37	-1.305	-0.761	0.026	-0.8206975	NAN	
8.38	-1.3	-0.7555	0.026	-0.8204375	NAN	
8.39	-1.29	-0.7515	0.015	-0.8202325	NAN	
8.4	-1.28	-0.747	0.0275	-0.82002	NAN	
8.41	-1.275	-0.7425	0.017	-0.8197975	NAN	
8.42	-1.265	-0.7385	0.028	-0.8195725	NAN	
8.43	-1.26	-0.734	0.0215	-0.819325	NAN	
8.44	-1.25	-0.73	0.026	-0.8190875	NAN	
8.45	-1.24	-0.726	0.025	-0.8188325	NAN	
8.46	-1.235	-0.7215	0.025	-0.8185825	NAN	
8.47	-1.225	-0.7175	0.024	-0.8183375	NAN	
8.48	-1.22	-0.713	0.0285	-0.818075	NAN	
8.49	-1.21	-0.709	0.018	-0.8178425	NAN	
8.5	-1.2	-0.7045	0.025	-0.8176275	NAN	
8.51	-1.195	-0.7	0.024	-0.8173825	NAN	
8.52	-1.185	-0.696	0.027	-0.8171275	NAN	
8.53	-1.18	-0.691	0.025	-0.8168675	NAN	
8.54	-1.17	-0.687	0.0305	-0.81659	NAN	
8.55	-1.16	-0.6825	0.028	-0.8162975	NAN	
8.56	-1.155	-0.678	0.026	-0.8160275	NAN	
8.57	-1.145	-0.674	0.026	-0.8157675	NAN	
8.58	-1.14	-0.6695	0.0315	-0.81548	NAN	
8.59	-1.13	-0.6655	0.027	-0.8151875	NAN	
8.6	-1.12	-0.661	0.026	-0.8149225	NAN	
8.61	-1.115	-0.6565	0.0195	-0.814695	NAN	
8.62	-1.105	-0.6525	0.025	-0.8144725	NAN	
8.63	-1.1	-0.648	0.0255	-0.81422	NAN	
8.64	-1.09	-0.6435	0.0285	-0.81395	NAN	
8.65	-1.08	-0.6395	0.031	-0.8136525	NAN	
8.66	-1.075	-0.635	0.0295	-0.81335	NAN	
8.67	-1.065	-0.631	0.0335	-0.813035	NAN	
8.68	-1.06	-0.6265	0.0365	-0.812685	NAN	
8.69	-1.05	-0.622	0.025	-0.8123775	NAN	
8.7	-1.04	-0.6175	0.036	-0.8120725	NAN	
8.71	-1.035	-0.6135	0.028	-0.8117525	NAN	
8.72	-1.025	-0.6095	0.037	-0.8114275	NAN	
8.73	-1.02	-0.6045	0.033	-0.8110775	NAN	
8.74	-1.01	-0.6005	0.036	-0.8107325	NAN	
8.75	-1	-0.596	0.0355	-0.810375	NAN	
8.76	-0.995	-0.592	0.035	-0.8100225	NAN	
8.77	-0.985	-0.5875	0.033	-0.8096825	NAN	
8.78	-0.98	-0.5835	0.0355	-0.80934	NAN	
8.79	-0.97	-0.579	0.032	-0.8090025	NAN	
8.8	-0.96	-0.5745	0.0365	-0.80866	NAN	
8.81	-0.955	-0.5705	0.0325	-0.808315	NAN	
8.82	-0.945	-0.5665	0.037	-0.8079675	NAN	
8.83	-0.94	-0.5615	0.031	-0.8076275	NAN	
8.84	-0.93	-0.558	0.035	-0.8072975	NAN	
8.85	-0.92	-0.5535	0.034	-0.8069525	NAN	
8.86	-0.915	-0.549	0.0345	-0.80661	NAN	
8.87	-0.905	-0.5445	0.0345	-0.806265	NAN	
8.88	-0.9	-0.5405	0.0405	-0.80589	NAN	
8.89	-0.89	-0.536	0.0335	-0.80552	NAN	
8.9	-0.88	-0.5315	0.039	-0.8051575	NAN	
8.91	-0.875	-0.5275	0.0335	-0.804795	NAN	
8.92	-0.865	-0.523	0.0405	-0.804425	NAN	
8.93	-0.86	-0.519	0.037	-0.8040375	NAN	
8.94	-0.85	-0.5145	0.036	-0.8036725	NAN	
8.95	-0.84	-0.51	0.0365	-0.80331	NAN	
8.96	-0.835	-0.5055	0.0395	-0.80293	NAN	
8.97	-0.825	-0.501	0.0395	-0.802535	NAN	
8.98	-0.82	-0.497	0.0445	-0.802115	NAN	
8.99	-0.81	-0.4925	0.0405	-0.80169	NAN	
9	-0.8	-0.4885	0.044	-0.8012675	NAN	
9.01	-0.795	-0.484	0.0405	-0.800845	NAN	
9.02	-0.785	-0.48	0.049	-0.8003975	NAN	
9.03	-0.78	-0.476	0.0405	-0.79995	NAN	
9.04	-0.77	-0.471	0.041	-0.7995425	NAN	
9.05	-0.76	-0.467	0.041	-0.7991325	NAN	
9.06	-0.755	-0.4625	0.043	-0.7987125	NAN	
9.07	-0.745	-0.458	0.04	-0.7982975	NAN	
9.08	-0.74	-0.454	0.045	-0.7978725	NAN	
9.09	-0.73	-0.45	0.047	-0.7974125	NAN	
9.1	-0.72	-0.446	0.0505	-0.796925	NAN	
9.11	-0.715	-0.4415	0.0465	-0.79644	NAN	
9.12	-0.705	-0.4375	0.049	-0.7959625	NAN	
9.13	-0.7	-0.4325	0.0455	-0.79549	NAN	
9.14	-0.69	-0.4285	0.0455	-0.795035	NAN	
9.15	-0.68	-0.4245	0.0465	-0.794575	NAN	
9.16	-0.675	-0.4205	0.048	-0.7941025	NAN	
9.17	-0.665	-0.4155	0.0465	-0.79363	NAN	
9.18	-0.66	-0.4115	0.0515	-0.79314	NAN	
9.19	-0.65	-0.4075	0.0415	-0.792675	NAN	
9.2	-0.64	-0.403	0.055	-0.7921925	NAN	
9.21	-0.635	-0.399	0.0505	-0.791665	NAN	
9.22	-0.625	-0.395	0.0575	-0.791125	NAN	
9.23	-0.62	-0.391	0.0525	-0.790575	NAN	
9.24	-0.61	-0.3865	0.056	-0.7900325	NAN	
9.25	-0.6	-0.3825	0.056	-0.7894725	NAN	
9.26	-0.595	-0.378	0.0555	-0.788915	NAN	
9.27	-0.585	-0.374	0.0545	-0.788365	NAN	
9.28	-0.58	-0.37	0.0555	-0.787815	NAN	
9.29	-0.57	-0.3655	0.046	-0.7873075	NAN	
9.3	-0.56	-0.362	0.0525	-0.786815	NAN	
9.31	-0.555	-0.3575	0.0515	-0.786295	NAN	
9.32	-0.545	-0.3535	0.064	-0.7857175	NAN	
9.33	-0.54	-0.349	0.059	-0.7851025	NAN	
9.34	-0.53	-0.345	0.0615	-0.7845	NAN	
9.35	-0.52	-0.3405	0.0595	-0.783895	NAN	
9.36	-0.515	-0.3365	0.059	-0.7833025	NAN	
9.37	-0.505	-0.3325	0.064	-0.7826875	NAN	
9.38	-0.5	-0.3285	0.0605	-0.782065	NAN	
9.39	-0.49	-0.3245	0.0615	-0.781455	NAN	
9.4	-0.48	-0.3205	0.0645	-0.780825	NAN	
9.41	-0.475	-0.3155	0.057	-0.7802175	NAN	
9.42	-0.465	-0.312	0.0695	-0.779585	NAN	
9.43	-0.46	-0.3085	0.0625	-0.778925	NAN	
9.44	-0.45	-0.304	0.069	-0.7782675	NAN	
9.45	-0.44	-0.2995	0.066	-0.7775925	NAN	
9.46	-0.435	-0.296	0.068	-0.7769225	NAN	
9.47	-0.425	-0.2915	0.072	-0.7762225	NAN	
9.48	-0.42	-0.2875	0.0735	-0.775495	NAN	
9.49	-0.41	-0.2835	0.07	-0.7747775	NAN	
9.5	-0.4	-0.2795	0.076	-0.7740475	NAN	
9.51	-0.395	-0.275	0.0685	-0.773325	NAN	
9.52	-0.385	-0.2715	0.082	-0.7725725	NAN	
9.53	-0.38	-0.2675	0.071	-0.7718075	NAN	
9.54	-0.37	-0.2635	0.075	-0.7710775	NAN	
9.55	-0.36	-0.259	0.0735	-0.770335	NAN	
9.56	-0.355	-0.2555	0.079	-0.7695725	NAN	
9.57	-0.345	-0.2515	0.0815	-0.76877	NAN	
9.58	-0.34	-0.248	0.0835	-0.767945	NAN	
9.59	-0.33	-0.2435	0.0805	-0.767125	NAN	
9.6	-0.32	-0.2395	0.087	-0.7662875	NAN	
9.61	-0.315	-0.2355	0.0825	-0.76544	NAN	
9.62	-0.305	-0.2315	0.0895	-0.76458	NAN	
9.63	-0.3	-0.228	0.077	-0.7637475	NAN	
9.64	-0.29	-0.224	0.084	-0.7629425	NAN	
9.65	-0.28	-0.22	0.0895	-0.762075	NAN	
9.66	-0.275	-0.2165	0.0865	-0.761195	NAN	
9.67	-0.265	-0.2125	0.0925	-0.7603	NAN	
9.68	-0.26	-0.2085	0.086	-0.7594075	NAN	
9.69	-0.25	-0.205	0.094	-0.7585075	NAN	
9.7	-0.24	-0.2015	0.092	-0.7575775	NAN	
9.71	-0.235	-0.197	0.096	-0.7566375	NAN	
9.72	-0.225	-0.1935	0.1055	-0.75563	NAN	
9.73	-0.22	-0.19	0.0905	-0.75465	NAN	
9.74	-0.21	-0.1855	0.107	-0.7536625	NAN	
9.75	-0.2	-0.182	0.095	-0.7526525	NAN	
9.76	-0.195	-0.178	0.1065	-0.751645	NAN	
9.77	-0.185	-0.1745	0.105	-0.7505875	NAN	
9.78	-0.18	-0.171	0.103	-0.7495475	NAN	
9.79	-0.17	-0.167	0.1135	-0.748465	NAN	
9.8	-0.16	-0.1635	0.1065	-0.747365	NAN	
9.81	-0.155	-0.16	0.115	-0.7462575	NAN	
9.82	-0.145	-0.156	0.1195	-0.745085	NAN	
9.83	-0.14	-0.152	0.1145	-0.743915	NAN	
9.84	-0.13	-0.149	0.1265	-0.74271	NAN	
9.85	-0.12	-0.145	0.113	-0.7415125	NAN	
9.86	-0.115	-0.1415	0.127	-0.7403125	NAN	
9.87	-0.105	-0.1375	0.1225	-0.739065	NAN	
9.88	-0.1	-0.1345	0.1215	-0.737845	NAN	
9.89	-0.09	-0.1305	0.138	-0.7365475	NAN	
9.9	-0.08	-0.1275	0.1225	-0.735245	NAN	
9.91	-0.075	-0.1235	0.1275	-0.733995	NAN	
9.92	-0.065	-0.1205	0.1375	-0.73267	NAN	
9.93	-0.06	-0.117	0.1365	-0.7313	NAN	
9.94	-0.05	-0.1135	0.14	-0.7299175	NAN	
9.95	-0.04	-0.111	0.138	-0.7285275	NAN	
9.96	-0.035	-0.1065	0.1435	-0.72712	NAN	
9.97	-0.025	-0.1035	0.1395	-0.725705	NAN	
9.98	-0.02	-0.1	0.145	-0.7242825	NAN	
9.99	-0.01	-0.0965	0.1425	-0.722845	NAN	
10	0	-0.093	0.152	-0.7213725	NAN	
10.01	0.005	-0.0895	0.1485	-0.71987	NAN	
10.02	0.015	-0.0865	0.1565	-0.718345	NAN	
10.03	0.02	-0.083	0.1565	-0.71678	NAN	
10.04	0.03	-0.08	0.159	-0.7152025	NAN	
10.05	0.04	-0.0765	0.16	-0.7136075	NAN	
10.06	0.045	-0.073	0.1615	-0.712	NAN	
10.07	0.055	-0.0705	0.1675	-0.710355	NAN	
10.08	0.06	-0.067	0.1685	-0.708675	NAN	
10.09	0.07	-0.064	0.1665	-0.707	NAN	
10.1	0.08	-0.0605	0.173	-0.7053025	NAN	
10.11	0.085	-0.057	0.171	-0.7035825	NAN	
10.12	0.095	-0.0545	0.184	-0.7018075	NAN	
10.13	0.1	-0.0515	0.176	-0.7000075	NAN	
10.14	0.11	-0.048	0.1885	-0.698185	NAN	
10.15	0.12	-0.0455	0.181	-0.6963375	NAN	
10.16	0.125	-0.042	0.1925	-0.69447	NAN	
10.17	0.135	-0.0385	0.1935	-0.69254	NAN	
10.18	0.14	-0.037	0.195	-0.6905975	NAN	
10.19	0.15	-0.033	0.201	-0.6886175	NAN	
10.2	0.16	-0.03	0.1985	-0.68662	NAN	
10.21	0.165	-0.027	0.202	-0.6846175	NAN	
10.22	0.175	-0.024	0.206	-0.6825775	NAN	
10.23	0.18	-0.021	0.2085	-0.680505	NAN	
10.24	0.19	-0.018	0.2135	-0.678395	NAN	
10.25	0.2	-0.016	0.2135	-0.67626	NAN	
10.26	0.205	-0.0125	0.2215	-0.674085	NAN	
10.27	0.215	-0.01	0.2225	-0.671865	NAN	
10.28	0.22	-0.008	0.229	-0.6696075	NAN	
10.29	0.23	-0.004	0.2295	-0.667315	NAN	
10.3	0.24	-0.0015	0.24	-0.6649675	NAN	
10.31	0.245	0.0015	0.231	-0.6626125	NAN	
10.32	0.255	0.004	0.248	-0.6602175	NAN	
10.33	0.26	0.0065	0.24	-0.6577775	NAN	
10.34	0.27	0.0095	0.247	-0.6553425	NAN	
10.35	0.28	0.012	0.2445	-0.652885	NAN	
10.36	0.285	0.015	0.2505	-0.65041	NAN	
10.37	0.295	0.017	0.2565	-0.647875	NAN	
10.38	0.3	0.02	0.2605	-0.64529	NAN	
10.39	0.31	0.022	0.266	-0.6426575	NAN	
10.4	0.32	0.0255	0.2675	-0.63999	NAN	
10.41	0.325	0.028	0.2715	-0.637295	NAN	
10.42	0.335	0.03	0.2775	-0.63455	NAN	
10.43	0.34	0.033	0.273	-0.6317975	NAN	
10.44	0.35	0.035	0.281	-0.6290275	NAN	
10.45	0.36	0.037	0.281	-0.6262175	NAN	
10.46	0.365	0.04	0.2955	-0.623335	NAN	
10.47	0.375	0.0425	0.293	-0.6203925	NAN	
10.48	0.38	0.044	0.3015	-0.61742	NAN	
10.49	0.39	0.048	0.2995	-0.614415	NAN	
10.5	0.4	0.0495	0.3065	-0.611385	NAN	
10.51	0.405	0.0515	0.305	-0.6083275	NAN	
10.52	0.415	0.054	0.3175	-0.605215	NAN	
10.53	0.42	0.056	0.31	-0.6020775	NAN	
10.54	0.43	0.058	0.323	-0.5989125	NAN	
10.55	0.44	0.0605	0.3205	-0.595695	NAN	
10.56	0.445	0.0625	0.3305	-0.59244	NAN	
10.57	0.455	0.065	0.3345	-0.589115	NAN	
10.58	0.46	0.0675	0.3385	-0.58575	NAN	
10.59	0.47	0.069	0.3455	-0.58233	NAN	
10.6	0.48	0.0715	0.3455	-0.578875	NAN	
10.61	0.485	0.0735	0.3535	-0.57538	NAN	
10.62	0.495	0.0755	0.357	-0.5718275	NAN	
10.63	0.5	0.0775	0.359	-0.5682475	NAN	
10.64	0.51	0.0795	0.3635	-0.564635	NAN	
10.65	0.52	0.0815	0.3635	-0.561	NAN	
10.66	0.525	0.0835	0.3695	-0.557335	NAN	
10.67	0.535	0.0855	0.381	-0.5535825	NAN	
10.68	0.54	0.087	0.3805	-0.549775	NAN	
10.69	0.55	0.0885	0.3925	-0.54591	NAN	
10.7	0.56	0.091	0.388	-0.5420075	NAN	
10.71	0.565	0.0925	0.4	-0.5380675	NAN	
10.72	0.575	0.0945	0.4065	-0.534035	NAN	
10.73	0.58	0.096	0.405	-0.5299775	NAN	
10.74	0.59	0.098	0.4135	-0.525885	NAN	
10.75	0.6	0.0995	0.4175	-0.52173	NAN	
10.76	0.605	0.101	0.423	-0.5175275	NAN	
10.77	0.615	0.1025	0.4285	-0.51327	NAN	
10.78	0.62	0.1045	0.4315	-0.50897	NAN	
10.79	0.63	0.106	0.4385	-0.50462	NAN	
10.8	0.64	0.1075	0.439	-0.5002325	NAN	
10.81	0.645	0.109	0.443	-0.4958225	NAN	
10.82	0.655	0.1105	0.438	-0.4914175	NAN	
10.83	0.66	0.112	0.447	-0.4869925	NAN	
10.84	0.67	0.1135	0.4565	-0.482475	NAN	
10.85	0.68	0.1145	0.466	-0.4778625	NAN	
10.86	0.685	0.116	0.477	-0.4731475	NAN	
10.87	0.695	0.1175	0.4785	-0.46837	NAN	
10.88	0.7	0.119	0.4875	-0.46354	NAN	
10.89	0.71	0.12	0.495	-0.4586275	NAN	
10.9	0.72	0.122	0.4865	-0.45372	NAN	
10.91	0.725	0.1235	0.503	-0.4487725	NAN	
10.92	0.735	0.125	0.511	-0.4437025	NAN	
10.93	0.74	0.126	0.516	-0.4385675	NAN	
10.94	0.75	0.1275	0.525	-0.4333625	NAN	
10.95	0.76	0.129	0.526	-0.4281075	NAN	
10.96	0.765	0.1305	0.5335	-0.42281	NAN	
10.97	0.775	0.132	0.5415	-0.417435	NAN	
10.98	0.78	0.1335	0.544	-0.4120075	NAN	
10.99	0.79	0.135	0.549	-0.4065425	NAN	
11	0.8	0.1365	0.5505	-0.401045	NAN	
11.01	0.805	0.138	0.5585	-0.3955	NAN	
11.02	0.815	0.1395	0.566	-0.3898775	NAN	
11.03	0.82	0.1415	0.569	-0.3842025	NAN	
11.04	0.83	0.143	0.574	-0.3784875	NAN	
11.05	0.84	0.145	0.579	-0.3727225	NAN	
11.06	0.845	0.1465	0.585	-0.3669025	NAN	
11.07	0.855	0.1485	0.596	-0.3609975	NAN	
11.08	0.86	0.1505	0.5945	-0.355045	NAN	
11.09	0.87	0.1525	0.6025	-0.34906	NAN	
11.1	0.88	0.1545	0.6005	-0.343045	NAN	
11.11	0.885	0.1565	0.608	-0.3370025	NAN	
11.12	0.895	0.1585	0.6115	-0.330905	NAN	
11.13	0.9	0.161	0.615	-0.3247725	NAN	
11.14	0.91	0.163	0.6215	-0.31859	NAN	
11.15	0.92	0.1655	0.6215	-0.312375	NAN	
11.16	0.925	0.168	0.6295	-0.30612	NAN	
11.17	0.935	0.17	0.6355	-0.299795	NAN	
11.18	0.94	0.1725	0.6385	-0.293425	NAN	
11.19	0.95	0.175	0.641	-0.2870275	NAN	
11.2	0.96	0.1775	0.647	-0.2805875	NAN	
11.21	0.965	0.18	0.6465	-0.27412	NAN	
11.22	0.975	0.1825	0.6535	-0.26762	NAN	
11.23	0.98	0.1855	0.648	-0.2611125	NAN	
11.24	0.99	0.188	0.66	-0.2545725	NAN	
11.25	1	0.1905	0.65	-0.2480225	NAN	
11.26	1.005	0.193	0.667	-0.2414375	NAN	
11.27	1.015	0.196	0.6655	-0.234775	NAN	
11.28	1.02	0.199	0.674	-0.2280775	NAN	
11.29	1.03	0.202	0.669	-0.2213625	NAN	
11.3	1.04	0.2045	0.6775	-0.21463	NAN	
11.31	1.045	0.2075	0.6765	-0.20786	NAN	
11.32	1.055	0.211	0.686	-0.2010475	NAN	
11.33	1.06	0.214	0.676	-0.1942375	NAN	
11.34	1.07	0.218	0.6835	-0.18744	NAN	
11.35	1.08	0.2215	0.676	-0.1806425	NAN	
11.36	1.085	0.225	0.685	-0.1738375	NAN	
11.37	1.095	0.229	0.6885	-0.16697	NAN	
11.38	1.1	0.2325	0.685	-0.1601025	NAN	
11.39	1.11	0.236	0.6885	-0.153235	NAN	
11.4	1.12	0.2405	0.6855	-0.146365	NAN	
11.41	1.125	0.2445	0.6895	-0.13949	NAN	
11.42	1.135	0.249	0.69	-0.1325925	NAN	
11.43	1.14	0.2535	0.689	-0.1256975	NAN	
11.44	1.15	0.2585	0.6915	-0.118795	NAN	
11.45	1.16	0.2625	0.686	-0.1119075	NAN	
11.46	1.165	0.268	0.6875	-0.10504	NAN	
11.47	1.175	0.273	0.687	-0.0981675	NAN	
11.48	1.18	0.278	0.6855	-0.091305	NAN	
11.49	1.19	0.2835	0.681	-0.0844725	NAN	
11.5	1.2	0.289	0.685	-0.0776425	NAN	
11.51	1.205	0.2945	0.676	-0.0708375	NAN	
11.52	1.215	0.3005	0.683	-0.0640425	NAN	
11.53	1.22	0.3065	0.665	-0.0573025	NAN	
11.54	1.23	0.3135	0.6775	-0.05059	NAN	
11.55	1.24	0.32	0.6565	-0.04392	NAN	
11.56	1.245	0.3265	0.662	-0.0373275	NAN	
11.57	1.255	0.334	0.6515	-0.03076	NAN	
11.58	1.26	0.3415	0.648	-0.0242625	NAN	
11.59	1.27	0.3495	0.6415	-0.017815	NAN	
11.6	1.28	0.3575	0.6325	-0.011445	NAN	
11.61	1.285	0.366	0.629	-0.0051375	NAN	
11.62	1.295	0.3745	0.6285	0.00115	NAN	
11.63	1.3	0.3835	0.605	0.0073175	NAN	
11.64	1.31	0.393	0.604	0.0133625	NAN	
11.65	1.32	0.4025	0.5885	0.019325	NAN	
11.66	1.325	0.413	0.5795	0.025165	NAN	
11.67	1.335	0.4235	0.573	0.0309275	NAN	
11.68	1.34	0.4345	0.557	0.0365775	NAN	
11.69	1.35	0.4455	0.546	0.0420925	NAN	
11.7	1.36	0.457	0.5315	0.04748	NAN	
11.71	1.365	0.469	0.518	0.0527275	NAN	
11.72	1.375	0.481	0.508	0.0578575	NAN	
11.73	1.38	0.4935	0.4905	0.06285	NAN	
11.74	1.39	0.5065	0.4765	0.067685	NAN	
11.75	1.4	0.5195	0.4605	0.07237	NAN	
11.76	1.405	0.533	0.446	0.0769025	NAN	
11.77	1.415	0.547	0.429	0.0812775	NAN	
11.78	1.42	0.5605	0.409	0.0854675	NAN	
11.79	1.43	0.5745	0.3935	0.08948	NAN	
11.8	1.44	0.5885	0.372	0.0933075	NAN	
11.81	1.445	0.603	0.356	0.0969475	NAN	
11.82	1.455	0.6175	0.3435	0.100445	NAN	
11.83	1.46	0.6315	0.321	0.1037675	NAN	
11.84	1.47	0.6455	0.311	0.1069275	NAN	
11.85	1.48	0.66	0.286	0.1099125	NAN	
11.86	1.485	0.674	0.278	0.1127325	NAN	
11.87	1.495	0.6875	0.255	0.1153975	NAN	
11.88	1.5	0.7005	0.2465	0.117905	NAN	
11.89	1.51	0.7135	0.2235	0.120255	NAN	
11.9	1.52	0.7265	0.216	0.1224525	NAN	
11.91	1.525	0.7385	0.1935	0.1245	NAN	
11.92	1.535	0.7505	0.191	0.1264225	NAN	
11.93	1.54	0.762	0.171	0.1282325	NAN	
11.94	1.55	0.7735	0.1665	0.12992	NAN	
11.95	1.56	0.784	0.1525	0.131515	NAN	
11.96	1.565	0.7945	0.1455	0.133005	NAN	
11.97	1.575	0.804	0.137	0.1344175	NAN	
11.98	1.58	0.8135	0.128	0.1357425	NAN	
11.99	1.59	0.8225	0.1225	0.136995	NAN	
12	1.6	0.831	0.1145	0.13818	NAN	
12.01	1.605	0.8395	0.1035	0.13927	NAN	
12.02	1.615	0.847	0.106	0.1403175	NAN	
12.03	1.62	0.855	0.085	0.1412725	NAN	
12.04	1.63	0.862	0.094	0.1421675	NAN	
12.05	1.64	0.869	0.078	0.1430275	NAN	
12.06	1.645	0.876	0.0815	0.143825	NAN	
12.07	1.655	0.8825	0.081	0.1446375	NAN	
12.08	1.66	0.8885	0.072	0.1454025	NAN	
12.09	1.67	0.8945	0.0735	0.14613	NAN	
12.1	1.68	0.901	0.058	0.1467875	NAN	
12.11	1.685	0.9065	0.0545	0.14735	NAN	
12.12	1.695	0.912	0.0685	0.147965	NAN	
12.13	1.7	0.9175	0.0525	0.14857	NAN	
12.14	1.71	0.923	0.0655	0.14916	NAN	
12.15	1.72	0.9285	0.051	0.1497425	NAN	
12.16	1.725	0.934	0.0575	0.150285	NAN	
12.17	1.735	0.9385	0.054	0.1508425	NAN	
12.18	1.74	0.9435	0.052	0.1513725	NAN	
12.19	1.75	0.948	0.0535	0.1519	NAN	
12.2	1.76	0.9535	0.0495	0.152415	NAN	
12.21	1.765	0.958	0.0465	0.152895	NAN	
12.22	1.775	0.963	0.0525	0.15339	NAN	
12.23	1.78	0.9675	0.0405	0.153855	NAN	
12.24	1.79	0.972	0.052	0.1543175	NAN	
12.25	1.8	0.977	0.0405	0.15478	NAN	
12.26	1.805	0.9815	0.047	0.1552175	NAN	
12.27	1.815	0.986	0.046	0.1556825	NAN	
12.28	1.82	0.9905	0.0445	0.156135	NAN	
12.29	1.83	0.995	0.0445	0.15658	NAN	
12.3	1.84	0.9995	0.0435	0.15702	NAN	
12.31	1.845	1.004	0.039	0.1574325	NAN	
12.32	1.855	1.0085	0.05	0.1578775	NAN	
12.33	1.86	1.0125	0.035	0.1583025	NAN	
12.34	1.87	1.0175	0.0455	0.158705	NAN	
12.35	1.88	1.02	0.0365	0.159115	NAN	
12.36	1.885	1.02	0.0435	0.159515	NAN	
12.37	1.895	1.02	0.044	0.1599525	NAN	
12.38	1.9	1.02	0.039	0.1603675	NAN	
12.39	1.91	1.02	0.041	0.1607675	NAN	
12.4	1.92	1.02	0.04	0.1611725	NAN	
12.41	1.925	1.02	0.0345	0.161545	NAN	
12.42	1.935	1.02	0.0455	0.161945	NAN	
12.43	1.94	1.02	0.032	0.1623325	NAN	
12.44	1.95	1.02	0.044	0.1627125	NAN	
12.45	1.96	1.02	0.033	0.1630975	NAN	
12.46	1.965	1.02	0.038	0.1634525	NAN	
12.47	1.975	1.02	0.0395	0.16384	NAN	
12.48	1.98	1.02	0.0365	0.16422	NAN	
12.49	1.99	1.02	0.0385	0.164595	NAN	
12.5	2	1.02	0.0405	0.16499	NAN	
