MIN=0	-10	-1	-1	-2	0	
MAX=12.5	10	1	1	2	50	
SCALE=5	5	0.5	0.5	1	10	
DEC=2	2	3	3	2	2	
DEF="Time" t / s	"Voltage" U_1 / V	"Current" I_1 / A	"Voltage" U_B2 / V	"Magnetic Flux" &F / Vs	"Frequency" f / Hz	
0	0	-0.001	0.004	0	NAN	
0.01	0.005	-0.0005	-0.001	1.5E-5	NAN	
0.02	0.015	-0.0005	0.013	7.5E-5	NAN	
0.03	0.02	0	0.014	0.00021	NAN	
0.04	0.03	0.001	0.023	0.000395	NAN	
0.05	0.04	0.002	0.0305	0.0006625	NAN	
0.06	0.045	0.0025	0.0375	0.0010025	NAN	
0.07	0.055	0.004	0.044	0.00141	NAN	
0.08	0.06	0.0055	0.046	0.00186	NAN	
0.09	0.07	0.006	0.0465	0.0023225	NAN	
0.1	0.08	0.008	0.0585	0.0028475	NAN	
0.11	0.085	0.0095	0.063	0.003455	NAN	
0.12	0.095	0.0115	0.0865	0.0042025	NAN	
0.13	0.1	0.013	0.0675	0.0049725	NAN	
0.14	0.11	0.015	0.068	0.00565	NAN	
0.15	0.12	0.017	0.0625	0.0063025	NAN	
0.16	0.125	0.019	0.0705	0.0069675	NAN	
0.17	0.135	0.0215	0.097	0.007805	NAN	
0.18	0.14	0.0235	0.0935	0.0087575	NAN	
0.19	0.15	0.026	0.1	0.009725	NAN	
0.2	0.16	0.028	0.109	0.01077	NAN	
0.21	0.165	0.032	0.108	0.011855	NAN	
0.22	0.175	0.0325	0.1205	0.0129975	NAN	
0.23	0.18	0.035	0.114	0.01417	NAN	
0.24	0.19	0.037	0.137	0.015425	NAN	
0.25	0.2	0.04	0.1085	0.0166525	NAN	
0.26	0.205	0.0425	0.127	0.01783	NAN	
0.27	0.215	0.045	0.128	0.019105	NAN	
0.28	0.22	0.0475	0.134	0.020415	NAN	
0.29	0.23	0.05	0.136	0.021765	NAN	
0.3	0.24	0.0525	0.1425	0.0231575	NAN	
0.31	0.245	0.055	0.145	0.024595	NAN	
0.32	0.255	0.0575	0.159	0.026115	NAN	
0.33	0.26	0.06	0.15	0.02766	NAN	
0.34	0.27	0.0625	0.1635	0.0292275	NAN	
0.35	0.28	0.065	0.158	0.030835	NAN	
0.36	0.285	0.0675	0.1695	0.0324725	NAN	
0.37	0.295	0.07	0.1645	0.0341425	NAN	
0.38	0.3	0.071	0.1795	0.0358625	NAN	
0.39	0.31	0.075	0.18	0.03766	NAN	
0.4	0.32	0.0775	0.181	0.039465	NAN	
0.41	0.325	0.08	0.193	0.041335	NAN	
0.42	0.335	0.0825	0.1925	0.0432625	NAN	
0.43	0.34	0.085	0.1885	0.0451675	NAN	
0.44	0.35	0.087	0.186	0.04704	NAN	
0.45	0.36	0.0895	0.193	0.048935	NAN	
0.46	0.365	0.092	0.2235	0.0510175	NAN	
0.47	0.375	0.0945	0.18	0.053035	NAN	
0.48	0.38	0.097	0.21	0.054985	NAN	
0.49	0.39	0.099	0.23	0.057185	NAN	
0.5	0.4	0.102	0.23	0.059485	NAN	
0.51	0.405	0.1045	0.2135	0.0617025	NAN	
0.52	0.415	0.107	0.229	0.063915	NAN	
0.53	0.42	0.1095	0.218	0.06615	NAN	
0.54	0.43	0.1125	0.2295	0.0683875	NAN	
0.55	0.44	0.115	0.2265	0.0706675	NAN	
0.56	0.445	0.118	0.243	0.073015	NAN	
0.57	0.455	0.1205	0.239	0.075425	NAN	
0.58	0.46	0.1225	0.249	0.077865	NAN	
0.59	0.47	0.125	0.247	0.080345	NAN	
0.6	0.48	0.1275	0.254	0.08285	NAN	
0.61	0.485	0.1295	0.2515	0.0853775	NAN	
0.62	0.495	0.132	0.2655	0.0879625	NAN	
0.63	0.5	0.1335	0.264	0.09061	NAN	
0.64	0.51	0.136	0.273	0.093295	NAN	
0.65	0.52	0.138	0.2695	0.0960075	NAN	
0.66	0.525	0.14	0.277	0.09874	NAN	
0.67	0.535	0.142	0.2855	0.1015525	NAN	
0.68	0.54	0.144	0.29	0.10443	NAN	
0.69	0.55	0.146	0.29	0.10733	NAN	
0.7	0.56	0.148	0.2995	0.1102775	NAN	
0.71	0.565	0.1495	0.2985	0.1132675	NAN	
0.72	0.575	0.1515	0.314	0.11633	NAN	
0.73	0.58	0.1535	0.305	0.119425	NAN	
0.74	0.59	0.1555	0.323	0.122565	NAN	
0.75	0.6	0.1575	0.311	0.125735	NAN	
0.76	0.605	0.1595	0.3285	0.1289325	NAN	
0.77	0.615	0.161	0.323	0.13219	NAN	
0.78	0.62	0.163	0.3345	0.1354775	NAN	
0.79	0.63	0.165	0.332	0.13881	NAN	
0.8	0.64	0.167	0.347	0.142205	NAN	
0.81	0.645	0.169	0.348	0.14568	NAN	
0.82	0.655	0.171	0.3595	0.1492175	NAN	
0.83	0.66	0.173	0.348	0.152755	NAN	
0.84	0.67	0.175	0.3535	0.1562625	NAN	
0.85	0.68	0.177	0.354	0.1598	NAN	
0.86	0.685	0.1795	0.357	0.163355	NAN	
0.87	0.695	0.1815	0.3745	0.1670125	NAN	
0.88	0.7	0.184	0.38	0.170785	NAN	
0.89	0.71	0.1865	0.383	0.1746	NAN	
0.9	0.72	0.189	0.3795	0.1784125	NAN	
0.91	0.725	0.1915	0.379	0.182205	NAN	
0.92	0.735	0.194	0.3935	0.1860675	NAN	
0.93	0.74	0.1965	0.3925	0.1899975	NAN	
0.94	0.75	0.199	0.402	0.19397	NAN	
0.95	0.76	0.2015	0.3955	0.1979575	NAN	
0.96	0.765	0.2045	0.404	0.201955	NAN	
0.97	0.775	0.2075	0.4115	0.2060325	NAN	
0.98	0.78	0.2105	0.426	0.21022	NAN	
0.99	0.79	0.213	0.388	0.21429	NAN	
1	0.8	0.2165	0.4145	0.2183025	NAN	
1.01	0.805	0.219	0.4275	0.2225125	NAN	
1.02	0.815	0.2225	0.43	0.2268	NAN	
1.03	0.82	0.2255	0.427	0.231085	NAN	
1.04	0.83	0.229	0.426	0.23535	NAN	
1.05	0.84	0.2325	0.4255	0.2396075	NAN	
1.06	0.845	0.236	0.455	0.24401	NAN	
1.07	0.855	0.2395	0.448	0.248525	NAN	
1.08	0.86	0.243	0.447	0.253	NAN	
1.09	0.87	0.247	0.429	0.25738	NAN	
1.1	0.88	0.251	0.428	0.261665	NAN	
1.11	0.885	0.255	0.4375	0.2659925	NAN	
1.12	0.895	0.259	0.451	0.270435	NAN	
1.13	0.9	0.263	0.431	0.274845	NAN	
1.14	0.91	0.2675	0.446	0.27923	NAN	
1.15	0.92	0.2715	0.434	0.28363	NAN	
1.16	0.925	0.2765	0.4395	0.2879975	NAN	
1.17	0.935	0.281	0.432	0.292355	NAN	
1.18	0.94	0.2855	0.435	0.29669	NAN	
1.19	0.95	0.291	0.44	0.301065	NAN	
1.2	0.96	0.296	0.4395	0.3054625	NAN	
1.21	0.965	0.301	0.43	0.30981	NAN	
1.22	0.975	0.306	0.4375	0.3141475	NAN	
1.23	0.98	0.3115	0.427	0.31847	NAN	
1.24	0.99	0.317	0.4335	0.3227725	NAN	
1.25	1	0.3225	0.425	0.327065	NAN	
1.26	1.005	0.328	0.4285	0.3313325	NAN	
1.27	1.015	0.334	0.419	0.33557	NAN	
1.28	1.02	0.3395	0.4155	0.3397425	NAN	
1.29	1.03	0.346	0.415	0.343895	NAN	
1.3	1.04	0.352	0.41	0.34802	NAN	
1.31	1.045	0.3585	0.3985	0.3520625	NAN	
1.32	1.055	0.365	0.406	0.356085	NAN	
1.33	1.06	0.372	0.3985	0.3601075	NAN	
1.34	1.07	0.379	0.393	0.364065	NAN	
1.35	1.08	0.386	0.394	0.368	NAN	
1.36	1.085	0.393	0.3925	0.3719325	NAN	
1.37	1.095	0.4005	0.381	0.3758	NAN	
1.38	1.1	0.408	0.3795	0.3796025	NAN	
1.39	1.11	0.4155	0.371	0.383355	NAN	
1.4	1.12	0.423	0.366	0.38704	NAN	
1.41	1.125	0.431	0.3575	0.3906575	NAN	
1.42	1.135	0.4385	0.3565	0.3942275	NAN	
1.43	1.14	0.4465	0.3445	0.3977325	NAN	
1.44	1.15	0.4545	0.345	0.40118	NAN	
1.45	1.16	0.4625	0.329	0.40455	NAN	
1.46	1.165	0.471	0.3345	0.4078675	NAN	
1.47	1.175	0.4795	0.3265	0.4111725	NAN	
1.48	1.18	0.488	0.316	0.414385	NAN	
1.49	1.19	0.4965	0.2995	0.4174625	NAN	
1.5	1.2	0.5055	0.301	0.420465	NAN	
1.51	1.205	0.514	0.287	0.423405	NAN	
1.52	1.215	0.523	0.2915	0.4262975	NAN	
1.53	1.22	0.532	0.266	0.429085	NAN	
1.54	1.23	0.541	0.272	0.431775	NAN	
1.55	1.24	0.55	0.247	0.43437	NAN	
1.56	1.245	0.559	0.2535	0.4368725	NAN	
1.57	1.255	0.568	0.2375	0.4393275	NAN	
1.58	1.26	0.5775	0.2365	0.4416975	NAN	
1.59	1.27	0.586	0.222	0.44399	NAN	
1.6	1.28	0.5955	0.2205	0.4462025	NAN	
1.61	1.285	0.604	0.2035	0.4483225	NAN	
1.62	1.295	0.613	0.208	0.45038	NAN	
1.63	1.3	0.6215	0.1885	0.4523625	NAN	
1.64	1.31	0.6305	0.1845	0.4542275	NAN	
1.65	1.32	0.639	0.178	0.45604	NAN	
1.66	1.325	0.6475	0.1745	0.4578025	NAN	
1.67	1.335	0.656	0.167	0.45951	NAN	
1.68	1.34	0.664	0.159	0.46114	NAN	
1.69	1.35	0.672	0.151	0.46269	NAN	
1.7	1.36	0.68	0.148	0.464185	NAN	
1.71	1.365	0.688	0.1365	0.4656075	NAN	
1.72	1.375	0.6955	0.1435	0.4670075	NAN	
1.73	1.38	0.703	0.129	0.46837	NAN	
1.74	1.39	0.7105	0.1335	0.4696825	NAN	
1.75	1.4	0.718	0.1145	0.4709225	NAN	
1.76	1.405	0.725	0.122	0.472105	NAN	
1.77	1.415	0.732	0.0925	0.4731775	NAN	
1.78	1.42	0.7385	0.117	0.474225	NAN	
1.79	1.43	0.7455	0.1025	0.4753225	NAN	
1.8	1.44	0.752	0.0965	0.4763175	NAN	
1.81	1.445	0.7585	0.093	0.477265	NAN	
1.82	1.455	0.765	0.101	0.478235	NAN	
1.83	1.46	0.7715	0.084	0.47916	NAN	
1.84	1.47	0.7775	0.09	0.48003	NAN	
1.85	1.48	0.7835	0.0685	0.4808225	NAN	
1.86	1.485	0.789	0.096	0.481645	NAN	
1.87	1.495	0.795	0.0835	0.4825425	NAN	
1.88	1.5	0.8005	0.08	0.48336	NAN	
1.89	1.51	0.8065	0.078	0.48415	NAN	
1.9	1.52	0.8115	0.0695	0.4848875	NAN	
1.91	1.525	0.8175	0.0715	0.4855925	NAN	
1.92	1.535	0.8225	0.0725	0.4863125	NAN	
1.93	1.54	0.828	0.0715	0.4870325	NAN	
1.94	1.55	0.8335	0.068	0.48773	NAN	
1.95	1.56	0.839	0.0645	0.4883925	NAN	
1.96	1.565	0.844	0.066	0.489045	NAN	
1.97	1.575	0.849	0.061	0.48968	NAN	
1.98	1.58	0.854	0.0645	0.4903075	NAN	
1.99	1.59	0.8595	0.0605	0.4909325	NAN	
2	1.6	0.864	0.063	0.49155	NAN	
2.01	1.605	0.8695	0.057	0.49215	NAN	
2.02	1.615	0.874	0.0585	0.4927275	NAN	
2.03	1.62	0.8785	0.0595	0.4933175	NAN	
2.04	1.63	0.8835	0.0565	0.4938975	NAN	
2.05	1.64	0.8885	0.05	0.49443	NAN	
2.06	1.645	0.893	0.053	0.494945	NAN	
2.07	1.655	0.8975	0.0535	0.4954775	NAN	
2.08	1.66	0.9025	0.0695	0.4960925	NAN	
2.09	1.67	0.907	0.042	0.49665	NAN	
2.1	1.68	0.9115	0.0505	0.4971125	NAN	
2.11	1.685	0.9165	0.0435	0.4975825	NAN	
2.12	1.695	0.921	0.0475	0.4980375	NAN	
2.13	1.7	0.926	0.0595	0.4985725	NAN	
2.14	1.71	0.93	0.0495	0.4991175	NAN	
2.15	1.72	0.935	0.051	0.49962	NAN	
2.16	1.725	0.939	0.0505	0.5001275	NAN	
2.17	1.735	0.944	0.0515	0.5006375	NAN	
2.18	1.74	0.948	0.05	0.501145	NAN	
2.19	1.75	0.953	0.049	0.50164	NAN	
2.2	1.76	0.956	0.049	0.50213	NAN	
2.21	1.765	0.9615	0.045	0.5026	NAN	
2.22	1.775	0.966	0.0485	0.5030675	NAN	
2.23	1.78	0.9705	0.0465	0.5035425	NAN	
2.24	1.79	0.977	0.04	0.503975	NAN	
2.25	1.8	0.979	0.045	0.5044	NAN	
2.26	1.805	0.9835	0.038	0.504815	NAN	
2.27	1.815	0.988	0.048	0.505245	NAN	
2.28	1.82	0.992	0.0415	0.5056925	NAN	
2.29	1.83	0.997	0.0425	0.5061125	NAN	
2.3	1.84	1.001	0.0425	0.5065375	NAN	
2.31	1.845	1.0055	0.042	0.50696	NAN	
2.32	1.855	1.012	0.044	0.50739	NAN	
2.33	1.86	1.014	0.044	0.50783	NAN	
2.34	1.87	1.0185	0.0395	0.5082475	NAN	
2.35	1.88	1.02	0.05	0.508695	NAN	
2.36	1.885	1.02	0.0335	0.5091125	NAN	
2.37	1.895	1.02	0.041	0.509485	NAN	
2.38	1.9	1.02	0.03	0.50984	NAN	
2.39	1.91	1.02	0.041	0.510195	NAN	
2.4	1.92	1.02	0.0355	0.5105775	NAN	
2.41	1.925	1.02	0.0385	0.5109475	NAN	
2.42	1.935	1.02	0.04	0.51134	NAN	
2.43	1.94	1.02	0.0405	0.5117425	NAN	
2.44	1.95	1.02	0.03	0.512095	NAN	
2.45	1.96	1.02	0.043	0.51246	NAN	
2.46	1.965	1.02	0.033	0.51284	NAN	
2.47	1.975	1.02	0.046	0.513235	NAN	
2.48	1.98	1.02	0.0315	0.5136225	NAN	
2.49	1.99	1.02	0.036	0.51396	NAN	
2.5	2	1.02	0.032	0.5143	NAN	
2.51	1.995	1.02	0.0305	0.5146125	NAN	
2.52	1.985	1.02	0.0175	0.5148525	NAN	
2.53	1.98	1.02	0.0175	0.5150275	NAN	
2.54	1.97	1.02	0	0.515115	NAN	
2.55	1.96	1.02	0.0075	0.5151525	NAN	
2.56	1.955	1.02	-0.0105	0.5151375	NAN	
2.57	1.945	1.02	-0.001	0.51508	NAN	
2.58	1.94	1.02	-0.013	0.51501	NAN	
2.59	1.93	1.02	-0.006	0.514915	NAN	
2.6	1.92	1.02	-0.015	0.51481	NAN	
2.61	1.915	1.02	-0.006	0.514705	NAN	
2.62	1.905	1.02	-0.0155	0.5145975	NAN	
2.63	1.9	1.02	-0.0085	0.5144775	NAN	
2.64	1.89	1.02	-0.014	0.514365	NAN	
2.65	1.88	1.02	-0.0085	0.5142525	NAN	
2.66	1.875	1.02	-0.0115	0.5141525	NAN	
2.67	1.865	1.02	-0.0125	0.5140325	NAN	
2.68	1.86	1.02	-0.011	0.513915	NAN	
2.69	1.85	1.02	-0.011	0.513805	NAN	
2.7	1.84	1.02	-0.0115	0.5136925	NAN	
2.71	1.835	1.02	-0.0095	0.5135875	NAN	
2.72	1.825	1.02	-0.0175	0.5134525	NAN	
2.73	1.82	1.02	-0.008	0.513325	NAN	
2.74	1.81	1.02	-0.0195	0.5131875	NAN	
2.75	1.8	1.02	-0.007	0.513055	NAN	
2.76	1.795	1.0165	-0.0215	0.5129125	NAN	
2.77	1.785	1.0125	-0.0095	0.5127575	NAN	
2.78	1.78	1.008	-0.023	0.512595	NAN	
2.79	1.77	1.0045	-0.011	0.512425	NAN	
2.8	1.76	1	-0.019	0.512275	NAN	
2.81	1.755	0.996	-0.0065	0.5121475	NAN	
2.82	1.745	0.9915	-0.012	0.512055	NAN	
2.83	1.74	0.988	-0.014	0.511925	NAN	
2.84	1.73	0.9835	-0.003	0.51184	NAN	
2.85	1.72	0.9795	-0.0245	0.5117025	NAN	
2.86	1.715	0.9755	-0.007	0.511545	NAN	
2.87	1.705	0.972	0.0015	0.5115175	NAN	
2.88	1.7	0.967	-0.0295	0.5113775	NAN	
2.89	1.69	0.9635	-0.008	0.51119	NAN	
2.9	1.68	0.959	-0.0225	0.5110375	NAN	
2.91	1.675	0.955	-0.017	0.51084	NAN	
2.92	1.665	0.9505	-0.0165	0.5106725	NAN	
2.93	1.66	0.9465	-0.008	0.51055	NAN	
2.94	1.65	0.942	-0.0215	0.5104025	NAN	
2.95	1.64	0.938	-0.0085	0.5102525	NAN	
2.96	1.635	0.934	-0.0215	0.5101025	NAN	
2.97	1.625	0.9295	-0.0125	0.5099325	NAN	
2.98	1.62	0.9255	-0.0225	0.5097575	NAN	
2.99	1.61	0.9215	-0.014	0.509575	NAN	
3	1.6	0.917	-0.0195	0.5094075	NAN	
3.01	1.595	0.913	-0.0145	0.5092375	NAN	
3.02	1.585	0.909	-0.02	0.509065	NAN	
3.03	1.58	0.905	-0.0145	0.5088925	NAN	
3.04	1.57	0.9005	-0.0195	0.5087225	NAN	
3.05	1.56	0.897	-0.016	0.508545	NAN	
3.06	1.555	0.892	-0.0155	0.5083875	NAN	
3.07	1.545	0.888	-0.0185	0.5082175	NAN	
3.08	1.54	0.8835	-0.018	0.508035	NAN	
3.09	1.53	0.8795	-0.02	0.507845	NAN	
3.1	1.52	0.8745	-0.0205	0.5076425	NAN	
3.11	1.515	0.8705	-0.019	0.507445	NAN	
3.12	1.505	0.866	-0.027	0.507215	NAN	
3.13	1.5	0.8615	-0.0115	0.5070225	NAN	
3.14	1.49	0.8575	-0.0275	0.5068275	NAN	
3.15	1.48	0.853	-0.0115	0.5066325	NAN	
3.16	1.475	0.8485	-0.024	0.506455	NAN	
3.17	1.465	0.8445	-0.0155	0.5062575	NAN	
3.18	1.46	0.84	-0.0215	0.5060725	NAN	
3.19	1.45	0.8355	-0.0175	0.5058775	NAN	
3.2	1.44	0.831	-0.0205	0.5056875	NAN	
3.21	1.435	0.827	-0.02	0.505485	NAN	
3.22	1.425	0.8225	-0.023	0.50527	NAN	
3.23	1.42	0.8185	-0.022	0.505045	NAN	
3.24	1.41	0.814	-0.022	0.504825	NAN	
3.25	1.4	0.8095	-0.0195	0.5046175	NAN	
3.26	1.395	0.805	-0.021	0.504415	NAN	
3.27	1.385	0.801	-0.021	0.504205	NAN	
3.28	1.38	0.7965	-0.0225	0.5039875	NAN	
3.29	1.37	0.792	-0.0205	0.5037725	NAN	
3.3	1.36	0.7875	-0.025	0.503545	NAN	
3.31	1.355	0.7835	-0.0165	0.5033375	NAN	
3.32	1.345	0.779	-0.0275	0.5031175	NAN	
3.33	1.34	0.7745	-0.017	0.502895	NAN	
3.34	1.33	0.77	-0.034	0.50264	NAN	
3.35	1.32	0.766	-0.02	0.50237	NAN	
3.36	1.315	0.7615	-0.027	0.502135	NAN	
3.37	1.305	0.757	-0.0235	0.5018825	NAN	
3.38	1.3	0.7525	-0.023	0.50165	NAN	
3.39	1.29	0.748	-0.025	0.50141	NAN	
3.4	1.28	0.744	-0.0245	0.5011625	NAN	
3.41	1.275	0.7395	-0.023	0.500925	NAN	
3.42	1.265	0.7355	-0.026	0.50068	NAN	
3.43	1.26	0.731	-0.023	0.500435	NAN	
3.44	1.25	0.727	-0.027	0.500185	NAN	
3.45	1.24	0.723	-0.0225	0.4999375	NAN	
3.46	1.235	0.718	-0.0275	0.4996875	NAN	
3.47	1.225	0.714	-0.0235	0.4994325	NAN	
3.48	1.22	0.71	-0.0285	0.4991725	NAN	
3.49	1.21	0.7055	-0.0215	0.4989225	NAN	
3.5	1.2	0.7015	-0.029	0.49867	NAN	
3.51	1.195	0.697	-0.021	0.49842	NAN	
3.52	1.185	0.6925	-0.0315	0.4981575	NAN	
3.53	1.18	0.6885	-0.019	0.497905	NAN	
3.54	1.17	0.684	-0.032	0.49765	NAN	
3.55	1.16	0.68	-0.023	0.497375	NAN	
3.56	1.155	0.6755	-0.03	0.49711	NAN	
3.57	1.145	0.6715	-0.029	0.496815	NAN	
3.58	1.14	0.667	-0.0275	0.4965325	NAN	
3.59	1.13	0.6625	-0.031	0.49624	NAN	
3.6	1.12	0.6585	-0.027	0.49595	NAN	
3.61	1.115	0.654	-0.0275	0.4956775	NAN	
3.62	1.105	0.6495	-0.031	0.495385	NAN	
3.63	1.1	0.6455	-0.0245	0.4951075	NAN	
3.64	1.09	0.641	-0.0315	0.4948275	NAN	
3.65	1.08	0.637	-0.0245	0.4945475	NAN	
3.66	1.075	0.6325	-0.035	0.49425	NAN	
3.67	1.065	0.628	-0.0275	0.4939375	NAN	
3.68	1.06	0.624	-0.036	0.49362	NAN	
3.69	1.05	0.62	-0.0255	0.4933125	NAN	
3.7	1.04	0.6155	-0.0335	0.4930175	NAN	
3.71	1.035	0.6115	-0.027	0.492715	NAN	
3.72	1.025	0.607	-0.036	0.4924	NAN	
3.73	1.02	0.6025	-0.0305	0.4920675	NAN	
3.74	1.01	0.598	-0.033	0.49175	NAN	
3.75	1	0.594	-0.032	0.491425	NAN	
3.76	0.995	0.5895	-0.031	0.49111	NAN	
3.77	0.985	0.585	-0.033	0.49079	NAN	
3.78	0.98	0.581	-0.032	0.490465	NAN	
3.79	0.97	0.5765	-0.0345	0.4901325	NAN	
3.8	0.96	0.5725	-0.033	0.489795	NAN	
3.81	0.955	0.568	-0.0315	0.4894725	NAN	
3.82	0.945	0.564	-0.039	0.48912	NAN	
3.83	0.94	0.5595	-0.0305	0.4887725	NAN	
3.84	0.93	0.555	-0.04	0.48842	NAN	
3.85	0.92	0.551	-0.028	0.48808	NAN	
3.86	0.915	0.547	-0.041	0.487735	NAN	
3.87	0.905	0.5425	-0.0325	0.4873675	NAN	
3.88	0.9	0.538	-0.0415	0.4869975	NAN	
3.89	0.89	0.534	-0.034	0.48662	NAN	
3.9	0.88	0.5295	-0.039	0.486255	NAN	
3.91	0.875	0.525	-0.0335	0.4858925	NAN	
3.92	0.865	0.5205	-0.0425	0.4855125	NAN	
3.93	0.86	0.5165	-0.041	0.485095	NAN	
3.94	0.85	0.5115	-0.042	0.48468	NAN	
3.95	0.84	0.5075	-0.038	0.48428	NAN	
3.96	0.835	0.503	-0.0405	0.4838875	NAN	
3.97	0.825	0.4985	-0.0415	0.4834775	NAN	
3.98	0.82	0.494	-0.044	0.48305	NAN	
3.99	0.81	0.49	-0.038	0.48264	NAN	
4	0.8	0.4855	-0.041	0.482245	NAN	
4.01	0.795	0.481	-0.038	0.48185	NAN	
4.02	0.785	0.477	-0.05	0.48141	NAN	
4.03	0.78	0.4725	-0.038	0.48097	NAN	
4.04	0.77	0.4675	-0.0485	0.4805375	NAN	
4.05	0.76	0.4635	-0.0365	0.4801125	NAN	
4.06	0.755	0.459	-0.05	0.47968	NAN	
4.07	0.745	0.455	-0.0425	0.4792175	NAN	
4.08	0.74	0.4505	-0.05	0.478755	NAN	
4.09	0.73	0.446	-0.0455	0.4782775	NAN	
4.1	0.72	0.442	-0.0465	0.4778175	NAN	
4.11	0.715	0.438	-0.0485	0.4773425	NAN	
4.12	0.705	0.433	-0.048	0.47686	NAN	
4.13	0.7	0.429	-0.05	0.47637	NAN	
4.14	0.69	0.425	-0.053	0.475855	NAN	
4.15	0.68	0.42	-0.0475	0.4753525	NAN	
4.16	0.675	0.416	-0.053	0.47485	NAN	
4.17	0.665	0.412	-0.048	0.474345	NAN	
4.18	0.66	0.4075	-0.0535	0.4738375	NAN	
4.19	0.65	0.4035	-0.0485	0.4733275	NAN	
4.2	0.64	0.3985	-0.053	0.47282	NAN	
4.21	0.635	0.3945	-0.0485	0.4723125	NAN	
4.22	0.625	0.39	-0.0595	0.4717725	NAN	
4.23	0.62	0.386	-0.0505	0.4712225	NAN	
4.24	0.61	0.382	-0.059	0.470675	NAN	
4.25	0.6	0.3775	-0.049	0.470135	NAN	
4.26	0.595	0.3735	-0.058	0.4696	NAN	
4.27	0.585	0.3695	-0.055	0.469035	NAN	
4.28	0.58	0.3655	-0.0565	0.4684775	NAN	
4.29	0.57	0.361	-0.0555	0.4679175	NAN	
4.3	0.56	0.357	-0.049	0.467395	NAN	
4.31	0.555	0.3525	-0.0585	0.4668575	NAN	
4.32	0.545	0.3485	-0.057	0.46628	NAN	
4.33	0.54	0.3445	-0.058	0.465705	NAN	
4.34	0.53	0.3405	-0.06	0.465115	NAN	
4.35	0.52	0.3365	-0.0565	0.4645325	NAN	
4.36	0.515	0.332	-0.0685	0.4639075	NAN	
4.37	0.505	0.328	-0.062	0.463255	NAN	
4.38	0.5	0.3235	-0.0705	0.4625925	NAN	
4.39	0.49	0.32	-0.0635	0.4619225	NAN	
4.4	0.48	0.316	-0.0625	0.4612925	NAN	
4.41	0.475	0.312	-0.0655	0.4606525	NAN	
4.42	0.465	0.308	-0.071	0.45997	NAN	
4.43	0.46	0.3035	-0.0635	0.4592975	NAN	
4.44	0.45	0.2995	-0.0695	0.4586325	NAN	
4.45	0.44	0.2955	-0.0655	0.4579575	NAN	
4.46	0.435	0.2915	-0.068	0.45729	NAN	
4.47	0.425	0.2875	-0.0745	0.4565775	NAN	
4.48	0.42	0.284	-0.072	0.455845	NAN	
4.49	0.41	0.2795	-0.0775	0.4550975	NAN	
4.5	0.4	0.2755	-0.0675	0.4543725	NAN	
4.51	0.395	0.2715	-0.061	0.45373	NAN	
4.52	0.385	0.2675	-0.1115	0.4528675	NAN	
4.53	0.38	0.2635	-0.056	0.45203	NAN	
4.54	0.37	0.2595	-0.089	0.451305	NAN	
4.55	0.36	0.2555	-0.0675	0.4505225	NAN	
4.56	0.355	0.2515	-0.0835	0.4497675	NAN	
4.57	0.345	0.248	-0.0825	0.4489375	NAN	
4.58	0.34	0.2435	-0.083	0.44811	NAN	
4.59	0.33	0.24	-0.081	0.44729	NAN	
4.6	0.32	0.236	-0.0835	0.4464675	NAN	
4.61	0.315	0.232	-0.0855	0.4456225	NAN	
4.62	0.305	0.228	-0.0875	0.4447575	NAN	
4.63	0.3	0.224	-0.0845	0.4438975	NAN	
4.64	0.29	0.2205	-0.092	0.443015	NAN	
4.65	0.28	0.2165	-0.0895	0.4421075	NAN	
4.66	0.275	0.2125	-0.089	0.441215	NAN	
4.67	0.265	0.2085	-0.094	0.4403	NAN	
4.68	0.26	0.205	-0.093	0.439365	NAN	
4.69	0.25	0.2015	-0.0925	0.4384375	NAN	
4.7	0.24	0.1975	-0.099	0.43748	NAN	
4.71	0.235	0.1935	-0.094	0.436515	NAN	
4.72	0.225	0.1895	-0.1085	0.4355025	NAN	
4.73	0.22	0.1865	-0.097	0.434475	NAN	
4.74	0.21	0.1825	-0.114	0.43342	NAN	
4.75	0.2	0.1785	-0.1055	0.4323225	NAN	
4.76	0.195	0.175	-0.118	0.431205	NAN	
4.77	0.185	0.171	-0.107	0.43008	NAN	
4.78	0.18	0.1675	-0.114	0.428975	NAN	
4.79	0.17	0.1635	-0.107	0.42787	NAN	
4.8	0.16	0.16	-0.1115	0.4267775	NAN	
4.81	0.155	0.1565	-0.115	0.425645	NAN	
4.82	0.145	0.1525	-0.103	0.424555	NAN	
4.83	0.14	0.149	-0.1165	0.4234575	NAN	
4.84	0.13	0.1455	-0.1315	0.4222175	NAN	
4.85	0.12	0.142	-0.118	0.42097	NAN	
4.86	0.115	0.138	-0.134	0.41971	NAN	
4.87	0.105	0.1345	-0.123	0.418425	NAN	
4.88	0.1	0.131	-0.1365	0.4171275	NAN	
4.89	0.09	0.1275	-0.124	0.415825	NAN	
4.9	0.08	0.1235	-0.1415	0.4144975	NAN	
4.91	0.075	0.12	-0.1295	0.4131425	NAN	
4.92	0.065	0.117	-0.1405	0.4117925	NAN	
4.93	0.06	0.1135	-0.1325	0.4104275	NAN	
4.94	0.05	0.1095	-0.143	0.40905	NAN	
4.95	0.04	0.1065	-0.146	0.407605	NAN	
4.96	0.035	0.103	-0.1425	0.4061625	NAN	
4.97	0.025	0.0995	-0.152	0.40469	NAN	
4.98	0.02	0.096	-0.1485	0.4031875	NAN	
4.99	0.01	0.0925	-0.156	0.401665	NAN	
5	0	0.0895	-0.149	0.40014	NAN	
5.01	-0.005	0.086	-0.1575	0.3986075	NAN	
5.02	-0.015	0.0825	-0.1615	0.3970125	NAN	
5.03	-0.02	0.0795	-0.156	0.395425	NAN	
5.04	-0.03	0.076	-0.1705	0.3937925	NAN	
5.05	-0.04	0.073	-0.156	0.39216	NAN	
5.06	-0.045	0.07	-0.1715	0.3905225	NAN	
5.07	-0.055	0.0665	-0.1605	0.3888625	NAN	
5.08	-0.06	0.0635	-0.174	0.38719	NAN	
5.09	-0.07	0.06	-0.1805	0.3854175	NAN	
5.1	-0.08	0.057	-0.1795	0.3836175	NAN	
5.11	-0.085	0.054	-0.1815	0.3818125	NAN	
5.12	-0.095	0.051	-0.1795	0.3800075	NAN	
5.13	-0.1	0.0475	-0.186	0.37818	NAN	
5.14	-0.11	0.0445	-0.193	0.376285	NAN	
5.15	-0.12	0.0415	-0.2005	0.3743175	NAN	
5.16	-0.125	0.0385	-0.1895	0.3723675	NAN	
5.17	-0.135	0.0355	-0.199	0.370425	NAN	
5.18	-0.14	0.0325	-0.208	0.36839	NAN	
5.19	-0.15	0.0295	-0.1805	0.3664475	NAN	
5.2	-0.16	0.0265	-0.1885	0.3646025	NAN	
5.21	-0.165	0.0235	-0.205	0.362635	NAN	
5.22	-0.175	0.0205	-0.2125	0.3605475	NAN	
5.23	-0.18	0.018	-0.219	0.35839	NAN	
5.24	-0.19	0.015	-0.2275	0.3561575	NAN	
5.25	-0.2	0.012	-0.2045	0.3539975	NAN	
5.26	-0.205	0.0095	-0.23	0.351825	NAN	
5.27	-0.215	0.007	-0.224	0.349555	NAN	
5.28	-0.22	0.0035	-0.233	0.34727	NAN	
5.29	-0.23	0.001	-0.2325	0.3449425	NAN	
5.3	-0.24	-0.0015	-0.2385	0.3425875	NAN	
5.31	-0.245	-0.005	-0.238	0.340205	NAN	
5.32	-0.255	-0.0075	-0.253	0.33775	NAN	
5.33	-0.26	-0.01	-0.249	0.33524	NAN	
5.34	-0.27	-0.0125	-0.2495	0.3327475	NAN	
5.35	-0.28	-0.0155	-0.259	0.330205	NAN	
5.36	-0.285	-0.018	-0.2565	0.3276275	NAN	
5.37	-0.295	-0.0205	-0.263	0.32503	NAN	
5.38	-0.3	-0.023	-0.2685	0.3223725	NAN	
5.39	-0.31	-0.026	-0.268	0.31969	NAN	
5.4	-0.32	-0.028	-0.2715	0.3169925	NAN	
5.41	-0.325	-0.0305	-0.2725	0.3142725	NAN	
5.42	-0.335	-0.0345	-0.2825	0.3114975	NAN	
5.43	-0.34	-0.0355	-0.279	0.30869	NAN	
5.44	-0.35	-0.038	-0.291	0.30584	NAN	
5.45	-0.36	-0.0405	-0.2845	0.3029625	NAN	
5.46	-0.365	-0.043	-0.3005	0.3000375	NAN	
5.47	-0.375	-0.0455	-0.2985	0.2970425	NAN	
5.48	-0.38	-0.0475	-0.307	0.294015	NAN	
5.49	-0.39	-0.05	-0.3015	0.2909725	NAN	
5.5	-0.4	-0.0525	-0.3105	0.2879125	NAN	
5.51	-0.405	-0.0545	-0.3105	0.2848075	NAN	
5.52	-0.415	-0.0565	-0.3225	0.2816425	NAN	
5.53	-0.42	-0.059	-0.3215	0.2784225	NAN	
5.54	-0.43	-0.0615	-0.3285	0.2751725	NAN	
5.55	-0.44	-0.0635	-0.326	0.2719	NAN	
5.56	-0.445	-0.0655	-0.337	0.268585	NAN	
5.57	-0.455	-0.068	-0.3415	0.2651925	NAN	
5.58	-0.46	-0.07	-0.3445	0.2617625	NAN	
5.59	-0.47	-0.072	-0.3525	0.2582775	NAN	
5.6	-0.48	-0.074	-0.353	0.25475	NAN	
5.61	-0.485	-0.0765	-0.361	0.25118	NAN	
5.62	-0.495	-0.0785	-0.365	0.24755	NAN	
5.63	-0.5	-0.08	-0.366	0.243895	NAN	
5.64	-0.51	-0.082	-0.372	0.240205	NAN	
5.65	-0.52	-0.084	-0.3725	0.2364825	NAN	
5.66	-0.525	-0.0855	-0.3825	0.2327075	NAN	
5.67	-0.535	-0.0875	-0.383	0.22888	NAN	
5.68	-0.54	-0.089	-0.393	0.225	NAN	
5.69	-0.55	-0.091	-0.391	0.22108	NAN	
5.7	-0.56	-0.0935	-0.4025	0.2171125	NAN	
5.71	-0.565	-0.095	-0.4005	0.2130975	NAN	
5.72	-0.575	-0.096	-0.4175	0.2090075	NAN	
5.73	-0.58	-0.098	-0.413	0.204855	NAN	
5.74	-0.59	-0.1	-0.4265	0.2006575	NAN	
5.75	-0.6	-0.1015	-0.4195	0.1964275	NAN	
5.76	-0.605	-0.1035	-0.436	0.19215	NAN	
5.77	-0.615	-0.105	-0.432	0.18781	NAN	
5.78	-0.62	-0.106	-0.4425	0.1834375	NAN	
5.79	-0.63	-0.108	-0.4465	0.1789925	NAN	
5.8	-0.64	-0.11	-0.453	0.174495	NAN	
5.81	-0.645	-0.111	-0.4525	0.1699675	NAN	
5.82	-0.655	-0.1125	-0.466	0.165375	NAN	
5.83	-0.66	-0.114	-0.4655	0.1607175	NAN	
5.84	-0.67	-0.1145	-0.4765	0.1560075	NAN	
5.85	-0.68	-0.117	-0.473	0.15126	NAN	
5.86	-0.685	-0.1185	-0.484	0.146475	NAN	
5.87	-0.695	-0.1195	-0.4905	0.1416025	NAN	
5.88	-0.7	-0.1215	-0.493	0.136685	NAN	
5.89	-0.71	-0.122	-0.4995	0.1317225	NAN	
5.9	-0.72	-0.1235	-0.502	0.126715	NAN	
5.91	-0.725	-0.125	-0.5085	0.1216625	NAN	
5.92	-0.735	-0.1265	-0.5195	0.1165225	NAN	
5.93	-0.74	-0.128	-0.524	0.111305	NAN	
5.94	-0.75	-0.129	-0.5305	0.1060325	NAN	
5.95	-0.76	-0.131	-0.5325	0.1007175	NAN	
5.96	-0.765	-0.1325	-0.5395	0.0953575	NAN	
5.97	-0.775	-0.134	-0.5445	0.0899375	NAN	
5.98	-0.78	-0.1355	-0.5475	0.0844775	NAN	
5.99	-0.79	-0.137	-0.5545	0.0789675	NAN	
6	-0.8	-0.1385	-0.557	0.07341	NAN	
6.01	-0.805	-0.14	-0.5605	0.0678225	NAN	
6.02	-0.815	-0.1425	-0.5705	0.0621675	NAN	
6.03	-0.82	-0.144	-0.571	0.05646	NAN	
6.04	-0.83	-0.1455	-0.5815	0.0506975	NAN	
6.05	-0.84	-0.1475	-0.5795	0.0448925	NAN	
6.06	-0.845	-0.15	-0.5905	0.0390425	NAN	
6.07	-0.855	-0.1515	-0.591	0.033135	NAN	
6.08	-0.86	-0.154	-0.596	0.0272	NAN	
6.09	-0.87	-0.156	-0.5975	0.0212325	NAN	
6.1	-0.88	-0.1575	-0.603	0.01523	NAN	
6.11	-0.885	-0.161	-0.6045	0.0091925	NAN	
6.12	-0.895	-0.1625	-0.615	0.003095	NAN	
6.13	-0.9	-0.165	-0.614	-0.00305	NAN	
6.14	-0.91	-0.1675	-0.624	-0.00924	NAN	
6.15	-0.92	-0.17	-0.6195	-0.0154575	NAN	
6.16	-0.925	-0.173	-0.631	-0.02171	NAN	
6.17	-0.935	-0.175	-0.6325	-0.0280275	NAN	
6.18	-0.94	-0.1775	-0.639	-0.034385	NAN	
6.19	-0.95	-0.18	-0.638	-0.04077	NAN	
6.2	-0.96	-0.1825	-0.6425	-0.0471725	NAN	
6.21	-0.965	-0.185	-0.639	-0.05358	NAN	
6.22	-0.975	-0.189	-0.6505	-0.0600275	NAN	
6.23	-0.98	-0.1905	-0.6445	-0.0665025	NAN	
6.24	-0.99	-0.1935	-0.654	-0.072995	NAN	
6.25	-1	-0.196	-0.652	-0.079525	NAN	
6.26	-1.005	-0.199	-0.66	-0.086085	NAN	
6.27	-1.015	-0.2015	-0.662	-0.092695	NAN	
6.28	-1.02	-0.205	-0.6655	-0.0993325	NAN	
6.29	-1.03	-0.208	-0.6675	-0.1059975	NAN	
6.3	-1.04	-0.211	-0.6695	-0.1126825	NAN	
6.31	-1.045	-0.214	-0.6685	-0.1193725	NAN	
6.32	-1.055	-0.2175	-0.6755	-0.1260925	NAN	
6.33	-1.06	-0.221	-0.6715	-0.1328275	NAN	
6.34	-1.07	-0.225	-0.6765	-0.1395675	NAN	
6.35	-1.08	-0.2285	-0.672	-0.14631	NAN	
6.36	-1.085	-0.232	-0.68	-0.15307	NAN	
6.37	-1.095	-0.2365	-0.6775	-0.1598575	NAN	
6.38	-1.1	-0.2405	-0.678	-0.166635	NAN	
6.39	-1.11	-0.2445	-0.68	-0.173425	NAN	
6.4	-1.12	-0.249	-0.6815	-0.1802325	NAN	
6.41	-1.125	-0.253	-0.68	-0.18704	NAN	
6.42	-1.135	-0.2575	-0.685	-0.193865	NAN	
6.43	-1.14	-0.2625	-0.6765	-0.2006725	NAN	
6.44	-1.15	-0.267	-0.6835	-0.2074725	NAN	
6.45	-1.16	-0.2725	-0.6715	-0.2142475	NAN	
6.46	-1.165	-0.2775	-0.6755	-0.2209825	NAN	
6.47	-1.175	-0.283	-0.672	-0.22772	NAN	
6.48	-1.18	-0.288	-0.672	-0.23444	NAN	
6.49	-1.19	-0.294	-0.6695	-0.2411475	NAN	
6.5	-1.2	-0.2995	-0.666	-0.247825	NAN	
6.51	-1.205	-0.306	-0.661	-0.25446	NAN	
6.52	-1.215	-0.3125	-0.666	-0.261095	NAN	
6.53	-1.22	-0.319	-0.653	-0.26769	NAN	
6.54	-1.23	-0.3255	-0.657	-0.27424	NAN	
6.55	-1.24	-0.3325	-0.6435	-0.2807425	NAN	
6.56	-1.245	-0.3405	-0.645	-0.287185	NAN	
6.57	-1.255	-0.3475	-0.6375	-0.2935975	NAN	
6.58	-1.26	-0.355	-0.6315	-0.2999425	NAN	
6.59	-1.27	-0.3635	-0.62	-0.3062	NAN	
6.6	-1.28	-0.372	-0.6155	-0.3123775	NAN	
6.61	-1.285	-0.381	-0.604	-0.318475	NAN	
6.62	-1.295	-0.39	-0.602	-0.324505	NAN	
6.63	-1.3	-0.3995	-0.5855	-0.3304425	NAN	
6.64	-1.31	-0.409	-0.5845	-0.3362925	NAN	
6.65	-1.32	-0.419	-0.568	-0.342055	NAN	
6.66	-1.325	-0.4295	-0.563	-0.34771	NAN	
6.67	-1.335	-0.44	-0.546	-0.353255	NAN	
6.68	-1.34	-0.4505	-0.539	-0.35868	NAN	
6.69	-1.35	-0.462	-0.5235	-0.3639925	NAN	
6.7	-1.36	-0.4735	-0.516	-0.36919	NAN	
6.71	-1.365	-0.4855	-0.4945	-0.3742425	NAN	
6.72	-1.375	-0.497	-0.487	-0.37915	NAN	
6.73	-1.38	-0.509	-0.4695	-0.3839325	NAN	
6.74	-1.39	-0.522	-0.46	-0.38858	NAN	
6.75	-1.4	-0.534	-0.438	-0.39307	NAN	
6.76	-1.405	-0.5465	-0.4315	-0.3974175	NAN	
6.77	-1.415	-0.5595	-0.417	-0.40166	NAN	
6.78	-1.42	-0.5725	-0.4025	-0.4057575	NAN	
6.79	-1.43	-0.5855	-0.3855	-0.4096975	NAN	
6.8	-1.44	-0.599	-0.371	-0.41348	NAN	
6.81	-1.445	-0.6115	-0.3495	-0.4170825	NAN	
6.82	-1.455	-0.6255	-0.343	-0.420545	NAN	
6.83	-1.46	-0.6385	-0.316	-0.42384	NAN	
6.84	-1.47	-0.652	-0.3115	-0.4269775	NAN	
6.85	-1.48	-0.6655	-0.284	-0.429955	NAN	
6.86	-1.485	-0.679	-0.282	-0.432785	NAN	
6.87	-1.495	-0.6915	-0.2555	-0.4354725	NAN	
6.88	-1.5	-0.704	-0.251	-0.438005	NAN	
6.89	-1.51	-0.7165	-0.23	-0.44041	NAN	
6.9	-1.52	-0.729	-0.226	-0.44269	NAN	
6.91	-1.525	-0.741	-0.206	-0.44485	NAN	
6.92	-1.535	-0.7525	-0.2065	-0.4469125	NAN	
6.93	-1.54	-0.764	-0.181	-0.44885	NAN	
6.94	-1.55	-0.775	-0.179	-0.45065	NAN	
6.95	-1.56	-0.7855	-0.16	-0.452345	NAN	
6.96	-1.565	-0.796	-0.1565	-0.4539275	NAN	
6.97	-1.575	-0.8055	-0.145	-0.455435	NAN	
6.98	-1.58	-0.815	-0.135	-0.456835	NAN	
6.99	-1.59	-0.8245	-0.1275	-0.4581475	NAN	
7	-1.6	-0.833	-0.1225	-0.4593975	NAN	
7.01	-1.605	-0.8415	-0.109	-0.460555	NAN	
7.02	-1.615	-0.8495	-0.1145	-0.4616725	NAN	
7.03	-1.62	-0.8575	-0.0955	-0.4627225	NAN	
7.04	-1.63	-0.865	-0.107	-0.463735	NAN	
7.05	-1.64	-0.8725	-0.0855	-0.4646975	NAN	
7.06	-1.645	-0.8795	-0.097	-0.46561	NAN	
7.07	-1.655	-0.8865	-0.08	-0.466495	NAN	
7.08	-1.66	-0.893	-0.089	-0.46734	NAN	
7.09	-1.67	-0.8995	-0.0725	-0.4681475	NAN	
7.1	-1.68	-0.906	-0.077	-0.468895	NAN	
7.11	-1.685	-0.9125	-0.068	-0.46962	NAN	
7.12	-1.695	-0.9185	-0.074	-0.47033	NAN	
7.13	-1.7	-0.9245	-0.0645	-0.4710225	NAN	
7.14	-1.71	-0.93	-0.067	-0.47168	NAN	
7.15	-1.72	-0.9355	-0.061	-0.47232	NAN	
7.16	-1.725	-0.9415	-0.0645	-0.4729475	NAN	
7.17	-1.735	-0.947	-0.062	-0.47358	NAN	
7.18	-1.74	-0.952	-0.063	-0.474205	NAN	
7.19	-1.75	-0.9575	-0.053	-0.474785	NAN	
7.2	-1.76	-0.963	-0.061	-0.475355	NAN	
7.21	-1.765	-0.968	-0.05	-0.47591	NAN	
7.22	-1.775	-0.973	-0.062	-0.47647	NAN	
7.23	-1.78	-0.9785	-0.046	-0.47701	NAN	
7.24	-1.79	-0.983	-0.053	-0.477505	NAN	
7.25	-1.8	-0.989	-0.038	-0.47796	NAN	
7.26	-1.805	-0.993	-0.055	-0.478425	NAN	
7.27	-1.815	-0.998	-0.0485	-0.4789425	NAN	
7.28	-1.82	-1.003	-0.051	-0.47944	NAN	
7.29	-1.83	-1.008	-0.049	-0.47994	NAN	
7.3	-1.84	-1.0125	-0.047	-0.48042	NAN	
7.31	-1.845	-1.018	-0.048	-0.480895	NAN	
7.32	-1.855	-1.0225	-0.049	-0.48138	NAN	
7.33	-1.86	-1.0275	-0.0455	-0.4818525	NAN	
7.34	-1.87	-1.0275	-0.0495	-0.4823275	NAN	
7.35	-1.88	-1.0275	-0.0405	-0.4827775	NAN	
7.36	-1.885	-1.0275	-0.0485	-0.4832225	NAN	
7.37	-1.895	-1.0275	-0.041	-0.48367	NAN	
7.38	-1.9	-1.0275	-0.0465	-0.4841075	NAN	
7.39	-1.91	-1.0275	-0.0375	-0.4845275	NAN	
7.4	-1.92	-1.0275	-0.0485	-0.4849575	NAN	
7.41	-1.925	-1.0275	-0.037	-0.485385	NAN	
7.42	-1.935	-1.0275	-0.05	-0.48582	NAN	
7.43	-1.94	-1.0275	-0.039	-0.486265	NAN	
7.44	-1.95	-1.0275	-0.046	-0.48669	NAN	
7.45	-1.96	-1.0275	-0.039	-0.487115	NAN	
7.46	-1.965	-1.0275	-0.0405	-0.4875125	NAN	
7.47	-1.975	-1.0275	-0.043	-0.48793	NAN	
7.48	-1.98	-1.0275	-0.037	-0.48833	NAN	
7.49	-1.99	-1.0275	-0.041	-0.48872	NAN	
7.5	-2	-1.0275	-0.0345	-0.4890975	NAN	
7.51	-1.995	-1.0275	-0.031	-0.489425	NAN	
7.52	-1.985	-1.0275	-0.0145	-0.4896525	NAN	
7.53	-1.98	-1.0275	-0.001	-0.48973	NAN	
7.54	-1.97	-1.0275	0.032	-0.489575	NAN	
7.55	-1.96	-1.0275	0.002	-0.489405	NAN	
7.56	-1.955	-1.0275	-0.0005	-0.4893975	NAN	
7.57	-1.945	-1.0275	0.01	-0.48935	NAN	
7.58	-1.94	-1.0275	0.0045	-0.4892775	NAN	
7.59	-1.93	-1.0275	0.0095	-0.4892075	NAN	
7.6	-1.92	-1.0275	0.0095	-0.4891125	NAN	
7.61	-1.915	-1.0275	0.007	-0.48903	NAN	
7.62	-1.905	-1.0275	0.0145	-0.4889225	NAN	
7.63	-1.9	-1.0275	0.0085	-0.4888075	NAN	
7.64	-1.89	-1.0275	0.013	-0.4887	NAN	
7.65	-1.88	-1.0275	0.0115	-0.4885775	NAN	
7.66	-1.875	-1.0275	0.009	-0.488475	NAN	
7.67	-1.865	-1.0275	0.015	-0.488355	NAN	
7.68	-1.86	-1.0275	0.011	-0.488225	NAN	
7.69	-1.85	-1.0275	0.011	-0.488115	NAN	
7.7	-1.84	-1.0275	0.0145	-0.4879875	NAN	
7.71	-1.835	-1.0275	0.009	-0.48787	NAN	
7.72	-1.825	-1.0275	0.017	-0.48774	NAN	
7.73	-1.82	-1.0275	0.011	-0.4876	NAN	
7.74	-1.81	-1.0275	0.016	-0.487465	NAN	
7.75	-1.8	-1.0275	0.0135	-0.4873175	NAN	
7.76	-1.795	-1.0275	0.0105	-0.4871975	NAN	
7.77	-1.785	-1.0255	0.0175	-0.4870575	NAN	
7.78	-1.78	-1.021	0.011	-0.486915	NAN	
7.79	-1.77	-1.0165	0.011	-0.486805	NAN	
7.8	-1.76	-1.012	0.014	-0.48668	NAN	
7.81	-1.755	-1.0075	0.01	-0.48656	NAN	
7.82	-1.745	-1.003	0.019	-0.486415	NAN	
7.83	-1.74	-0.9985	0.013	-0.486255	NAN	
7.84	-1.73	-0.994	0.0165	-0.4861075	NAN	
7.85	-1.72	-0.99	0.0155	-0.4859475	NAN	
7.86	-1.715	-0.985	0.015	-0.485795	NAN	
7.87	-1.705	-0.981	0.016	-0.48564	NAN	
7.88	-1.7	-0.9765	0.0175	-0.4854725	NAN	
7.89	-1.69	-0.972	0.012	-0.485325	NAN	
7.9	-1.68	-0.9675	0.019	-0.48517	NAN	
7.91	-1.675	-0.9635	0.0095	-0.4850275	NAN	
7.92	-1.665	-0.9585	0.0185	-0.4848875	NAN	
7.93	-1.66	-0.9545	0.0125	-0.4847325	NAN	
7.94	-1.65	-0.9495	0.017	-0.484585	NAN	
7.95	-1.64	-0.9455	0.0165	-0.4844175	NAN	
7.96	-1.635	-0.9405	0.017	-0.48425	NAN	
7.97	-1.625	-0.9365	0.015	-0.48409	NAN	
7.98	-1.62	-0.9315	0.0215	-0.4839075	NAN	
7.99	-1.61	-0.9275	0.012	-0.48374	NAN	
8	-1.6	-0.923	0.0205	-0.4835775	NAN	
8.01	-1.595	-0.919	0.011	-0.48342	NAN	
8.02	-1.585	-0.9145	0.021	-0.48326	NAN	
8.03	-1.58	-0.9105	0.012	-0.483095	NAN	
8.04	-1.57	-0.905	0.0175	-0.4829475	NAN	
8.05	-1.56	-0.9015	0.014	-0.48279	NAN	
8.06	-1.555	-0.897	0.0185	-0.4826275	NAN	
8.07	-1.545	-0.893	0.016	-0.482455	NAN	
8.08	-1.54	-0.888	0.021	-0.48227	NAN	
8.09	-1.53	-0.8835	0.0125	-0.4821025	NAN	
8.1	-1.52	-0.879	0.0235	-0.4819225	NAN	
8.11	-1.515	-0.875	0.0145	-0.4817325	NAN	
8.12	-1.505	-0.871	0.0225	-0.4815475	NAN	
8.13	-1.5	-0.866	0.016	-0.481355	NAN	
8.14	-1.49	-0.8625	0.0185	-0.4811825	NAN	
8.15	-1.48	-0.857	0.012	-0.48103	NAN	
8.16	-1.475	-0.851	0.018	-0.48088	NAN	
8.17	-1.465	-0.848	0.016	-0.48071	NAN	
8.18	-1.46	-0.8425	0.0235	-0.4805125	NAN	
8.19	-1.45	-0.839	0.0145	-0.4803225	NAN	
8.2	-1.44	-0.835	0.021	-0.480145	NAN	
8.21	-1.435	-0.8305	0.019	-0.479945	NAN	
8.22	-1.425	-0.825	0.0255	-0.4797225	NAN	
8.23	-1.42	-0.8215	0.0185	-0.4795025	NAN	
8.24	-1.41	-0.8175	0.023	-0.479295	NAN	
8.25	-1.4	-0.8125	0.0165	-0.4790975	NAN	
8.26	-1.395	-0.808	0.023	-0.4789	NAN	
8.27	-1.385	-0.8035	0.0175	-0.4786975	NAN	
8.28	-1.38	-0.8	0.025	-0.478485	NAN	
8.29	-1.37	-0.795	0.0135	-0.4782925	NAN	
8.3	-1.36	-0.79	0.0255	-0.4780975	NAN	
8.31	-1.355	-0.7865	0.0175	-0.4778825	NAN	
8.32	-1.345	-0.783	0.0265	-0.4776625	NAN	
8.33	-1.34	-0.7775	0.021	-0.477425	NAN	
8.34	-1.33	-0.7725	0.0245	-0.4771975	NAN	
8.35	-1.32	-0.7685	0.021	-0.47697	NAN	
8.36	-1.315	-0.764	0.0265	-0.4767325	NAN	
8.37	-1.305	-0.7595	0.02	-0.4765	NAN	
8.38	-1.3	-0.7545	0.0275	-0.4762625	NAN	
8.39	-1.29	-0.751	0.0155	-0.4760475	NAN	
8.4	-1.28	-0.7465	0.0255	-0.4758425	NAN	
8.41	-1.275	-0.7415	0.018	-0.475625	NAN	
8.42	-1.265	-0.7375	0.0275	-0.4753975	NAN	
8.43	-1.26	-0.7335	0.021	-0.475155	NAN	
8.44	-1.25	-0.729	0.0245	-0.4749275	NAN	
8.45	-1.24	-0.725	0.022	-0.474695	NAN	
8.46	-1.235	-0.7205	0.0265	-0.4744525	NAN	
8.47	-1.225	-0.716	0.0225	-0.4742075	NAN	
8.48	-1.22	-0.7115	0.0295	-0.4739475	NAN	
8.49	-1.21	-0.7075	0.019	-0.473705	NAN	
8.5	-1.2	-0.7035	0.0275	-0.4734725	NAN	
8.51	-1.195	-0.699	0.019	-0.47324	NAN	
8.52	-1.185	-0.694	0.028	-0.473005	NAN	
8.53	-1.18	-0.69	0.0215	-0.4727575	NAN	
8.54	-1.17	-0.686	0.026	-0.47252	NAN	
8.55	-1.16	-0.682	0.023	-0.472275	NAN	
8.56	-1.155	-0.677	0.0315	-0.4720025	NAN	
8.57	-1.145	-0.673	0.0265	-0.4717125	NAN	
8.58	-1.14	-0.6685	0.022	-0.47147	NAN	
8.59	-1.13	-0.6645	0.0245	-0.4712375	NAN	
8.6	-1.12	-0.66	0.0345	-0.4709425	NAN	
8.61	-1.115	-0.6555	0.021	-0.470665	NAN	
8.62	-1.105	-0.651	0.0295	-0.4704125	NAN	
8.63	-1.1	-0.6475	0.023	-0.47015	NAN	
8.64	-1.09	-0.6425	0.029	-0.46989	NAN	
8.65	-1.08	-0.6385	0.025	-0.46962	NAN	
8.66	-1.075	-0.6345	0.0345	-0.4693225	NAN	
8.67	-1.065	-0.63	0.014	-0.46908	NAN	
8.68	-1.06	-0.6255	0.038	-0.46882	NAN	
8.69	-1.05	-0.6215	0.022	-0.46852	NAN	
8.7	-1.04	-0.6165	0.041	-0.468205	NAN	
8.71	-1.035	-0.6125	0.027	-0.467865	NAN	
8.72	-1.025	-0.6085	0.0355	-0.4675525	NAN	
8.73	-1.02	-0.604	0.03	-0.467225	NAN	
8.74	-1.01	-0.5995	0.0285	-0.4669325	NAN	
8.75	-1	-0.5955	0.0345	-0.4666175	NAN	
8.76	-0.995	-0.591	0.0315	-0.4662875	NAN	
8.77	-0.985	-0.5865	0.033	-0.465965	NAN	
8.78	-0.98	-0.5825	0.037	-0.465615	NAN	
8.79	-0.97	-0.5785	0.0285	-0.4652875	NAN	
8.8	-0.96	-0.574	0.0375	-0.4649575	NAN	
8.81	-0.955	-0.57	0.0275	-0.4646325	NAN	
8.82	-0.945	-0.5655	0.036	-0.464315	NAN	
8.83	-0.94	-0.5615	0.0325	-0.4639725	NAN	
8.84	-0.93	-0.557	0.036	-0.46363	NAN	
8.85	-0.92	-0.5525	0.0325	-0.4632875	NAN	
8.86	-0.915	-0.5485	0.035	-0.46295	NAN	
8.87	-0.905	-0.544	0.032	-0.462615	NAN	
8.88	-0.9	-0.5395	0.04	-0.462255	NAN	
8.89	-0.89	-0.5355	0.0315	-0.4618975	NAN	
8.9	-0.88	-0.531	0.043	-0.461525	NAN	
8.91	-0.875	-0.5265	0.0355	-0.4611325	NAN	
8.92	-0.865	-0.522	0.042	-0.460745	NAN	
8.93	-0.86	-0.518	0.0315	-0.4603775	NAN	
8.94	-0.85	-0.514	0.0465	-0.4599875	NAN	
8.95	-0.84	-0.5095	0.035	-0.45958	NAN	
8.96	-0.835	-0.505	0.027	-0.45927	NAN	
8.97	-0.825	-0.5005	0.0385	-0.4589425	NAN	
8.98	-0.82	-0.4965	0.036	-0.45857	NAN	
8.99	-0.81	-0.4925	0.0305	-0.4582375	NAN	
9	-0.8	-0.488	0.053	-0.45782	NAN	
9.01	-0.795	-0.4835	0.0295	-0.4574075	NAN	
9.02	-0.785	-0.4795	0.055	-0.456985	NAN	
9.03	-0.78	-0.4755	0.0285	-0.4565675	NAN	
9.04	-0.77	-0.4705	0.052	-0.456165	NAN	
9.05	-0.76	-0.4665	0.031	-0.45575	NAN	
9.06	-0.755	-0.462	0.025	-0.45547	NAN	
9.07	-0.745	-0.458	0.05	-0.455095	NAN	
9.08	-0.74	-0.4535	0.052	-0.454585	NAN	
9.09	-0.73	-0.4495	0.0445	-0.4541025	NAN	
9.1	-0.72	-0.445	0.0425	-0.4536675	NAN	
9.11	-0.715	-0.441	0.041	-0.45325	NAN	
9.12	-0.705	-0.4365	0.0515	-0.4527875	NAN	
9.13	-0.7	-0.4325	0.041	-0.452325	NAN	
9.14	-0.69	-0.4285	0.0515	-0.4518625	NAN	
9.15	-0.68	-0.424	0.045	-0.45138	NAN	
9.16	-0.675	-0.4195	0.0505	-0.4509025	NAN	
9.17	-0.665	-0.4155	0.052	-0.45039	NAN	
9.18	-0.66	-0.4115	0.049	-0.449885	NAN	
9.19	-0.65	-0.407	0.0475	-0.4494025	NAN	
9.2	-0.64	-0.4025	0.0495	-0.4489175	NAN	
9.21	-0.635	-0.3985	0.0425	-0.4484575	NAN	
9.22	-0.625	-0.3945	0.056	-0.447965	NAN	
9.23	-0.62	-0.3905	0.048	-0.447445	NAN	
9.24	-0.61	-0.386	0.054	-0.446935	NAN	
9.25	-0.6	-0.382	0.0485	-0.4464225	NAN	
9.26	-0.595	-0.3775	0.05	-0.44593	NAN	
9.27	-0.585	-0.3735	0.054	-0.44541	NAN	
9.28	-0.58	-0.3695	0.053	-0.444875	NAN	
9.29	-0.57	-0.3655	0.054	-0.44434	NAN	
9.3	-0.56	-0.3615	0.0615	-0.4437625	NAN	
9.31	-0.555	-0.357	0.049	-0.44321	NAN	
9.32	-0.545	-0.353	0.061	-0.44266	NAN	
9.33	-0.54	-0.349	0.0505	-0.4421025	NAN	
9.34	-0.53	-0.3445	0.064	-0.44153	NAN	
9.35	-0.52	-0.3405	0.053	-0.440945	NAN	
9.36	-0.515	-0.3365	0.066	-0.44035	NAN	
9.37	-0.505	-0.332	0.0535	-0.4397525	NAN	
9.38	-0.5	-0.3275	0.06	-0.439185	NAN	
9.39	-0.49	-0.324	0.047	-0.43865	NAN	
9.4	-0.48	-0.32	0.072	-0.438055	NAN	
9.41	-0.475	-0.3155	0.0555	-0.4374175	NAN	
9.42	-0.465	-0.3115	0.07	-0.43679	NAN	
9.43	-0.46	-0.3075	0.079	-0.436045	NAN	
9.44	-0.45	-0.3035	0.0745	-0.4352775	NAN	
9.45	-0.44	-0.2995	0.0635	-0.4345875	NAN	
9.46	-0.435	-0.2955	0.081	-0.433865	NAN	
9.47	-0.425	-0.2915	0.066	-0.43313	NAN	
9.48	-0.42	-0.2875	0.074	-0.43243	NAN	
9.49	-0.41	-0.283	0.0745	-0.4316875	NAN	
9.5	-0.4	-0.279	0.0685	-0.4309725	NAN	
9.51	-0.395	-0.2755	0.0795	-0.4302325	NAN	
9.52	-0.385	-0.2715	0.0775	-0.4294475	NAN	
9.53	-0.38	-0.267	0.071	-0.428705	NAN	
9.54	-0.37	-0.263	0.0775	-0.4279625	NAN	
9.55	-0.36	-0.2595	0.07	-0.427225	NAN	
9.56	-0.355	-0.2555	0.083	-0.42646	NAN	
9.57	-0.345	-0.251	0.073	-0.42568	NAN	
9.58	-0.34	-0.2475	0.0825	-0.4249025	NAN	
9.59	-0.33	-0.2435	0.081	-0.424085	NAN	
9.6	-0.32	-0.2395	0.0835	-0.4232625	NAN	
9.61	-0.315	-0.2355	0.0675	-0.4225075	NAN	
9.62	-0.305	-0.2315	0.086	-0.42174	NAN	
9.63	-0.3	-0.2275	0.087	-0.420875	NAN	
9.64	-0.29	-0.224	0.0915	-0.4199825	NAN	
9.65	-0.28	-0.2205	0.0835	-0.4191075	NAN	
9.66	-0.275	-0.216	0.094	-0.41822	NAN	
9.67	-0.265	-0.2125	0.0885	-0.4173075	NAN	
9.68	-0.26	-0.2085	0.0985	-0.4163725	NAN	
9.69	-0.25	-0.205	0.087	-0.415445	NAN	
9.7	-0.24	-0.2005	0.092	-0.41455	NAN	
9.71	-0.235	-0.197	0.0965	-0.4136075	NAN	
9.72	-0.225	-0.193	0.1025	-0.4126125	NAN	
9.73	-0.22	-0.1895	0.097	-0.411615	NAN	
9.74	-0.21	-0.186	0.107	-0.410595	NAN	
9.75	-0.2	-0.182	0.102	-0.40955	NAN	
9.76	-0.195	-0.178	0.107	-0.408505	NAN	
9.77	-0.185	-0.1745	0.1095	-0.4074225	NAN	
9.78	-0.18	-0.1705	0.1095	-0.4063275	NAN	
9.79	-0.17	-0.167	0.106	-0.40525	NAN	
9.8	-0.16	-0.163	0.1095	-0.4041725	NAN	
9.81	-0.155	-0.1595	0.1065	-0.4030925	NAN	
9.82	-0.145	-0.156	0.1215	-0.4019525	NAN	
9.83	-0.14	-0.1525	0.111	-0.40079	NAN	
9.84	-0.13	-0.1485	0.123	-0.39962	NAN	
9.85	-0.12	-0.145	0.1185	-0.3984125	NAN	
9.86	-0.115	-0.1415	0.1235	-0.3972025	NAN	
9.87	-0.105	-0.138	0.1265	-0.3959525	NAN	
9.88	-0.1	-0.1345	0.125	-0.394695	NAN	
9.89	-0.09	-0.131	0.1305	-0.3934175	NAN	
9.9	-0.08	-0.1275	0.127	-0.39213	NAN	
9.91	-0.075	-0.1235	0.128	-0.390855	NAN	
9.92	-0.065	-0.1205	0.135	-0.38954	NAN	
9.93	-0.06	-0.117	0.13	-0.388215	NAN	
9.94	-0.05	-0.1135	0.14	-0.386865	NAN	
9.95	-0.04	-0.11	0.1285	-0.3855225	NAN	
9.96	-0.035	-0.107	0.1515	-0.3841225	NAN	
9.97	-0.025	-0.103	0.148	-0.382625	NAN	
9.98	-0.02	-0.1	0.1535	-0.3811175	NAN	
9.99	-0.01	-0.0965	0.138	-0.37966	NAN	
10	0	-0.0935	0.142	-0.37826	NAN	
10.01	0.005	-0.0895	0.1585	-0.3767575	NAN	
10.02	0.015	-0.0865	0.1835	-0.3750475	NAN	
10.03	0.02	-0.0835	0.143	-0.373415	NAN	
10.04	0.03	-0.08	0.15	-0.37195	NAN	
10.05	0.04	-0.0765	0.16	-0.3704	NAN	
10.06	0.045	-0.0735	0.159	-0.368805	NAN	
10.07	0.055	-0.0705	0.161	-0.367205	NAN	
10.08	0.06	-0.067	0.1715	-0.3655425	NAN	
10.09	0.07	-0.0645	0.1645	-0.3638625	NAN	
10.1	0.08	-0.0605	0.181	-0.362135	NAN	
10.11	0.085	-0.0575	0.1755	-0.3603525	NAN	
10.12	0.095	-0.054	0.1815	-0.3585675	NAN	
10.13	0.1	-0.0515	0.1745	-0.3567875	NAN	
10.14	0.11	-0.048	0.1895	-0.3549675	NAN	
10.15	0.12	-0.045	0.183	-0.353105	NAN	
10.16	0.125	-0.0425	0.191	-0.351235	NAN	
10.17	0.135	-0.039	0.196	-0.3493	NAN	
10.18	0.14	-0.036	0.1945	-0.3473475	NAN	
10.19	0.15	-0.0335	0.202	-0.345365	NAN	
10.2	0.16	-0.0305	0.198	-0.343365	NAN	
10.21	0.165	-0.0275	0.2065	-0.3413425	NAN	
10.22	0.175	-0.025	0.2125	-0.3392475	NAN	
10.23	0.18	-0.0225	0.2125	-0.3371225	NAN	
10.24	0.19	-0.0185	0.207	-0.335025	NAN	
10.25	0.2	-0.016	0.2095	-0.3329425	NAN	
10.26	0.205	-0.013	0.2315	-0.3307375	NAN	
10.27	0.215	-0.01	0.2255	-0.3284525	NAN	
10.28	0.22	-0.0065	0.229	-0.32618	NAN	
10.29	0.23	-0.0045	0.233	-0.32387	NAN	
10.3	0.24	-0.0015	0.233	-0.32154	NAN	
10.31	0.245	0.0015	0.2355	-0.3191975	NAN	
10.32	0.255	0.004	0.2445	-0.3167975	NAN	
10.33	0.26	0.0065	0.24	-0.314375	NAN	
10.34	0.27	0.0095	0.249	-0.31193	NAN	
10.35	0.28	0.0115	0.2515	-0.3094275	NAN	
10.36	0.285	0.0145	0.2515	-0.3069125	NAN	
10.37	0.295	0.0175	0.2585	-0.3043625	NAN	
10.38	0.3	0.02	0.257	-0.301785	NAN	
10.39	0.31	0.023	0.266	-0.29917	NAN	
10.4	0.32	0.0245	0.264	-0.29652	NAN	
10.41	0.325	0.027	0.273	-0.293835	NAN	
10.42	0.335	0.03	0.277	-0.291085	NAN	
10.43	0.34	0.0325	0.2775	-0.2883125	NAN	
10.44	0.35	0.035	0.284	-0.285505	NAN	
10.45	0.36	0.0375	0.2835	-0.2826675	NAN	
10.46	0.365	0.0395	0.29	-0.2798	NAN	
10.47	0.375	0.042	0.294	-0.27688	NAN	
10.48	0.38	0.0445	0.302	-0.2739	NAN	
10.49	0.39	0.0465	0.298	-0.2709	NAN	
10.5	0.4	0.049	0.3	-0.26791	NAN	
10.51	0.405	0.051	0.2975	-0.2649225	NAN	
10.52	0.415	0.054	0.3135	-0.2618675	NAN	
10.53	0.42	0.056	0.308	-0.25876	NAN	
10.54	0.43	0.058	0.3395	-0.2555225	NAN	
10.55	0.44	0.06	0.3395	-0.2521275	NAN	
10.56	0.445	0.062	0.324	-0.24881	NAN	
10.57	0.455	0.065	0.339	-0.245495	NAN	
10.58	0.46	0.066	0.331	-0.242145	NAN	
10.59	0.47	0.069	0.343	-0.238775	NAN	
10.6	0.48	0.071	0.35	-0.23531	NAN	
10.61	0.485	0.0735	0.3545	-0.2317875	NAN	
10.62	0.495	0.075	0.352	-0.228255	NAN	
10.63	0.5	0.077	0.3605	-0.2246925	NAN	
10.64	0.51	0.0795	0.359	-0.221095	NAN	
10.65	0.52	0.081	0.374	-0.21743	NAN	
10.66	0.525	0.083	0.359	-0.213765	NAN	
10.67	0.535	0.085	0.3885	-0.2100275	NAN	
10.68	0.54	0.0865	0.38	-0.206185	NAN	
10.69	0.55	0.0885	0.395	-0.20231	NAN	
10.7	0.56	0.0905	0.3935	-0.1983675	NAN	
10.71	0.565	0.0925	0.394	-0.19443	NAN	
10.72	0.575	0.094	0.3965	-0.1904775	NAN	
10.73	0.58	0.096	0.407	-0.18646	NAN	
10.74	0.59	0.0975	0.4125	-0.1823625	NAN	
10.75	0.6	0.099	0.417	-0.178215	NAN	
10.76	0.605	0.101	0.4255	-0.1740025	NAN	
10.77	0.615	0.1025	0.43	-0.169725	NAN	
10.78	0.62	0.104	0.433	-0.16541	NAN	
10.79	0.63	0.1055	0.4465	-0.1610125	NAN	
10.8	0.64	0.107	0.436	-0.1566	NAN	
10.81	0.645	0.1085	0.447	-0.152185	NAN	
10.82	0.655	0.11	0.4515	-0.1476925	NAN	
10.83	0.66	0.112	0.458	-0.143145	NAN	
10.84	0.67	0.113	0.462	-0.138545	NAN	
10.85	0.68	0.1145	0.468	-0.133895	NAN	
10.86	0.685	0.116	0.476	-0.129175	NAN	
10.87	0.695	0.1175	0.4885	-0.1243525	NAN	
10.88	0.7	0.1185	0.489	-0.119465	NAN	
10.89	0.71	0.1205	0.494	-0.11455	NAN	
10.9	0.72	0.1215	0.502	-0.10957	NAN	
10.91	0.725	0.123	0.5125	-0.1044975	NAN	
10.92	0.735	0.1245	0.514	-0.099365	NAN	
10.93	0.74	0.1255	0.514	-0.094225	NAN	
10.94	0.75	0.127	0.519	-0.08906	NAN	
10.95	0.76	0.1285	0.5225	-0.0838525	NAN	
10.96	0.765	0.13	0.531	-0.078585	NAN	
10.97	0.775	0.132	0.541	-0.073225	NAN	
10.98	0.78	0.133	0.5425	-0.0678075	NAN	
10.99	0.79	0.1345	0.55	-0.062345	NAN	
11	0.8	0.136	0.5535	-0.0568275	NAN	
11.01	0.805	0.1375	0.561	-0.051255	NAN	
11.02	0.815	0.1395	0.5675	-0.0456125	NAN	
11.03	0.82	0.141	0.569	-0.03993	NAN	
11.04	0.83	0.143	0.5775	-0.0341975	NAN	
11.05	0.84	0.1445	0.5765	-0.0284275	NAN	
11.06	0.845	0.1465	0.584	-0.022625	NAN	
11.07	0.855	0.1485	0.5865	-0.0167725	NAN	
11.08	0.86	0.1505	0.5855	-0.0109125	NAN	
11.09	0.87	0.1525	0.588	-0.005045	NAN	
11.1	0.88	0.1545	0.5925	0.0008575	NAN	
11.11	0.885	0.1565	0.602	0.00683	NAN	
11.12	0.895	0.159	0.6215	0.0129475	NAN	
11.13	0.9	0.161	0.622	0.019165	NAN	
11.14	0.91	0.163	0.6285	0.0254175	NAN	
11.15	0.92	0.1655	0.6175	0.0316475	NAN	
11.16	0.925	0.168	0.6325	0.0378975	NAN	
11.17	0.935	0.1705	0.621	0.044165	NAN	
11.18	0.94	0.173	0.6355	0.0504475	NAN	
11.19	0.95	0.175	0.6305	0.0567775	NAN	
11.2	0.96	0.178	0.6515	0.0631875	NAN	
11.21	0.965	0.1805	0.6485	0.0696875	NAN	
11.22	0.975	0.183	0.6595	0.0762275	NAN	
11.23	0.98	0.1855	0.6435	0.0827425	NAN	
11.24	0.99	0.1885	0.6585	0.0892525	NAN	
11.25	1	0.1905	0.654	0.095815	NAN	
11.26	1.005	0.1935	0.6605	0.1023875	NAN	
11.27	1.015	0.1965	0.663	0.109005	NAN	
11.28	1.02	0.199	0.665	0.115645	NAN	
11.29	1.03	0.2015	0.6735	0.1223375	NAN	
11.3	1.04	0.205	0.67	0.129055	NAN	
11.31	1.045	0.2075	0.6805	0.1358075	NAN	
11.32	1.055	0.211	0.6805	0.1426125	NAN	
11.33	1.06	0.2145	0.678	0.149405	NAN	
11.34	1.07	0.218	0.6845	0.1562175	NAN	
11.35	1.08	0.2215	0.6805	0.1630425	NAN	
11.36	1.085	0.225	0.6895	0.1698925	NAN	
11.37	1.095	0.229	0.683	0.176755	NAN	
11.38	1.1	0.2325	0.688	0.18361	NAN	
11.39	1.11	0.2365	0.68	0.19045	NAN	
11.4	1.12	0.2405	0.6865	0.1972825	NAN	
11.41	1.125	0.245	0.684	0.204135	NAN	
11.42	1.135	0.249	0.695	0.21103	NAN	
11.43	1.14	0.254	0.6835	0.2179225	NAN	
11.44	1.15	0.2585	0.6935	0.2248075	NAN	
11.45	1.16	0.263	0.681	0.23168	NAN	
11.46	1.165	0.268	0.689	0.23853	NAN	
11.47	1.175	0.2725	0.691	0.24543	NAN	
11.48	1.18	0.2785	0.678	0.252275	NAN	
11.49	1.19	0.2835	0.688	0.259105	NAN	
11.5	1.2	0.289	0.665	0.26587	NAN	
11.51	1.205	0.295	0.6715	0.2725525	NAN	
11.52	1.215	0.301	0.6675	0.2792475	NAN	
11.53	1.22	0.307	0.677	0.28597	NAN	
11.54	1.23	0.3135	0.6705	0.2927075	NAN	
11.55	1.24	0.32	0.655	0.299335	NAN	
11.56	1.245	0.327	0.6605	0.3059125	NAN	
11.57	1.255	0.334	0.648	0.312455	NAN	
11.58	1.26	0.3415	0.648	0.318935	NAN	
11.59	1.27	0.3495	0.6335	0.3253425	NAN	
11.6	1.28	0.3575	0.6345	0.3316825	NAN	
11.61	1.285	0.366	0.62	0.337955	NAN	
11.62	1.295	0.3745	0.6235	0.3441725	NAN	
11.63	1.3	0.3835	0.605	0.350315	NAN	
11.64	1.31	0.393	0.6035	0.3563575	NAN	
11.65	1.32	0.4025	0.585	0.3623	NAN	
11.66	1.325	0.413	0.583	0.36814	NAN	
11.67	1.335	0.4235	0.5615	0.3738625	NAN	
11.68	1.34	0.434	0.557	0.379455	NAN	
11.69	1.35	0.4455	0.5415	0.3849475	NAN	
11.7	1.36	0.4565	0.535	0.39033	NAN	
11.71	1.365	0.4685	0.524	0.395625	NAN	
11.72	1.375	0.481	0.511	0.4008	NAN	
11.73	1.38	0.4935	0.4885	0.4057975	NAN	
11.74	1.39	0.506	0.473	0.410605	NAN	
11.75	1.4	0.5195	0.4535	0.4152375	NAN	
11.76	1.405	0.533	0.444	0.419725	NAN	
11.77	1.415	0.5465	0.4275	0.4240825	NAN	
11.78	1.42	0.56	0.4125	0.4282825	NAN	
11.79	1.43	0.574	0.393	0.43231	NAN	
11.8	1.44	0.588	0.375	0.43615	NAN	
11.81	1.445	0.6025	0.3575	0.4398125	NAN	
11.82	1.455	0.617	0.348	0.44334	NAN	
11.83	1.46	0.631	0.321	0.446685	NAN	
11.84	1.47	0.6455	0.308	0.44983	NAN	
11.85	1.48	0.6595	0.2845	0.4527925	NAN	
11.86	1.485	0.6735	0.2765	0.4555975	NAN	
11.87	1.495	0.687	0.2525	0.4582425	NAN	
11.88	1.5	0.7	0.2495	0.4607525	NAN	
11.89	1.51	0.713	0.224	0.46312	NAN	
11.9	1.52	0.726	0.2155	0.4653175	NAN	
11.91	1.525	0.738	0.1935	0.4673625	NAN	
11.92	1.535	0.7495	0.1945	0.4693025	NAN	
11.93	1.54	0.7615	0.169	0.47112	NAN	
11.94	1.55	0.7725	0.1705	0.4728175	NAN	
11.95	1.56	0.783	0.1515	0.4744275	NAN	
11.96	1.565	0.793	0.1415	0.4758925	NAN	
11.97	1.575	0.803	0.135	0.477275	NAN	
11.98	1.58	0.8125	0.1275	0.4785875	NAN	
11.99	1.59	0.8215	0.1215	0.4798325	NAN	
12	1.6	0.83	0.115	0.481015	NAN	
12.01	1.605	0.838	0.102	0.4821	NAN	
12.02	1.615	0.846	0.106	0.48314	NAN	
12.03	1.62	0.8535	0.0895	0.4841175	NAN	
12.04	1.63	0.861	0.1005	0.4850675	NAN	
12.05	1.64	0.8675	0.0745	0.4859425	NAN	
12.06	1.645	0.8745	0.089	0.48676	NAN	
12.07	1.655	0.881	0.078	0.487595	NAN	
12.08	1.66	0.887	0.0725	0.4883475	NAN	
12.09	1.67	0.8935	0.0705	0.4890625	NAN	
12.1	1.68	0.8995	0.067	0.48975	NAN	
12.11	1.685	0.905	0.066	0.490415	NAN	
12.12	1.695	0.9105	0.07	0.491095	NAN	
12.13	1.7	0.916	0.0585	0.4917375	NAN	
12.14	1.71	0.9215	0.0675	0.4923675	NAN	
12.15	1.72	0.927	0.053	0.49297	NAN	
12.16	1.725	0.932	0.0415	0.4934425	NAN	
12.17	1.735	0.937	0.05	0.4939	NAN	
12.18	1.74	0.942	0.045	0.494375	NAN	
12.19	1.75	0.947	0.05	0.49485	NAN	
12.2	1.76	0.9515	0.0465	0.4953325	NAN	
12.21	1.765	0.9565	0.046	0.495795	NAN	
12.22	1.775	0.961	0.0535	0.4962925	NAN	
12.23	1.78	0.966	0.0445	0.4967825	NAN	
12.24	1.79	0.9705	0.0535	0.4972725	NAN	
12.25	1.8	0.975	0.04	0.49774	NAN	
12.26	1.805	0.9795	0.0525	0.4982025	NAN	
12.27	1.815	0.984	0.0415	0.4986725	NAN	
12.28	1.82	0.9885	0.053	0.499145	NAN	
12.29	1.83	0.9935	0.0415	0.4996175	NAN	
12.3	1.84	0.9975	0.044	0.500045	NAN	
12.31	1.845	1.002	0.0385	0.5004575	NAN	
12.32	1.855	1.0065	0.0435	0.5008675	NAN	
12.33	1.86	1.011	0.039	0.50128	NAN	
12.34	1.87	1.0155	0.044	0.501695	NAN	
12.35	1.88	1.02	0.037	0.5021	NAN	
12.36	1.885	1.02	0.048	0.502525	NAN	
12.37	1.895	1.02	0.0375	0.5029525	NAN	
12.38	1.9	1.02	0.0465	0.5033725	NAN	
12.39	1.91	1.02	0.0375	0.5037925	NAN	
12.4	1.92	1.02	0.043	0.504195	NAN	
12.41	1.925	1.02	0.038	0.5046	NAN	
12.42	1.935	1.02	0.0395	0.5049875	NAN	
12.43	1.94	1.02	0.044	0.505405	NAN	
12.44	1.95	1.02	0.028	0.505765	NAN	
12.45	1.96	1.02	0.009	0.50595	NAN	
12.46	1.965	1.02	0.0335	0.5061625	NAN	
12.47	1.975	1.02	0.039	0.506525	NAN	
12.48	1.98	1.02	0.0485	0.5069625	NAN	
12.49	1.99	1.02	0.034	0.507375	NAN	
12.5	2	1.02	0.044	0.507765	NAN	
