MIN=0	-10	-1	-1	-2	0	
MAX=12.5	10	1	1	2	50	
SCALE=5	5	0.5	0.5	1	10	
DEC=2	2	3	3	2	2	
DEF="Time" t / s	"Voltage" U_1 / V	"Current" I_1 / A	"Voltage" U_B2 / V	"Magnetic Flux" &F / Vs	"Frequency" f / Hz	
0	0	-0.001	0.004	0	NAN	
0.01	0.005	-0.0005	0.0015	2.75E-5	NAN	
0.02	0.015	0.0005	0.013	0.0001	NAN	
0.03	0.02	0.002	0.0095	0.0002125	NAN	
0.04	0.03	0.004	0.018	0.00035	NAN	
0.05	0.04	0.006	0.021	0.000545	NAN	
0.06	0.045	0.009	0.023	0.000765	NAN	
0.07	0.055	0.012	0.033	0.001045	NAN	
0.08	0.06	0.0145	0.031	0.001365	NAN	
0.09	0.07	0.018	0.0325	0.0016825	NAN	
0.1	0.08	0.021	0.0385	0.0020375	NAN	
0.11	0.085	0.0245	0.0345	0.0024025	NAN	
0.12	0.095	0.028	0.0445	0.0027975	NAN	
0.13	0.1	0.032	0.0375	0.0032075	NAN	
0.14	0.11	0.035	0.042	0.003605	NAN	
0.15	0.12	0.039	0.043	0.00403	NAN	
0.16	0.125	0.0425	0.044	0.004465	NAN	
0.17	0.135	0.0465	0.0495	0.0049325	NAN	
0.18	0.14	0.0505	0.05	0.00543	NAN	
0.19	0.15	0.0545	0.0505	0.0059325	NAN	
0.2	0.16	0.0585	0.0505	0.0064375	NAN	
0.21	0.165	0.0625	0.0465	0.0069225	NAN	
0.22	0.175	0.0665	0.0625	0.0074675	NAN	
0.23	0.18	0.07	0.045	0.008005	NAN	
0.24	0.19	0.075	0.054	0.0085	NAN	
0.25	0.2	0.078	0.0535	0.0090375	NAN	
0.26	0.205	0.082	0.055	0.00958	NAN	
0.27	0.215	0.0865	0.0635	0.0101725	NAN	
0.28	0.22	0.0905	0.058	0.01078	NAN	
0.29	0.23	0.0945	0.0615	0.0113775	NAN	
0.3	0.24	0.0985	0.0615	0.0119925	NAN	
0.31	0.245	0.103	0.06	0.0126	NAN	
0.32	0.255	0.107	0.0705	0.0132525	NAN	
0.33	0.26	0.111	0.06	0.013905	NAN	
0.34	0.27	0.115	0.0695	0.0145525	NAN	
0.35	0.28	0.1195	0.061	0.015205	NAN	
0.36	0.285	0.1235	0.065	0.015835	NAN	
0.37	0.295	0.1275	0.069	0.016505	NAN	
0.38	0.3	0.132	0.064	0.01717	NAN	
0.39	0.31	0.136	0.068	0.01783	NAN	
0.4	0.32	0.14	0.066	0.0185	NAN	
0.41	0.325	0.1445	0.068	0.01917	NAN	
0.42	0.335	0.1485	0.077	0.019895	NAN	
0.43	0.34	0.1525	0.0655	0.0206075	NAN	
0.44	0.35	0.1565	0.0765	0.0213175	NAN	
0.45	0.36	0.1605	0.0705	0.0220525	NAN	
0.46	0.365	0.1645	0.0715	0.0227625	NAN	
0.47	0.375	0.1685	0.077	0.023505	NAN	
0.48	0.38	0.1725	0.073	0.024255	NAN	
0.49	0.39	0.177	0.0745	0.0249925	NAN	
0.5	0.4	0.181	0.0765	0.0257475	NAN	
0.51	0.405	0.185	0.0775	0.0265175	NAN	
0.52	0.415	0.189	0.082	0.027315	NAN	
0.53	0.42	0.193	0.0745	0.0280975	NAN	
0.54	0.43	0.1975	0.089	0.028915	NAN	
0.55	0.44	0.2015	0.08	0.02976	NAN	
0.56	0.445	0.2055	0.082	0.03057	NAN	
0.57	0.455	0.2095	0.084	0.0314	NAN	
0.58	0.46	0.2135	0.082	0.03223	NAN	
0.59	0.47	0.2175	0.0845	0.0330625	NAN	
0.6	0.48	0.2215	0.0815	0.0338925	NAN	
0.61	0.485	0.2255	0.087	0.034735	NAN	
0.62	0.495	0.2295	0.0915	0.0356275	NAN	
0.63	0.5	0.2335	0.0845	0.0365075	NAN	
0.64	0.51	0.238	0.096	0.03741	NAN	
0.65	0.52	0.2415	0.085	0.038315	NAN	
0.66	0.525	0.2455	0.095	0.039215	NAN	
0.67	0.535	0.25	0.0925	0.0401525	NAN	
0.68	0.54	0.2535	0.094	0.041085	NAN	
0.69	0.55	0.258	0.0935	0.0420225	NAN	
0.7	0.56	0.262	0.0905	0.0429425	NAN	
0.71	0.565	0.266	0.095	0.04387	NAN	
0.72	0.575	0.27	0.096	0.044825	NAN	
0.73	0.58	0.2745	0.096	0.045785	NAN	
0.74	0.59	0.2785	0.102	0.046775	NAN	
0.75	0.6	0.2825	0.0915	0.0477425	NAN	
0.76	0.605	0.2865	0.112	0.04876	NAN	
0.77	0.615	0.2905	0.1005	0.0498225	NAN	
0.78	0.62	0.295	0.1055	0.0508525	NAN	
0.79	0.63	0.299	0.0955	0.0518575	NAN	
0.8	0.64	0.303	0.0975	0.0528225	NAN	
0.81	0.645	0.307	0.095	0.053785	NAN	
0.82	0.655	0.311	0.097	0.054745	NAN	
0.83	0.66	0.3155	0.104	0.05575	NAN	
0.84	0.67	0.3195	0.1025	0.0567825	NAN	
0.85	0.68	0.324	0.1	0.057795	NAN	
0.86	0.685	0.328	0.107	0.05883	NAN	
0.87	0.695	0.3325	0.102	0.059875	NAN	
0.88	0.7	0.3365	0.112	0.060945	NAN	
0.89	0.71	0.341	0.1045	0.0620275	NAN	
0.9	0.72	0.3455	0.109	0.063095	NAN	
0.91	0.725	0.3495	0.107	0.064175	NAN	
0.92	0.735	0.354	0.11	0.06526	NAN	
0.93	0.74	0.3585	0.105	0.066335	NAN	
0.94	0.75	0.363	0.1065	0.0673925	NAN	
0.95	0.76	0.3675	0.107	0.06846	NAN	
0.96	0.765	0.372	0.109	0.06954	NAN	
0.97	0.775	0.3765	0.1105	0.0706375	NAN	
0.98	0.78	0.381	0.1105	0.0717425	NAN	
0.99	0.79	0.3855	0.1075	0.0728325	NAN	
1	0.8	0.3905	0.11	0.07392	NAN	
1.01	0.805	0.395	0.106	0.075	NAN	
1.02	0.815	0.3995	0.1155	0.0761075	NAN	
1.03	0.82	0.4045	0.104	0.077205	NAN	
1.04	0.83	0.409	0.109	0.07827	NAN	
1.05	0.84	0.414	0.1025	0.0793275	NAN	
1.06	0.845	0.419	0.1045	0.0803625	NAN	
1.07	0.855	0.424	0.11	0.081435	NAN	
1.08	0.86	0.4285	0.105	0.08251	NAN	
1.09	0.87	0.433	0.1075	0.0835725	NAN	
1.1	0.88	0.4385	0.1065	0.0846425	NAN	
1.11	0.885	0.443	0.102	0.085685	NAN	
1.12	0.895	0.4485	0.111	0.08675	NAN	
1.13	0.9	0.453	0.099	0.0878	NAN	
1.14	0.91	0.458	0.1095	0.0888425	NAN	
1.15	0.92	0.4625	0.0965	0.0898725	NAN	
1.16	0.925	0.468	0.1015	0.0908625	NAN	
1.17	0.935	0.473	0.0995	0.0918675	NAN	
1.18	0.94	0.4785	0.099	0.09286	NAN	
1.19	0.95	0.4835	0.1005	0.0938575	NAN	
1.2	0.96	0.4885	0.096	0.09484	NAN	
1.21	0.965	0.4935	0.093	0.095785	NAN	
1.22	0.975	0.4985	0.0955	0.0967275	NAN	
1.23	0.98	0.5035	0.086	0.097635	NAN	
1.24	0.99	0.5085	0.102	0.098575	NAN	
1.25	1	0.5135	0.084	0.099505	NAN	
1.26	1.005	0.5185	0.0925	0.1003875	NAN	
1.27	1.015	0.5235	0.0845	0.1012725	NAN	
1.28	1.02	0.529	0.0955	0.1021725	NAN	
1.29	1.03	0.534	0.087	0.103085	NAN	
1.3	1.04	0.539	0.086	0.10395	NAN	
1.31	1.045	0.544	0.0885	0.1048225	NAN	
1.32	1.055	0.549	0.095	0.10574	NAN	
1.33	1.06	0.554	0.084	0.106635	NAN	
1.34	1.07	0.559	0.0835	0.1074725	NAN	
1.35	1.08	0.564	0.081	0.108295	NAN	
1.36	1.085	0.569	0.0865	0.1091325	NAN	
1.37	1.095	0.574	0.0755	0.1099425	NAN	
1.38	1.1	0.579	0.077	0.110705	NAN	
1.39	1.11	0.5845	0.078	0.11148	NAN	
1.4	1.12	0.589	0.078	0.11226	NAN	
1.41	1.125	0.594	0.0775	0.1130375	NAN	
1.42	1.135	0.599	0.0765	0.1138075	NAN	
1.43	1.14	0.604	0.074	0.11456	NAN	
1.44	1.15	0.609	0.0755	0.1153075	NAN	
1.45	1.16	0.6135	0.0675	0.1160225	NAN	
1.46	1.165	0.6185	0.078	0.11675	NAN	
1.47	1.175	0.6235	0.0675	0.1174775	NAN	
1.48	1.18	0.6285	0.0725	0.1181775	NAN	
1.49	1.19	0.633	0.0645	0.1188625	NAN	
1.5	1.2	0.638	0.068	0.119525	NAN	
1.51	1.205	0.643	0.0675	0.1202025	NAN	
1.52	1.215	0.648	0.069	0.120885	NAN	
1.53	1.22	0.6525	0.067	0.121565	NAN	
1.54	1.23	0.6575	0.069	0.122245	NAN	
1.55	1.24	0.6625	0.0615	0.1228975	NAN	
1.56	1.245	0.667	0.0705	0.1235575	NAN	
1.57	1.255	0.6715	0.0625	0.1242225	NAN	
1.58	1.26	0.6765	0.0705	0.1248875	NAN	
1.59	1.27	0.6815	0.0605	0.1255425	NAN	
1.6	1.28	0.686	0.0625	0.1261575	NAN	
1.61	1.285	0.691	0.059	0.126765	NAN	
1.62	1.295	0.6955	0.061	0.127365	NAN	
1.63	1.3	0.7	0.059	0.127965	NAN	
1.64	1.31	0.705	0.0605	0.1285625	NAN	
1.65	1.32	0.709	0.056	0.129145	NAN	
1.66	1.325	0.714	0.063	0.12974	NAN	
1.67	1.335	0.719	0.0575	0.1303425	NAN	
1.68	1.34	0.7235	0.0635	0.1309475	NAN	
1.69	1.35	0.728	0.0545	0.1315375	NAN	
1.7	1.36	0.733	0.0595	0.1321075	NAN	
1.71	1.365	0.7375	0.049	0.13265	NAN	
1.72	1.375	0.7425	0.0585	0.1331875	NAN	
1.73	1.38	0.747	0.051	0.133735	NAN	
1.74	1.39	0.7515	0.0585	0.1342825	NAN	
1.75	1.4	0.757	0.053	0.13484	NAN	
1.76	1.405	0.7615	0.0565	0.1353875	NAN	
1.77	1.415	0.766	0.0515	0.1359275	NAN	
1.78	1.42	0.7705	0.0595	0.1364825	NAN	
1.79	1.43	0.7755	0.047	0.137015	NAN	
1.8	1.44	0.78	0.056	0.13753	NAN	
1.81	1.445	0.7845	0.046	0.13804	NAN	
1.82	1.455	0.7895	0.0545	0.1385425	NAN	
1.83	1.46	0.794	0.05	0.139065	NAN	
1.84	1.47	0.7985	0.053	0.13958	NAN	
1.85	1.48	0.8035	0.0485	0.1400875	NAN	
1.86	1.485	0.808	0.052	0.14059	NAN	
1.87	1.495	0.8125	0.057	0.141135	NAN	
1.88	1.5	0.817	0.053	0.141685	NAN	
1.89	1.51	0.822	0.046	0.14218	NAN	
1.9	1.52	0.826	0.0535	0.1426775	NAN	
1.91	1.525	0.831	0.0455	0.1431725	NAN	
1.92	1.535	0.8355	0.053	0.143665	NAN	
1.93	1.54	0.8405	0.0435	0.1441475	NAN	
1.94	1.55	0.8445	0.0495	0.1446125	NAN	
1.95	1.56	0.8495	0.0445	0.1450825	NAN	
1.96	1.565	0.8545	0.046	0.145535	NAN	
1.97	1.575	0.859	0.048	0.146005	NAN	
1.98	1.58	0.8635	0.0495	0.1464925	NAN	
1.99	1.59	0.868	0.045	0.146965	NAN	
2	1.6	0.8725	0.048	0.14743	NAN	
2.01	1.605	0.877	0.04	0.14787	NAN	
2.02	1.615	0.8815	0.052	0.14833	NAN	
2.03	1.62	0.886	0.0405	0.1487925	NAN	
2.04	1.63	0.8905	0.0445	0.1492175	NAN	
2.05	1.64	0.895	0.041	0.149645	NAN	
2.06	1.645	0.8995	0.0425	0.1500625	NAN	
2.07	1.655	0.904	0.041	0.15048	NAN	
2.08	1.66	0.9085	0.042	0.150895	NAN	
2.09	1.67	0.9125	0.0425	0.1513175	NAN	
2.1	1.68	0.9175	0.0465	0.1517625	NAN	
2.11	1.685	0.9215	0.0375	0.1521825	NAN	
2.12	1.695	0.926	0.049	0.152615	NAN	
2.13	1.7	0.9305	0.0355	0.1530375	NAN	
2.14	1.71	0.935	0.0445	0.1534375	NAN	
2.15	1.72	0.939	0.0385	0.1538525	NAN	
2.16	1.725	0.9435	0.0385	0.1542375	NAN	
2.17	1.735	0.948	0.0395	0.1546275	NAN	
2.18	1.74	0.952	0.0385	0.1550175	NAN	
2.19	1.75	0.9565	0.0375	0.1553975	NAN	
2.2	1.76	0.961	0.0415	0.1557925	NAN	
2.21	1.765	0.965	0.0345	0.1561725	NAN	
2.22	1.775	0.9695	0.045	0.15657	NAN	
2.23	1.78	0.9735	0.035	0.15697	NAN	
2.24	1.79	0.978	0.0435	0.1573625	NAN	
2.25	1.8	0.982	0.038	0.15777	NAN	
2.26	1.805	0.9865	0.034	0.15813	NAN	
2.27	1.815	0.9905	0.035	0.158475	NAN	
2.28	1.82	0.995	0.036	0.15883	NAN	
2.29	1.83	0.9995	0.034	0.15918	NAN	
2.3	1.84	1.004	0.0375	0.1595375	NAN	
2.31	1.845	1.008	0.0305	0.1598775	NAN	
2.32	1.855	1.012	0.046	0.16026	NAN	
2.33	1.86	1.0165	0.0335	0.1606575	NAN	
2.34	1.87	1.02	0.041	0.16103	NAN	
2.35	1.88	1.02	0.0365	0.1614175	NAN	
2.36	1.885	1.02	0.0375	0.1617875	NAN	
2.37	1.895	1.02	0.0375	0.1621625	NAN	
2.38	1.9	1.02	0.038	0.16254	NAN	
2.39	1.91	1.02	0.032	0.16289	NAN	
2.4	1.92	1.02	0.038	0.16324	NAN	
2.41	1.925	1.02	0.027	0.163565	NAN	
2.42	1.935	1.02	0.0415	0.1639075	NAN	
2.43	1.94	1.02	0.032	0.164275	NAN	
2.44	1.95	1.02	0.038	0.164625	NAN	
2.45	1.96	1.02	0.037	0.165	NAN	
2.46	1.965	1.02	0.041	0.16539	NAN	
2.47	1.975	1.02	0.036	0.165775	NAN	
2.48	1.98	1.02	0.037	0.16614	NAN	
2.49	1.99	1.02	0.0275	0.1664625	NAN	
2.5	2	1.02	0.037	0.166785	NAN	
2.51	1.995	1.02	0.0215	0.1670775	NAN	
2.52	1.985	1.02	0.0205	0.1672875	NAN	
2.53	1.98	1.02	0.0085	0.1674325	NAN	
2.54	1.97	1.02	0.001	0.16748	NAN	
2.55	1.96	1.02	-0.0005	0.1674825	NAN	
2.56	1.955	1.02	-0.0055	0.1674525	NAN	
2.57	1.945	1.02	-0.008	0.167385	NAN	
2.58	1.94	1.02	-0.006	0.167315	NAN	
2.59	1.93	1.02	-0.013	0.16722	NAN	
2.6	1.92	1.02	-0.0065	0.1671225	NAN	
2.61	1.915	1.02	-0.013	0.167025	NAN	
2.62	1.905	1.02	-0.0065	0.1669275	NAN	
2.63	1.9	1.02	-0.0135	0.1668275	NAN	
2.64	1.89	1.02	-0.0075	0.1667225	NAN	
2.65	1.88	1.02	-0.016	0.166605	NAN	
2.66	1.875	1.02	-0.0065	0.1664925	NAN	
2.67	1.865	1.02	-0.0195	0.1663625	NAN	
2.68	1.86	1.02	-0.008	0.166225	NAN	
2.69	1.85	1.02	-0.0155	0.1661075	NAN	
2.7	1.84	1.02	-0.0085	0.1659875	NAN	
2.71	1.835	1.02	-0.0155	0.1658675	NAN	
2.72	1.825	1.02	-0.015	0.165715	NAN	
2.73	1.82	1.02	-0.015	0.165565	NAN	
2.74	1.81	1.02	-0.0155	0.1654125	NAN	
2.75	1.8	1.02	-0.013	0.16527	NAN	
2.76	1.795	1.0175	-0.0145	0.1651325	NAN	
2.77	1.785	1.0135	-0.016	0.16498	NAN	
2.78	1.78	1.009	-0.013	0.164835	NAN	
2.79	1.77	1.005	-0.016	0.16469	NAN	
2.8	1.76	1.001	-0.0105	0.1645575	NAN	
2.81	1.755	0.997	-0.0185	0.1644125	NAN	
2.82	1.745	0.9925	-0.013	0.164255	NAN	
2.83	1.74	0.988	-0.019	0.164095	NAN	
2.84	1.73	0.9845	-0.008	0.16396	NAN	
2.85	1.72	0.9805	-0.0225	0.1638075	NAN	
2.86	1.715	0.976	-0.0125	0.1636325	NAN	
2.87	1.705	0.972	-0.0195	0.1634725	NAN	
2.88	1.7	0.968	-0.0115	0.1633175	NAN	
2.89	1.69	0.964	-0.0175	0.1631725	NAN	
2.9	1.68	0.9595	-0.0135	0.1630175	NAN	
2.91	1.675	0.9555	-0.019	0.162855	NAN	
2.92	1.665	0.9515	-0.0155	0.1626825	NAN	
2.93	1.66	0.947	-0.015	0.16253	NAN	
2.94	1.65	0.943	-0.0145	0.1623825	NAN	
2.95	1.64	0.939	-0.014	0.16224	NAN	
2.96	1.635	0.9345	-0.017	0.162085	NAN	
2.97	1.625	0.9305	-0.022	0.16189	NAN	
2.98	1.62	0.926	-0.0165	0.1616975	NAN	
2.99	1.61	0.922	-0.021	0.16151	NAN	
3	1.6	0.9175	-0.0135	0.1613375	NAN	
3.01	1.595	0.9135	-0.0205	0.1611675	NAN	
3.02	1.585	0.9095	-0.015	0.16099	NAN	
3.03	1.58	0.9055	-0.0205	0.1608125	NAN	
3.04	1.57	0.9015	-0.013	0.160645	NAN	
3.05	1.56	0.897	-0.019	0.160485	NAN	
3.06	1.555	0.8925	-0.0135	0.1603225	NAN	
3.07	1.545	0.888	-0.0215	0.1601475	NAN	
3.08	1.54	0.884	-0.016	0.15996	NAN	
3.09	1.53	0.8795	-0.0225	0.1597675	NAN	
3.1	1.52	0.8755	-0.019	0.15956	NAN	
3.11	1.515	0.871	-0.021	0.15936	NAN	
3.12	1.505	0.8665	-0.02	0.159155	NAN	
3.13	1.5	0.862	-0.018	0.158965	NAN	
3.14	1.49	0.858	-0.02	0.158775	NAN	
3.15	1.48	0.8535	-0.018	0.158585	NAN	
3.16	1.475	0.849	-0.0165	0.1584125	NAN	
3.17	1.465	0.845	-0.023	0.158215	NAN	
3.18	1.46	0.8405	-0.0145	0.1580275	NAN	
3.19	1.45	0.836	-0.0255	0.1578275	NAN	
3.2	1.44	0.8315	-0.0195	0.1576025	NAN	
3.21	1.435	0.8275	-0.0265	0.1573725	NAN	
3.22	1.425	0.823	-0.0185	0.1571475	NAN	
3.23	1.42	0.8185	-0.025	0.15693	NAN	
3.24	1.41	0.814	-0.018	0.156715	NAN	
3.25	1.4	0.81	-0.023	0.15651	NAN	
3.26	1.395	0.8055	-0.019	0.1563	NAN	
3.27	1.385	0.801	-0.023	0.15609	NAN	
3.28	1.38	0.7965	-0.019	0.15588	NAN	
3.29	1.37	0.7925	-0.022	0.155675	NAN	
3.3	1.36	0.787	-0.021	0.15546	NAN	
3.31	1.355	0.784	-0.0245	0.1552325	NAN	
3.32	1.345	0.78	-0.0235	0.1549925	NAN	
3.33	1.34	0.775	-0.0225	0.1547625	NAN	
3.34	1.33	0.7705	-0.0215	0.1545425	NAN	
3.35	1.32	0.7665	-0.023	0.15432	NAN	
3.36	1.315	0.7615	-0.019	0.15411	NAN	
3.37	1.305	0.757	-0.028	0.153875	NAN	
3.38	1.3	0.753	-0.0165	0.1536525	NAN	
3.39	1.29	0.7485	-0.029	0.153425	NAN	
3.4	1.28	0.744	-0.014	0.15321	NAN	
3.41	1.275	0.74	-0.028	0.153	NAN	
3.42	1.265	0.7355	-0.0215	0.1527525	NAN	
3.43	1.26	0.7315	-0.0265	0.1525125	NAN	
3.44	1.25	0.7275	-0.0225	0.1522675	NAN	
3.45	1.24	0.723	-0.0235	0.1520375	NAN	
3.46	1.235	0.7185	-0.0235	0.1518025	NAN	
3.47	1.225	0.7145	-0.0255	0.1515575	NAN	
3.48	1.22	0.7105	-0.023	0.151315	NAN	
3.49	1.21	0.706	-0.0255	0.1510725	NAN	
3.5	1.2	0.7015	-0.022	0.150835	NAN	
3.51	1.195	0.6975	-0.0265	0.1505925	NAN	
3.52	1.185	0.693	-0.0255	0.1503325	NAN	
3.53	1.18	0.6885	-0.029	0.15006	NAN	
3.54	1.17	0.6845	-0.0245	0.1497925	NAN	
3.55	1.16	0.6805	-0.03	0.14952	NAN	
3.56	1.155	0.6755	-0.0225	0.1492575	NAN	
3.57	1.145	0.6715	-0.033	0.14898	NAN	
3.58	1.14	0.6675	-0.021	0.14871	NAN	
3.59	1.13	0.663	-0.0315	0.1484475	NAN	
3.6	1.12	0.6585	-0.021	0.148185	NAN	
3.61	1.115	0.6545	-0.0295	0.1479325	NAN	
3.62	1.105	0.65	-0.027	0.14765	NAN	
3.63	1.1	0.646	-0.028	0.147375	NAN	
3.64	1.09	0.6415	-0.0285	0.1470925	NAN	
3.65	1.08	0.637	-0.027	0.146815	NAN	
3.66	1.075	0.6325	-0.031	0.146525	NAN	
3.67	1.065	0.6285	-0.0315	0.1462125	NAN	
3.68	1.06	0.624	-0.0285	0.1459125	NAN	
3.69	1.05	0.62	-0.0325	0.1456075	NAN	
3.7	1.04	0.6155	-0.026	0.145315	NAN	
3.71	1.035	0.6115	-0.033	0.14502	NAN	
3.72	1.025	0.607	-0.025	0.14473	NAN	
3.73	1.02	0.603	-0.043	0.14439	NAN	
3.74	1.01	0.5985	-0.0285	0.1440325	NAN	
3.75	1	0.594	-0.039	0.143695	NAN	
3.76	0.995	0.5895	-0.028	0.14336	NAN	
3.77	0.985	0.5855	-0.0365	0.1430375	NAN	
3.78	0.98	0.581	-0.0335	0.1426875	NAN	
3.79	0.97	0.5765	-0.0425	0.1423075	NAN	
3.8	0.96	0.572	-0.035	0.14192	NAN	
3.81	0.955	0.568	-0.0265	0.1416125	NAN	
3.82	0.945	0.5635	-0.0375	0.1412925	NAN	
3.83	0.94	0.5595	-0.0325	0.1409425	NAN	
3.84	0.93	0.5555	-0.031	0.140625	NAN	
3.85	0.92	0.551	-0.0365	0.1402875	NAN	
3.86	0.915	0.5465	-0.0315	0.1399475	NAN	
3.87	0.905	0.5425	-0.046	0.13956	NAN	
3.88	0.9	0.538	-0.035	0.139155	NAN	
3.89	0.89	0.534	-0.0455	0.1387525	NAN	
3.9	0.88	0.5295	-0.03	0.138375	NAN	
3.91	0.875	0.525	-0.044	0.138005	NAN	
3.92	0.865	0.5205	-0.0335	0.1376175	NAN	
3.93	0.86	0.516	-0.0445	0.1372275	NAN	
3.94	0.85	0.5115	-0.0375	0.1368175	NAN	
3.95	0.84	0.507	-0.04	0.13643	NAN	
3.96	0.835	0.503	-0.0335	0.1360625	NAN	
3.97	0.825	0.4985	-0.0415	0.1356875	NAN	
3.98	0.82	0.494	-0.039	0.135285	NAN	
3.99	0.81	0.49	-0.0435	0.1348725	NAN	
4	0.8	0.4855	-0.041	0.13445	NAN	
4.01	0.795	0.481	-0.044	0.134025	NAN	
4.02	0.785	0.4765	-0.045	0.13358	NAN	
4.03	0.78	0.4725	-0.043	0.13314	NAN	
4.04	0.77	0.4675	-0.0425	0.1327125	NAN	
4.05	0.76	0.4635	-0.0425	0.1322875	NAN	
4.06	0.755	0.459	-0.0395	0.1318775	NAN	
4.07	0.745	0.455	-0.0495	0.1314325	NAN	
4.08	0.74	0.4505	-0.0375	0.1309975	NAN	
4.09	0.73	0.446	-0.05	0.13056	NAN	
4.1	0.72	0.4415	-0.0385	0.1301175	NAN	
4.11	0.715	0.4375	-0.054	0.129655	NAN	
4.12	0.705	0.433	-0.0475	0.1291475	NAN	
4.13	0.7	0.429	-0.0515	0.1286525	NAN	
4.14	0.69	0.4245	-0.046	0.128165	NAN	
4.15	0.68	0.42	-0.048	0.127695	NAN	
4.16	0.675	0.4155	-0.049	0.12721	NAN	
4.17	0.665	0.4115	-0.0495	0.1267175	NAN	
4.18	0.66	0.407	-0.049	0.126225	NAN	
4.19	0.65	0.403	-0.0525	0.1257175	NAN	
4.2	0.64	0.3985	-0.048	0.125215	NAN	
4.21	0.635	0.3945	-0.053	0.12471	NAN	
4.22	0.625	0.39	-0.051	0.12419	NAN	
4.23	0.62	0.386	-0.056	0.123655	NAN	
4.24	0.61	0.3815	-0.0495	0.1231275	NAN	
4.25	0.6	0.3775	-0.0575	0.1225925	NAN	
4.26	0.595	0.373	-0.048	0.122065	NAN	
4.27	0.585	0.369	-0.0635	0.1215075	NAN	
4.28	0.58	0.365	-0.0505	0.1209375	NAN	
4.29	0.57	0.3605	-0.058	0.120395	NAN	
4.3	0.56	0.3565	-0.0465	0.1198725	NAN	
4.31	0.555	0.3525	-0.058	0.11935	NAN	
4.32	0.545	0.348	-0.0595	0.1187625	NAN	
4.33	0.54	0.344	-0.061	0.11816	NAN	
4.34	0.53	0.3395	-0.0585	0.1175625	NAN	
4.35	0.52	0.336	-0.0595	0.1169725	NAN	
4.36	0.515	0.3315	-0.058	0.116385	NAN	
4.37	0.505	0.3275	-0.071	0.11574	NAN	
4.38	0.5	0.3235	-0.0565	0.1151025	NAN	
4.39	0.49	0.319	-0.069	0.114475	NAN	
4.4	0.48	0.315	-0.059	0.113835	NAN	
4.41	0.475	0.311	-0.0745	0.1131675	NAN	
4.42	0.465	0.307	-0.0635	0.1124775	NAN	
4.43	0.46	0.303	-0.0745	0.1117875	NAN	
4.44	0.45	0.299	-0.064	0.111095	NAN	
4.45	0.44	0.295	-0.071	0.11042	NAN	
4.46	0.435	0.291	-0.0645	0.1097425	NAN	
4.47	0.425	0.287	-0.073	0.109055	NAN	
4.48	0.42	0.2825	-0.0675	0.1083525	NAN	
4.49	0.41	0.279	-0.0725	0.1076525	NAN	
4.5	0.4	0.2745	-0.066	0.10696	NAN	
4.51	0.395	0.271	-0.073	0.106265	NAN	
4.52	0.385	0.2665	-0.073	0.105535	NAN	
4.53	0.38	0.263	-0.0725	0.1048075	NAN	
4.54	0.37	0.2585	-0.074	0.104075	NAN	
4.55	0.36	0.255	-0.0755	0.1033275	NAN	
4.56	0.355	0.2505	-0.0775	0.1025625	NAN	
4.57	0.345	0.2465	-0.089	0.10173	NAN	
4.58	0.34	0.2425	-0.071	0.10093	NAN	
4.59	0.33	0.2385	-0.092	0.100115	NAN	
4.6	0.32	0.2345	-0.0765	0.0992725	NAN	
4.61	0.315	0.231	-0.088	0.09845	NAN	
4.62	0.305	0.227	-0.081	0.097605	NAN	
4.63	0.3	0.2235	-0.088	0.09676	NAN	
4.64	0.29	0.2195	-0.0825	0.0959075	NAN	
4.65	0.28	0.2155	-0.0905	0.0950425	NAN	
4.66	0.275	0.2115	-0.0875	0.0941525	NAN	
4.67	0.265	0.2075	-0.0945	0.0932425	NAN	
4.68	0.26	0.2035	-0.0895	0.0923225	NAN	
4.69	0.25	0.2	-0.0965	0.0913925	NAN	
4.7	0.24	0.196	-0.0925	0.0904475	NAN	
4.71	0.235	0.192	-0.1015	0.0894775	NAN	
4.72	0.225	0.1885	-0.0955	0.0884925	NAN	
4.73	0.22	0.1845	-0.104	0.087495	NAN	
4.74	0.21	0.181	-0.0965	0.0864925	NAN	
4.75	0.2	0.177	-0.107	0.085475	NAN	
4.76	0.195	0.173	-0.095	0.084465	NAN	
4.77	0.185	0.1695	-0.1135	0.0834225	NAN	
4.78	0.18	0.1655	-0.1045	0.0823325	NAN	
4.79	0.17	0.1615	-0.121	0.081205	NAN	
4.8	0.16	0.1585	-0.1075	0.0800625	NAN	
4.81	0.155	0.155	-0.119	0.07893	NAN	
4.82	0.145	0.1505	-0.1155	0.0777575	NAN	
4.83	0.14	0.147	-0.115	0.076605	NAN	
4.84	0.13	0.1435	-0.118	0.07544	NAN	
4.85	0.12	0.1395	-0.1195	0.0742525	NAN	
4.86	0.115	0.1365	-0.1185	0.0730625	NAN	
4.87	0.105	0.1325	-0.1265	0.0718375	NAN	
4.88	0.1	0.129	-0.121	0.0706	NAN	
4.89	0.09	0.1255	-0.1325	0.0693325	NAN	
4.9	0.08	0.1215	-0.1225	0.0680575	NAN	
4.91	0.075	0.118	-0.138	0.066755	NAN	
4.92	0.065	0.1145	-0.131	0.06541	NAN	
4.93	0.06	0.111	-0.1415	0.0640475	NAN	
4.94	0.05	0.1075	-0.1305	0.0626875	NAN	
4.95	0.04	0.104	-0.141	0.06133	NAN	
4.96	0.035	0.1005	-0.136	0.059945	NAN	
4.97	0.025	0.097	-0.1465	0.0585325	NAN	
4.98	0.02	0.0935	-0.1375	0.0571125	NAN	
4.99	0.01	0.0905	-0.147	0.05569	NAN	
5	0	0.087	-0.144	0.054235	NAN	
5.01	-0.005	0.0835	-0.155	0.05274	NAN	
5.02	-0.015	0.08	-0.157	0.05118	NAN	
5.03	-0.02	0.0765	-0.153	0.04963	NAN	
5.04	-0.03	0.0735	-0.15	0.048115	NAN	
5.05	-0.04	0.07	-0.161	0.04656	NAN	
5.06	-0.045	0.067	-0.155	0.04498	NAN	
5.07	-0.055	0.0635	-0.168	0.043365	NAN	
5.08	-0.06	0.0605	-0.1615	0.0417175	NAN	
5.09	-0.07	0.0575	-0.1785	0.0400175	NAN	
5.1	-0.08	0.054	-0.163	0.03831	NAN	
5.11	-0.085	0.0505	-0.189	0.03655	NAN	
5.12	-0.095	0.0475	-0.1745	0.0347325	NAN	
5.13	-0.1	0.0445	-0.183	0.032945	NAN	
5.14	-0.11	0.0415	-0.178	0.03114	NAN	
5.15	-0.12	0.0385	-0.19	0.0293	NAN	
5.16	-0.125	0.0355	-0.187	0.027415	NAN	
5.17	-0.135	0.032	-0.1955	0.0255025	NAN	
5.18	-0.14	0.029	-0.1895	0.0235775	NAN	
5.19	-0.15	0.026	-0.196	0.02165	NAN	
5.2	-0.16	0.0235	-0.195	0.019695	NAN	
5.21	-0.165	0.02	-0.203	0.017705	NAN	
5.22	-0.175	0.0175	-0.204	0.01567	NAN	
5.23	-0.18	0.014	-0.2115	0.0135925	NAN	
5.24	-0.19	0.011	-0.2075	0.0114975	NAN	
5.25	-0.2	0.0085	-0.2185	0.0093675	NAN	
5.26	-0.205	0.0055	-0.2125	0.0072125	NAN	
5.27	-0.215	0.0025	-0.229	0.005005	NAN	
5.28	-0.22	0	-0.2115	0.0028025	NAN	
5.29	-0.23	-0.003	-0.233	0.00058	NAN	
5.3	-0.24	-0.006	-0.2215	-0.0016925	NAN	
5.31	-0.245	-0.0095	-0.2365	-0.0039825	NAN	
5.32	-0.255	-0.011	-0.2345	-0.0063375	NAN	
5.33	-0.26	-0.0135	-0.2455	-0.0087375	NAN	
5.34	-0.27	-0.016	-0.2435	-0.0111825	NAN	
5.35	-0.28	-0.0185	-0.253	-0.013665	NAN	
5.36	-0.285	-0.022	-0.253	-0.016195	NAN	
5.37	-0.295	-0.0235	-0.258	-0.01875	NAN	
5.38	-0.3	-0.0265	-0.256	-0.02132	NAN	
5.39	-0.31	-0.028	-0.269	-0.023945	NAN	
5.4	-0.32	-0.031	-0.262	-0.0266	NAN	
5.41	-0.325	-0.033	-0.2745	-0.0292825	NAN	
5.42	-0.335	-0.036	-0.269	-0.032	NAN	
5.43	-0.34	-0.0385	-0.2835	-0.0347625	NAN	
5.44	-0.35	-0.0405	-0.2775	-0.0375675	NAN	
5.45	-0.36	-0.043	-0.2915	-0.0404125	NAN	
5.46	-0.365	-0.0455	-0.2855	-0.0432975	NAN	
5.47	-0.375	-0.0475	-0.306	-0.046255	NAN	
5.48	-0.38	-0.05	-0.293	-0.04925	NAN	
5.49	-0.39	-0.0525	-0.312	-0.052275	NAN	
5.5	-0.4	-0.0545	-0.2985	-0.0553275	NAN	
5.51	-0.405	-0.0565	-0.3165	-0.0584025	NAN	
5.52	-0.415	-0.059	-0.311	-0.06154	NAN	
5.53	-0.42	-0.061	-0.323	-0.06471	NAN	
5.54	-0.43	-0.063	-0.319	-0.06792	NAN	
5.55	-0.44	-0.0655	-0.3295	-0.0711625	NAN	
5.56	-0.445	-0.0675	-0.329	-0.074455	NAN	
5.57	-0.455	-0.069	-0.345	-0.077825	NAN	
5.58	-0.46	-0.0715	-0.34	-0.08125	NAN	
5.59	-0.47	-0.0735	-0.351	-0.084705	NAN	
5.6	-0.48	-0.0755	-0.3465	-0.0881925	NAN	
5.61	-0.485	-0.0775	-0.3575	-0.0917125	NAN	
5.62	-0.495	-0.0795	-0.359	-0.095295	NAN	
5.63	-0.5	-0.082	-0.365	-0.098915	NAN	
5.64	-0.51	-0.0835	-0.3665	-0.1025725	NAN	
5.65	-0.52	-0.0855	-0.3745	-0.1062775	NAN	
5.66	-0.525	-0.087	-0.3735	-0.1100175	NAN	
5.67	-0.535	-0.0895	-0.3895	-0.1138325	NAN	
5.68	-0.54	-0.091	-0.3835	-0.1176975	NAN	
5.69	-0.55	-0.093	-0.4045	-0.1216375	NAN	
5.7	-0.56	-0.0945	-0.3925	-0.1256225	NAN	
5.71	-0.565	-0.0965	-0.414	-0.129655	NAN	
5.72	-0.575	-0.098	-0.4055	-0.1337525	NAN	
5.73	-0.58	-0.0995	-0.418	-0.13787	NAN	
5.74	-0.59	-0.1015	-0.4115	-0.1420175	NAN	
5.75	-0.6	-0.1035	-0.4295	-0.1462225	NAN	
5.76	-0.605	-0.105	-0.422	-0.15048	NAN	
5.77	-0.615	-0.1065	-0.4375	-0.1547775	NAN	
5.78	-0.62	-0.108	-0.431	-0.15912	NAN	
5.79	-0.63	-0.109	-0.4565	-0.1635575	NAN	
5.8	-0.64	-0.111	-0.444	-0.16806	NAN	
5.81	-0.645	-0.112	-0.458	-0.17257	NAN	
5.82	-0.655	-0.1135	-0.46	-0.17716	NAN	
5.83	-0.66	-0.1155	-0.467	-0.181795	NAN	
5.84	-0.67	-0.1165	-0.467	-0.186465	NAN	
5.85	-0.68	-0.118	-0.484	-0.19122	NAN	
5.86	-0.685	-0.1195	-0.472	-0.196	NAN	
5.87	-0.695	-0.1205	-0.499	-0.200855	NAN	
5.88	-0.7	-0.1225	-0.494	-0.20582	NAN	
5.89	-0.71	-0.124	-0.509	-0.210835	NAN	
5.9	-0.72	-0.125	-0.5055	-0.2159075	NAN	
5.91	-0.725	-0.126	-0.514	-0.221005	NAN	
5.92	-0.735	-0.128	-0.514	-0.226145	NAN	
5.93	-0.74	-0.1295	-0.522	-0.231325	NAN	
5.94	-0.75	-0.131	-0.5195	-0.2365325	NAN	
5.95	-0.76	-0.1325	-0.5295	-0.2417775	NAN	
5.96	-0.765	-0.134	-0.5305	-0.2470775	NAN	
5.97	-0.775	-0.1355	-0.545	-0.252455	NAN	
5.98	-0.78	-0.137	-0.545	-0.257905	NAN	
5.99	-0.79	-0.138	-0.556	-0.26341	NAN	
6	-0.8	-0.14	-0.5515	-0.2689475	NAN	
6.01	-0.805	-0.1415	-0.5675	-0.2745425	NAN	
6.02	-0.815	-0.143	-0.5685	-0.2802225	NAN	
6.03	-0.82	-0.145	-0.5775	-0.2859525	NAN	
6.04	-0.83	-0.1465	-0.5755	-0.2917175	NAN	
6.05	-0.84	-0.1485	-0.5925	-0.2975575	NAN	
6.06	-0.845	-0.1505	-0.5795	-0.3034175	NAN	
6.07	-0.855	-0.153	-0.6	-0.309315	NAN	
6.08	-0.86	-0.154	-0.5875	-0.3152525	NAN	
6.09	-0.87	-0.1565	-0.601	-0.321195	NAN	
6.1	-0.88	-0.1585	-0.601	-0.327205	NAN	
6.11	-0.885	-0.161	-0.613	-0.333275	NAN	
6.12	-0.895	-0.1625	-0.612	-0.3394	NAN	
6.13	-0.9	-0.165	-0.6175	-0.3455475	NAN	
6.14	-0.91	-0.1675	-0.6195	-0.3517325	NAN	
6.15	-0.92	-0.17	-0.627	-0.357965	NAN	
6.16	-0.925	-0.172	-0.627	-0.364235	NAN	
6.17	-0.935	-0.1745	-0.639	-0.370565	NAN	
6.18	-0.94	-0.177	-0.6315	-0.3769175	NAN	
6.19	-0.95	-0.1795	-0.645	-0.3833	NAN	
6.2	-0.96	-0.182	-0.636	-0.389705	NAN	
6.21	-0.965	-0.1845	-0.646	-0.396115	NAN	
6.22	-0.975	-0.187	-0.6465	-0.4025775	NAN	
6.23	-0.98	-0.19	-0.652	-0.40907	NAN	
6.24	-0.99	-0.1925	-0.649	-0.415575	NAN	
6.25	-1	-0.1955	-0.658	-0.42211	NAN	
6.26	-1.005	-0.198	-0.6565	-0.4286825	NAN	
6.27	-1.015	-0.201	-0.6675	-0.4353025	NAN	
6.28	-1.02	-0.204	-0.6625	-0.4419525	NAN	
6.29	-1.03	-0.207	-0.6725	-0.4486275	NAN	
6.3	-1.04	-0.2095	-0.666	-0.45532	NAN	
6.31	-1.045	-0.213	-0.6765	-0.4620325	NAN	
6.32	-1.055	-0.2165	-0.6725	-0.4687775	NAN	
6.33	-1.06	-0.22	-0.6735	-0.4755075	NAN	
6.34	-1.07	-0.2235	-0.6755	-0.4822525	NAN	
6.35	-1.08	-0.227	-0.677	-0.489015	NAN	
6.36	-1.085	-0.231	-0.682	-0.49581	NAN	
6.37	-1.095	-0.2345	-0.6855	-0.5026475	NAN	
6.38	-1.1	-0.2385	-0.689	-0.50952	NAN	
6.39	-1.11	-0.243	-0.6785	-0.5163575	NAN	
6.4	-1.12	-0.247	-0.687	-0.523185	NAN	
6.41	-1.125	-0.251	-0.688	-0.53006	NAN	
6.42	-1.135	-0.2555	-0.6855	-0.5369275	NAN	
6.43	-1.14	-0.26	-0.6805	-0.5437575	NAN	
6.44	-1.15	-0.2645	-0.6795	-0.5505575	NAN	
6.45	-1.16	-0.27	-0.686	-0.557385	NAN	
6.46	-1.165	-0.2745	-0.6755	-0.5641925	NAN	
6.47	-1.175	-0.2795	-0.6785	-0.5709625	NAN	
6.48	-1.18	-0.285	-0.667	-0.57769	NAN	
6.49	-1.19	-0.2905	-0.6785	-0.5844175	NAN	
6.5	-1.2	-0.296	-0.672	-0.59117	NAN	
6.51	-1.205	-0.302	-0.675	-0.597905	NAN	
6.52	-1.215	-0.308	-0.6705	-0.6046325	NAN	
6.53	-1.22	-0.3145	-0.668	-0.611325	NAN	
6.54	-1.23	-0.321	-0.6595	-0.6179625	NAN	
6.55	-1.24	-0.328	-0.658	-0.62455	NAN	
6.56	-1.245	-0.3345	-0.6475	-0.6310775	NAN	
6.57	-1.255	-0.342	-0.648	-0.637555	NAN	
6.58	-1.26	-0.3495	-0.636	-0.643975	NAN	
6.59	-1.27	-0.3575	-0.6345	-0.6503275	NAN	
6.6	-1.28	-0.3655	-0.621	-0.656605	NAN	
6.61	-1.285	-0.374	-0.6185	-0.6628025	NAN	
6.62	-1.295	-0.383	-0.6085	-0.6689375	NAN	
6.63	-1.3	-0.3915	-0.607	-0.675015	NAN	
6.64	-1.31	-0.4015	-0.592	-0.68101	NAN	
6.65	-1.32	-0.411	-0.584	-0.68689	NAN	
6.66	-1.325	-0.421	-0.5715	-0.6926675	NAN	
6.67	-1.335	-0.4315	-0.561	-0.69833	NAN	
6.68	-1.34	-0.442	-0.556	-0.703915	NAN	
6.69	-1.35	-0.453	-0.5365	-0.7093775	NAN	
6.7	-1.36	-0.4645	-0.524	-0.71468	NAN	
6.71	-1.365	-0.476	-0.5155	-0.7198775	NAN	
6.72	-1.375	-0.488	-0.503	-0.72497	NAN	
6.73	-1.38	-0.5005	-0.49	-0.729935	NAN	
6.74	-1.39	-0.513	-0.473	-0.73475	NAN	
6.75	-1.4	-0.5255	-0.4605	-0.7394175	NAN	
6.76	-1.405	-0.5385	-0.4415	-0.7439275	NAN	
6.77	-1.415	-0.5515	-0.4315	-0.7482925	NAN	
6.78	-1.42	-0.5655	-0.408	-0.75249	NAN	
6.79	-1.43	-0.5785	-0.399	-0.756525	NAN	
6.8	-1.44	-0.5925	-0.374	-0.76039	NAN	
6.81	-1.445	-0.6065	-0.3645	-0.7640825	NAN	
6.82	-1.455	-0.6205	-0.3425	-0.7676175	NAN	
6.83	-1.46	-0.634	-0.3335	-0.7709975	NAN	
6.84	-1.47	-0.648	-0.312	-0.774225	NAN	
6.85	-1.48	-0.661	-0.304	-0.777305	NAN	
6.86	-1.485	-0.675	-0.2775	-0.7802125	NAN	
6.87	-1.495	-0.6875	-0.2735	-0.7829675	NAN	
6.88	-1.5	-0.7015	-0.244	-0.785555	NAN	
6.89	-1.51	-0.714	-0.2445	-0.7879975	NAN	
6.9	-1.52	-0.7275	-0.2155	-0.7902975	NAN	
6.91	-1.525	-0.7395	-0.215	-0.79245	NAN	
6.92	-1.535	-0.7515	-0.1965	-0.7945075	NAN	
6.93	-1.54	-0.7625	-0.1885	-0.7964325	NAN	
6.94	-1.55	-0.7745	-0.174	-0.798245	NAN	
6.95	-1.56	-0.7845	-0.1645	-0.7999375	NAN	
6.96	-1.565	-0.796	-0.1555	-0.8015375	NAN	
6.97	-1.575	-0.806	-0.149	-0.80306	NAN	
6.98	-1.58	-0.8155	-0.135	-0.80448	NAN	
6.99	-1.59	-0.8245	-0.1315	-0.8058125	NAN	
7	-1.6	-0.8335	-0.118	-0.80706	NAN	
7.01	-1.605	-0.8425	-0.1165	-0.8082325	NAN	
7.02	-1.615	-0.8505	-0.1045	-0.8093375	NAN	
7.03	-1.62	-0.858	-0.105	-0.810385	NAN	
7.04	-1.63	-0.866	-0.0915	-0.8113675	NAN	
7.05	-1.64	-0.873	-0.0965	-0.8123075	NAN	
7.06	-1.645	-0.8805	-0.0825	-0.8132025	NAN	
7.07	-1.655	-0.8875	-0.092	-0.814075	NAN	
7.08	-1.66	-0.8945	-0.077	-0.81492	NAN	
7.09	-1.67	-0.9005	-0.0825	-0.8157175	NAN	
7.1	-1.68	-0.907	-0.0695	-0.8164775	NAN	
7.11	-1.685	-0.913	-0.073	-0.81719	NAN	
7.12	-1.695	-0.9195	-0.07	-0.817905	NAN	
7.13	-1.7	-0.925	-0.066	-0.818585	NAN	
7.14	-1.71	-0.931	-0.0645	-0.8192375	NAN	
7.15	-1.72	-0.9365	-0.06	-0.81986	NAN	
7.16	-1.725	-0.9425	-0.0595	-0.8204575	NAN	
7.17	-1.735	-0.9475	-0.066	-0.821085	NAN	
7.18	-1.74	-0.953	-0.0555	-0.8216925	NAN	
7.19	-1.75	-0.9585	-0.0675	-0.8223075	NAN	
7.2	-1.76	-0.9635	-0.056	-0.822925	NAN	
7.21	-1.765	-0.969	-0.0595	-0.8235025	NAN	
7.22	-1.775	-0.974	-0.05	-0.82405	NAN	
7.23	-1.78	-0.979	-0.0555	-0.8245775	NAN	
7.24	-1.79	-0.9845	-0.049	-0.8251	NAN	
7.25	-1.8	-0.989	-0.052	-0.825605	NAN	
7.26	-1.805	-0.994	-0.0465	-0.8260975	NAN	
7.27	-1.815	-0.999	-0.051	-0.826585	NAN	
7.28	-1.82	-1.004	-0.0565	-0.8271225	NAN	
7.29	-1.83	-1.009	-0.0525	-0.8276675	NAN	
7.3	-1.84	-1.0135	-0.0385	-0.8281225	NAN	
7.31	-1.845	-1.0185	-0.048	-0.828555	NAN	
7.32	-1.855	-1.0235	-0.0465	-0.8290275	NAN	
7.33	-1.86	-1.0275	-0.0465	-0.8294925	NAN	
7.34	-1.87	-1.0275	-0.043	-0.82994	NAN	
7.35	-1.88	-1.0275	-0.0465	-0.8303875	NAN	
7.36	-1.885	-1.0275	-0.038	-0.83081	NAN	
7.37	-1.895	-1.0275	-0.05	-0.83125	NAN	
7.38	-1.9	-1.0275	-0.038	-0.83169	NAN	
7.39	-1.91	-1.0275	-0.0505	-0.8321325	NAN	
7.4	-1.92	-1.0275	-0.038	-0.832575	NAN	
7.41	-1.925	-1.0275	-0.0475	-0.8330025	NAN	
7.42	-1.935	-1.0275	-0.043	-0.833455	NAN	
7.43	-1.94	-1.0275	-0.0425	-0.8338825	NAN	
7.44	-1.95	-1.0275	-0.0435	-0.8343125	NAN	
7.45	-1.96	-1.0275	-0.035	-0.834705	NAN	
7.46	-1.965	-1.0275	-0.0395	-0.8350775	NAN	
7.47	-1.975	-1.0275	-0.039	-0.83547	NAN	
7.48	-1.98	-1.0275	-0.0385	-0.8358575	NAN	
7.49	-1.99	-1.0275	-0.0375	-0.8362375	NAN	
7.5	-2	-1.0275	-0.0355	-0.8366025	NAN	
7.51	-1.995	-1.0275	-0.0305	-0.8369325	NAN	
7.52	-1.985	-1.0275	-0.0145	-0.8371575	NAN	
7.53	-1.98	-1.0275	-0.0035	-0.8372475	NAN	
7.54	-1.97	-1.0275	-0.0005	-0.8372675	NAN	
7.55	-1.96	-1.0275	-0.003	-0.837285	NAN	
7.56	-1.955	-1.0275	0.006	-0.83727	NAN	
7.57	-1.945	-1.0275	0.009	-0.837195	NAN	
7.58	-1.94	-1.0275	0.0055	-0.8371225	NAN	
7.59	-1.93	-1.0275	0.0095	-0.8370475	NAN	
7.6	-1.92	-1.0275	0.0075	-0.8369625	NAN	
7.61	-1.915	-1.0275	0.012	-0.836865	NAN	
7.62	-1.905	-1.0275	0.0175	-0.8367175	NAN	
7.63	-1.9	-1.0275	0.005	-0.836605	NAN	
7.64	-1.89	-1.0275	0.012	-0.83652	NAN	
7.65	-1.88	-1.0275	0.001	-0.836455	NAN	
7.66	-1.875	-1.0275	0.002	-0.83644	NAN	
7.67	-1.865	-1.0275	0.019	-0.836335	NAN	
7.68	-1.86	-1.0275	0.0165	-0.8361575	NAN	
7.69	-1.85	-1.0275	0.012	-0.836015	NAN	
7.7	-1.84	-1.0275	0.015	-0.83588	NAN	
7.71	-1.835	-1.0275	0.015	-0.83573	NAN	
7.72	-1.825	-1.0275	0.0115	-0.8355975	NAN	
7.73	-1.82	-1.0275	0.018	-0.83545	NAN	
7.74	-1.81	-1.0275	0.0105	-0.8353075	NAN	
7.75	-1.8	-1.0275	0.0125	-0.8351925	NAN	
7.76	-1.795	-1.0275	0.0125	-0.8350675	NAN	
7.77	-1.785	-1.0255	0.013	-0.83494	NAN	
7.78	-1.78	-1.0215	0.01	-0.834825	NAN	
7.79	-1.77	-1.017	0.017	-0.83469	NAN	
7.8	-1.76	-1.013	0.012	-0.834545	NAN	
7.81	-1.755	-1.008	0.0145	-0.8344125	NAN	
7.82	-1.745	-1.004	0.0195	-0.8342425	NAN	
7.83	-1.74	-0.999	0.0115	-0.8340875	NAN	
7.84	-1.73	-0.995	0.0165	-0.8339475	NAN	
7.85	-1.72	-0.9905	0.015	-0.83379	NAN	
7.86	-1.715	-0.986	0.011	-0.83366	NAN	
7.87	-1.705	-0.981	0.0185	-0.8335125	NAN	
7.88	-1.7	-0.9775	0.008	-0.83338	NAN	
7.89	-1.69	-0.9725	0.016	-0.83326	NAN	
7.9	-1.68	-0.9685	0.015	-0.833105	NAN	
7.91	-1.675	-0.9635	0.015	-0.832955	NAN	
7.92	-1.665	-0.9595	0.02	-0.83278	NAN	
7.93	-1.66	-0.9545	0.0115	-0.8326225	NAN	
7.94	-1.65	-0.9505	0.008	-0.832525	NAN	
7.95	-1.64	-0.946	0.017	-0.8324	NAN	
7.96	-1.635	-0.9415	0.0155	-0.8322375	NAN	
7.97	-1.625	-0.937	0.0205	-0.8320575	NAN	
7.98	-1.62	-0.9325	0.01	-0.831905	NAN	
7.99	-1.61	-0.928	0.019	-0.83176	NAN	
8	-1.6	-0.924	0.0145	-0.8315925	NAN	
8.01	-1.595	-0.9195	0.014	-0.83145	NAN	
8.02	-1.585	-0.915	0.0205	-0.8312775	NAN	
8.03	-1.58	-0.9105	0.0145	-0.8311025	NAN	
8.04	-1.57	-0.9065	0.0165	-0.8309475	NAN	
8.05	-1.56	-0.902	0.0205	-0.8307625	NAN	
8.06	-1.555	-0.8975	0.0135	-0.8305925	NAN	
8.07	-1.545	-0.8925	0.023	-0.83041	NAN	
8.08	-1.54	-0.889	0.015	-0.83022	NAN	
8.09	-1.53	-0.8835	0.0185	-0.8300525	NAN	
8.1	-1.52	-0.8795	0.016	-0.82988	NAN	
8.11	-1.515	-0.875	0.017	-0.829715	NAN	
8.12	-1.505	-0.8705	0.0205	-0.8295275	NAN	
8.13	-1.5	-0.8655	0.02	-0.829325	NAN	
8.14	-1.49	-0.8615	0.025	-0.8291	NAN	
8.15	-1.48	-0.857	0.035	-0.8288	NAN	
8.16	-1.475	-0.8525	0.013	-0.82856	NAN	
8.17	-1.465	-0.848	0.024	-0.828375	NAN	
8.18	-1.46	-0.844	0.0185	-0.8281625	NAN	
8.19	-1.45	-0.839	0.0185	-0.8279775	NAN	
8.2	-1.44	-0.8355	0.0165	-0.8278025	NAN	
8.21	-1.435	-0.8305	0.0195	-0.8276225	NAN	
8.22	-1.425	-0.8265	0.0195	-0.8274275	NAN	
8.23	-1.42	-0.8215	0.021	-0.827225	NAN	
8.24	-1.41	-0.8175	0.0175	-0.8270325	NAN	
8.25	-1.4	-0.813	0.023	-0.82683	NAN	
8.26	-1.395	-0.8085	0.013	-0.82665	NAN	
8.27	-1.385	-0.804	0.0245	-0.8264625	NAN	
8.28	-1.38	-0.8	0.018	-0.82625	NAN	
8.29	-1.37	-0.795	0.023	-0.826045	NAN	
8.3	-1.36	-0.7905	0.0215	-0.8258225	NAN	
8.31	-1.355	-0.7865	0.021	-0.82561	NAN	
8.32	-1.345	-0.7825	0.019	-0.82541	NAN	
8.33	-1.34	-0.7775	0.023	-0.8252	NAN	
8.34	-1.33	-0.7735	0.017	-0.825	NAN	
8.35	-1.32	-0.7695	0.0275	-0.8247775	NAN	
8.36	-1.315	-0.7645	0.018	-0.82455	NAN	
8.37	-1.305	-0.7595	0.029	-0.824315	NAN	
8.38	-1.3	-0.7555	0.0205	-0.8240675	NAN	
8.39	-1.29	-0.75	0.026	-0.823835	NAN	
8.4	-1.28	-0.7465	0.0225	-0.8235925	NAN	
8.41	-1.275	-0.742	0.024	-0.82336	NAN	
8.42	-1.265	-0.738	0.0205	-0.8231375	NAN	
8.43	-1.26	-0.733	0.0245	-0.8229125	NAN	
8.44	-1.25	-0.7295	0.0165	-0.8227075	NAN	
8.45	-1.24	-0.724	0.0265	-0.8224925	NAN	
8.46	-1.235	-0.721	0.019	-0.822265	NAN	
8.47	-1.225	-0.7165	0.029	-0.822025	NAN	
8.48	-1.22	-0.7125	0.022	-0.82177	NAN	
8.49	-1.21	-0.7085	0.026	-0.82153	NAN	
8.5	-1.2	-0.7035	0.0235	-0.8212825	NAN	
8.51	-1.195	-0.699	0.03	-0.821015	NAN	
8.52	-1.185	-0.695	0.0255	-0.8207375	NAN	
8.53	-1.18	-0.6905	0.0265	-0.8204775	NAN	
8.54	-1.17	-0.6865	0.0155	-0.8202675	NAN	
8.55	-1.16	-0.6815	0.0295	-0.8200425	NAN	
8.56	-1.155	-0.6775	0.0195	-0.8197975	NAN	
8.57	-1.145	-0.6725	0.033	-0.819535	NAN	
8.58	-1.14	-0.669	0.023	-0.819255	NAN	
8.59	-1.13	-0.665	0.031	-0.818985	NAN	
8.6	-1.12	-0.6605	0.027	-0.818695	NAN	
8.61	-1.115	-0.6565	0.032	-0.8184	NAN	
8.62	-1.105	-0.652	0.0265	-0.8181075	NAN	
8.63	-1.1	-0.647	0.0305	-0.8178225	NAN	
8.64	-1.09	-0.6435	0.0245	-0.8175475	NAN	
8.65	-1.08	-0.6395	0.032	-0.817265	NAN	
8.66	-1.075	-0.6345	0.022	-0.816995	NAN	
8.67	-1.065	-0.63	0.033	-0.81672	NAN	
8.68	-1.06	-0.626	0.024	-0.816435	NAN	
8.69	-1.05	-0.6215	0.032	-0.816155	NAN	
8.7	-1.04	-0.617	0.0275	-0.8158575	NAN	
8.71	-1.035	-0.613	0.032	-0.81556	NAN	
8.72	-1.025	-0.609	0.029	-0.815255	NAN	
8.73	-1.02	-0.6045	0.0355	-0.8149325	NAN	
8.74	-1.01	-0.6	0.0255	-0.8146275	NAN	
8.75	-1	-0.5955	0.035	-0.814325	NAN	
8.76	-0.995	-0.5915	0.028	-0.81401	NAN	
8.77	-0.985	-0.5875	0.027	-0.813735	NAN	
8.78	-0.98	-0.583	0.0215	-0.8134925	NAN	
8.79	-0.97	-0.5785	0.0305	-0.8132325	NAN	
8.8	-0.96	-0.5745	0.0275	-0.8129425	NAN	
8.81	-0.955	-0.57	0.036	-0.812625	NAN	
8.82	-0.945	-0.566	0.031	-0.81229	NAN	
8.83	-0.94	-0.5615	0.034	-0.811965	NAN	
8.84	-0.93	-0.5575	0.029	-0.81165	NAN	
8.85	-0.92	-0.553	0.039	-0.81131	NAN	
8.86	-0.915	-0.5485	0.0285	-0.8109725	NAN	
8.87	-0.905	-0.544	0.0375	-0.8106425	NAN	
8.88	-0.9	-0.54	0.031	-0.8103	NAN	
8.89	-0.89	-0.5355	0.0355	-0.8099675	NAN	
8.9	-0.88	-0.5315	0.032	-0.80963	NAN	
8.91	-0.875	-0.527	0.0395	-0.8092725	NAN	
8.92	-0.865	-0.5225	0.0355	-0.8088975	NAN	
8.93	-0.86	-0.5185	0.0445	-0.8084975	NAN	
8.94	-0.85	-0.514	0.037	-0.80809	NAN	
8.95	-0.84	-0.5095	0.0385	-0.8077125	NAN	
8.96	-0.835	-0.5055	0.029	-0.807375	NAN	
8.97	-0.825	-0.5005	0.044	-0.80701	NAN	
8.98	-0.82	-0.497	0.035	-0.806615	NAN	
8.99	-0.81	-0.4925	0.0405	-0.8062375	NAN	
9	-0.8	-0.4885	0.035	-0.80586	NAN	
9.01	-0.795	-0.4835	0.043	-0.80547	NAN	
9.02	-0.785	-0.4795	0.0435	-0.8050375	NAN	
9.03	-0.78	-0.475	0.0455	-0.8045925	NAN	
9.04	-0.77	-0.471	0.036	-0.804185	NAN	
9.05	-0.76	-0.4665	0.0505	-0.8037525	NAN	
9.06	-0.755	-0.4625	0.033	-0.803335	NAN	
9.07	-0.745	-0.458	0.046	-0.80294	NAN	
9.08	-0.74	-0.4535	0.044	-0.80249	NAN	
9.09	-0.73	-0.4495	0.0455	-0.8020425	NAN	
9.1	-0.72	-0.4455	0.0375	-0.8016275	NAN	
9.11	-0.715	-0.441	0.045	-0.801215	NAN	
9.12	-0.705	-0.4365	0.042	-0.80078	NAN	
9.13	-0.7	-0.4325	0.0525	-0.8003075	NAN	
9.14	-0.69	-0.4285	0.0455	-0.7998175	NAN	
9.15	-0.68	-0.4235	0.054	-0.79932	NAN	
9.16	-0.675	-0.4195	0.0425	-0.7988375	NAN	
9.17	-0.665	-0.4155	0.0505	-0.7983725	NAN	
9.18	-0.66	-0.411	0.046	-0.79789	NAN	
9.19	-0.65	-0.4065	0.0485	-0.7974175	NAN	
9.2	-0.64	-0.403	0.045	-0.79695	NAN	
9.21	-0.635	-0.399	0.0505	-0.7964725	NAN	
9.22	-0.625	-0.3945	0.046	-0.79599	NAN	
9.23	-0.62	-0.39	0.0545	-0.7954875	NAN	
9.24	-0.61	-0.3865	0.049	-0.79497	NAN	
9.25	-0.6	-0.382	0.0515	-0.7944675	NAN	
9.26	-0.595	-0.378	0.0495	-0.7939625	NAN	
9.27	-0.585	-0.374	0.0515	-0.7934575	NAN	
9.28	-0.58	-0.3695	0.042	-0.79299	NAN	
9.29	-0.57	-0.365	0.0455	-0.7925525	NAN	
9.3	-0.56	-0.361	0.0525	-0.7920625	NAN	
9.31	-0.555	-0.357	0.067	-0.791465	NAN	
9.32	-0.545	-0.353	0.058	-0.79084	NAN	
9.33	-0.54	-0.349	0.0605	-0.7902475	NAN	
9.34	-0.53	-0.345	0.048	-0.789705	NAN	
9.35	-0.52	-0.3405	0.064	-0.789145	NAN	
9.36	-0.515	-0.3365	0.056	-0.788545	NAN	
9.37	-0.505	-0.3325	0.0655	-0.7879375	NAN	
9.38	-0.5	-0.3285	0.0565	-0.7873275	NAN	
9.39	-0.49	-0.324	0.067	-0.78671	NAN	
9.4	-0.48	-0.32	0.06	-0.786075	NAN	
9.41	-0.475	-0.3155	0.0615	-0.7854675	NAN	
9.42	-0.465	-0.312	0.064	-0.78484	NAN	
9.43	-0.46	-0.308	0.0665	-0.7841875	NAN	
9.44	-0.45	-0.3035	0.063	-0.78354	NAN	
9.45	-0.44	-0.3	0.0695	-0.7828775	NAN	
9.46	-0.435	-0.2955	0.063	-0.782215	NAN	
9.47	-0.425	-0.2915	0.077	-0.781515	NAN	
9.48	-0.42	-0.2875	0.0655	-0.7808025	NAN	
9.49	-0.41	-0.2835	0.0745	-0.7801025	NAN	
9.5	-0.4	-0.28	0.07	-0.77938	NAN	
9.51	-0.395	-0.2755	0.074	-0.77866	NAN	
9.52	-0.385	-0.2715	0.074	-0.77792	NAN	
9.53	-0.38	-0.2675	0.0715	-0.7771925	NAN	
9.54	-0.37	-0.2635	0.071	-0.77648	NAN	
9.55	-0.36	-0.259	0.0715	-0.7757675	NAN	
9.56	-0.355	-0.255	0.078	-0.77502	NAN	
9.57	-0.345	-0.2515	0.088	-0.77419	NAN	
9.58	-0.34	-0.2475	0.076	-0.77337	NAN	
9.59	-0.33	-0.2435	0.0855	-0.7725625	NAN	
9.6	-0.32	-0.2395	0.0885	-0.7716925	NAN	
9.61	-0.315	-0.2355	0.077	-0.770865	NAN	
9.62	-0.305	-0.2315	0.0825	-0.7700675	NAN	
9.63	-0.3	-0.2275	0.0825	-0.7692425	NAN	
9.64	-0.29	-0.224	0.085	-0.768405	NAN	
9.65	-0.28	-0.22	0.087	-0.767545	NAN	
9.66	-0.275	-0.216	0.084	-0.76669	NAN	
9.67	-0.265	-0.212	0.098	-0.76578	NAN	
9.68	-0.26	-0.2085	0.086	-0.76486	NAN	
9.69	-0.25	-0.2045	0.1005	-0.7639275	NAN	
9.7	-0.24	-0.201	0.0875	-0.7629875	NAN	
9.71	-0.235	-0.197	0.1095	-0.7620025	NAN	
9.72	-0.225	-0.1935	0.1085	-0.7609125	NAN	
9.73	-0.22	-0.1895	0.103	-0.759855	NAN	
9.74	-0.21	-0.186	0.106	-0.75881	NAN	
9.75	-0.2	-0.1815	0.076	-0.7579	NAN	
9.76	-0.195	-0.178	0.111	-0.756965	NAN	
9.77	-0.185	-0.1745	0.11	-0.75586	NAN	
9.78	-0.18	-0.1705	0.103	-0.754795	NAN	
9.79	-0.17	-0.167	0.12	-0.75368	NAN	
9.8	-0.16	-0.163	0.1055	-0.7525525	NAN	
9.81	-0.155	-0.1595	0.123	-0.75141	NAN	
9.82	-0.145	-0.156	0.113	-0.75023	NAN	
9.83	-0.14	-0.1525	0.12	-0.749065	NAN	
9.84	-0.13	-0.1485	0.1155	-0.7478875	NAN	
9.85	-0.12	-0.145	0.1185	-0.7467175	NAN	
9.86	-0.115	-0.1415	0.1195	-0.7455275	NAN	
9.87	-0.105	-0.138	0.122	-0.74432	NAN	
9.88	-0.1	-0.1345	0.1205	-0.7431075	NAN	
9.89	-0.09	-0.131	0.1285	-0.7418625	NAN	
9.9	-0.08	-0.1275	0.1255	-0.7405925	NAN	
9.91	-0.075	-0.124	0.1325	-0.7393025	NAN	
9.92	-0.065	-0.1205	0.1345	-0.7379675	NAN	
9.93	-0.06	-0.117	0.141	-0.73659	NAN	
9.94	-0.05	-0.1135	0.133	-0.73522	NAN	
9.95	-0.04	-0.1105	0.1385	-0.7338625	NAN	
9.96	-0.035	-0.1065	0.138	-0.73248	NAN	
9.97	-0.025	-0.1035	0.1425	-0.7310775	NAN	
9.98	-0.02	-0.0995	0.143	-0.72965	NAN	
9.99	-0.01	-0.0965	0.1465	-0.7282025	NAN	
10	0	-0.093	0.145	-0.726745	NAN	
10.01	0.005	-0.0895	0.1505	-0.7252675	NAN	
10.02	0.015	-0.0865	0.1455	-0.7237875	NAN	
10.03	0.02	-0.083	0.1545	-0.7222875	NAN	
10.04	0.03	-0.08	0.1535	-0.7207475	NAN	
10.05	0.04	-0.0765	0.163	-0.719165	NAN	
10.06	0.045	-0.0735	0.159	-0.717555	NAN	
10.07	0.055	-0.07	0.1695	-0.7159125	NAN	
10.08	0.06	-0.067	0.163	-0.71425	NAN	
10.09	0.07	-0.064	0.1705	-0.7125825	NAN	
10.1	0.08	-0.0605	0.1665	-0.7108975	NAN	
10.11	0.085	-0.0575	0.174	-0.709195	NAN	
10.12	0.095	-0.0545	0.178	-0.707435	NAN	
10.13	0.1	-0.0515	0.179	-0.70565	NAN	
10.14	0.11	-0.048	0.184	-0.703835	NAN	
10.15	0.12	-0.045	0.185	-0.70199	NAN	
10.16	0.125	-0.042	0.1915	-0.7001075	NAN	
10.17	0.135	-0.0395	0.1965	-0.6981675	NAN	
10.18	0.14	-0.036	0.192	-0.696225	NAN	
10.19	0.15	-0.033	0.202	-0.694255	NAN	
10.2	0.16	-0.03	0.191	-0.69229	NAN	
10.21	0.165	-0.027	0.206	-0.690305	NAN	
10.22	0.175	-0.024	0.2005	-0.6882725	NAN	
10.23	0.18	-0.0215	0.209	-0.686225	NAN	
10.24	0.19	-0.0185	0.2035	-0.6841625	NAN	
10.25	0.2	-0.0155	0.217	-0.68206	NAN	
10.26	0.205	-0.0125	0.2125	-0.6799125	NAN	
10.27	0.215	-0.01	0.225	-0.677725	NAN	
10.28	0.22	-0.008	0.2305	-0.6754475	NAN	
10.29	0.23	-0.0045	0.2295	-0.6731475	NAN	
10.3	0.24	-0.001	0.2295	-0.6708525	NAN	
10.31	0.245	0.0015	0.236	-0.668525	NAN	
10.32	0.255	0.004	0.2335	-0.6661775	NAN	
10.33	0.26	0.0065	0.239	-0.663815	NAN	
10.34	0.27	0.0095	0.247	-0.661385	NAN	
10.35	0.28	0.012	0.246	-0.65892	NAN	
10.36	0.285	0.0145	0.249	-0.656445	NAN	
10.37	0.295	0.0175	0.26	-0.6539	NAN	
10.38	0.3	0.02	0.256	-0.65132	NAN	
10.39	0.31	0.0225	0.2685	-0.6486975	NAN	
10.4	0.32	0.025	0.262	-0.646045	NAN	
10.41	0.325	0.0275	0.275	-0.64336	NAN	
10.42	0.335	0.03	0.271	-0.64063	NAN	
10.43	0.34	0.0325	0.281	-0.63787	NAN	
10.44	0.35	0.035	0.2745	-0.6350925	NAN	
10.45	0.36	0.0375	0.284	-0.6323	NAN	
10.46	0.365	0.0395	0.285	-0.629455	NAN	
10.47	0.375	0.042	0.298	-0.62654	NAN	
10.48	0.38	0.0445	0.296	-0.62357	NAN	
10.49	0.39	0.047	0.3045	-0.6205675	NAN	
10.5	0.4	0.0495	0.303	-0.61753	NAN	
10.51	0.405	0.0515	0.309	-0.61447	NAN	
10.52	0.415	0.054	0.318	-0.611335	NAN	
10.53	0.42	0.056	0.32	-0.608145	NAN	
10.54	0.43	0.0585	0.326	-0.604915	NAN	
10.55	0.44	0.0605	0.32	-0.601685	NAN	
10.56	0.445	0.0625	0.3275	-0.5984475	NAN	
10.57	0.455	0.0645	0.334	-0.59514	NAN	
10.58	0.46	0.067	0.3355	-0.5917925	NAN	
10.59	0.47	0.0695	0.345	-0.58839	NAN	
10.6	0.48	0.071	0.3415	-0.5849575	NAN	
10.61	0.485	0.0735	0.352	-0.58149	NAN	
10.62	0.495	0.075	0.3545	-0.5779575	NAN	
10.63	0.5	0.0775	0.3615	-0.5743775	NAN	
10.64	0.51	0.0795	0.361	-0.570765	NAN	
10.65	0.52	0.0815	0.369	-0.567115	NAN	
10.66	0.525	0.0835	0.3675	-0.5634325	NAN	
10.67	0.535	0.0855	0.3835	-0.5596775	NAN	
10.68	0.54	0.0865	0.377	-0.555875	NAN	
10.69	0.55	0.089	0.393	-0.552025	NAN	
10.7	0.56	0.09	0.3855	-0.5481325	NAN	
10.71	0.565	0.0925	0.4025	-0.5441925	NAN	
10.72	0.575	0.094	0.4	-0.54018	NAN	
10.73	0.58	0.096	0.412	-0.53612	NAN	
10.74	0.59	0.0975	0.4075	-0.5320225	NAN	
10.75	0.6	0.0995	0.4185	-0.5278925	NAN	
10.76	0.605	0.101	0.416	-0.52372	NAN	
10.77	0.615	0.1025	0.4315	-0.5194825	NAN	
10.78	0.62	0.1045	0.426	-0.515195	NAN	
10.79	0.63	0.106	0.4435	-0.5108475	NAN	
10.8	0.64	0.1075	0.435	-0.506455	NAN	
10.81	0.645	0.1085	0.454	-0.50201	NAN	
10.82	0.655	0.11	0.45	-0.49749	NAN	
10.83	0.66	0.112	0.4665	-0.4929075	NAN	
10.84	0.67	0.1135	0.4605	-0.4882725	NAN	
10.85	0.68	0.1145	0.4735	-0.4836025	NAN	
10.86	0.685	0.116	0.4675	-0.4788975	NAN	
10.87	0.695	0.1175	0.4815	-0.4741525	NAN	
10.88	0.7	0.119	0.4825	-0.4693325	NAN	
10.89	0.71	0.1205	0.4915	-0.4644625	NAN	
10.9	0.72	0.122	0.49	-0.459555	NAN	
10.91	0.725	0.1235	0.513	-0.45454	NAN	
10.92	0.735	0.1245	0.5085	-0.4494325	NAN	
10.93	0.74	0.126	0.5175	-0.4443025	NAN	
10.94	0.75	0.1275	0.515	-0.43914	NAN	
10.95	0.76	0.129	0.531	-0.43391	NAN	
10.96	0.765	0.1305	0.525	-0.42863	NAN	
10.97	0.775	0.132	0.545	-0.42328	NAN	
10.98	0.78	0.133	0.534	-0.417885	NAN	
10.99	0.79	0.135	0.5495	-0.4124675	NAN	
11	0.8	0.1365	0.5475	-0.4069825	NAN	
11.01	0.805	0.138	0.5665	-0.4014125	NAN	
11.02	0.815	0.1395	0.56	-0.39578	NAN	
11.03	0.82	0.141	0.576	-0.3901	NAN	
11.04	0.83	0.143	0.5715	-0.3843625	NAN	
11.05	0.84	0.1445	0.585	-0.37858	NAN	
11.06	0.845	0.1465	0.5825	-0.3727425	NAN	
11.07	0.855	0.1485	0.596	-0.36685	NAN	
11.08	0.86	0.1505	0.589	-0.360925	NAN	
11.09	0.87	0.1525	0.6	-0.35498	NAN	
11.1	0.88	0.1545	0.5925	-0.3490175	NAN	
11.11	0.885	0.1565	0.6115	-0.3429975	NAN	
11.12	0.895	0.1585	0.6135	-0.3368725	NAN	
11.13	0.9	0.161	0.6195	-0.3307075	NAN	
11.14	0.91	0.163	0.6195	-0.3245125	NAN	
11.15	0.92	0.1655	0.623	-0.3183	NAN	
11.16	0.925	0.168	0.627	-0.31205	NAN	
11.17	0.935	0.1705	0.6355	-0.3057375	NAN	
11.18	0.94	0.1725	0.6355	-0.2993825	NAN	
11.19	0.95	0.175	0.641	-0.293	NAN	
11.2	0.96	0.1775	0.6395	-0.2865975	NAN	
11.21	0.965	0.18	0.645	-0.280175	NAN	
11.22	0.975	0.1825	0.6495	-0.2737025	NAN	
11.23	0.98	0.1855	0.652	-0.267195	NAN	
11.24	0.99	0.188	0.657	-0.26065	NAN	
11.25	1	0.1905	0.656	-0.254085	NAN	
11.26	1.005	0.1935	0.663	-0.24749	NAN	
11.27	1.015	0.196	0.669	-0.24083	NAN	
11.28	1.02	0.199	0.6675	-0.2341475	NAN	
11.29	1.03	0.202	0.677	-0.227425	NAN	
11.3	1.04	0.2045	0.6685	-0.2206975	NAN	
11.31	1.045	0.208	0.68	-0.213955	NAN	
11.32	1.055	0.211	0.6745	-0.2071825	NAN	
11.33	1.06	0.2145	0.682	-0.2004	NAN	
11.34	1.07	0.2175	0.6795	-0.1935925	NAN	
11.35	1.08	0.2215	0.68	-0.186795	NAN	
11.36	1.085	0.225	0.6795	-0.1799975	NAN	
11.37	1.095	0.229	0.69	-0.17315	NAN	
11.38	1.1	0.233	0.684	-0.16628	NAN	
11.39	1.11	0.2365	0.693	-0.159395	NAN	
11.4	1.12	0.2405	0.684	-0.15251	NAN	
11.41	1.125	0.245	0.6905	-0.1456375	NAN	
11.42	1.135	0.249	0.6865	-0.1387525	NAN	
11.43	1.14	0.2535	0.687	-0.131885	NAN	
11.44	1.15	0.2585	0.688	-0.12501	NAN	
11.45	1.16	0.263	0.6855	-0.1181425	NAN	
11.46	1.165	0.2675	0.6845	-0.1112925	NAN	
11.47	1.175	0.2725	0.689	-0.104425	NAN	
11.48	1.18	0.278	0.6805	-0.0975775	NAN	
11.49	1.19	0.2835	0.685	-0.09075	NAN	
11.5	1.2	0.289	0.677	-0.08394	NAN	
11.51	1.205	0.2945	0.68	-0.077155	NAN	
11.52	1.215	0.3005	0.675	-0.07038	NAN	
11.53	1.22	0.3065	0.6695	-0.0636575	NAN	
11.54	1.23	0.3135	0.664	-0.05699	NAN	
11.55	1.24	0.32	0.665	-0.050345	NAN	
11.56	1.245	0.327	0.6525	-0.0437575	NAN	
11.57	1.255	0.334	0.6595	-0.0371975	NAN	
11.58	1.26	0.3415	0.6415	-0.0306925	NAN	
11.59	1.27	0.349	0.645	-0.02426	NAN	
11.6	1.28	0.3575	0.6275	-0.0178975	NAN	
11.61	1.285	0.366	0.632	-0.0116	NAN	
11.62	1.295	0.3745	0.618	-0.00535	NAN	
11.63	1.3	0.3835	0.6125	0.0008025	NAN	
11.64	1.31	0.393	0.5955	0.0068425	NAN	
11.65	1.32	0.4025	0.593	0.012785	NAN	
11.66	1.325	0.413	0.576	0.01863	NAN	
11.67	1.335	0.4235	0.5775	0.0243975	NAN	
11.68	1.34	0.434	0.5545	0.0300575	NAN	
11.69	1.35	0.4455	0.551	0.035585	NAN	
11.7	1.36	0.4565	0.5275	0.0409775	NAN	
11.71	1.365	0.4685	0.5255	0.0462425	NAN	
11.72	1.375	0.4805	0.5035	0.0513875	NAN	
11.73	1.38	0.4935	0.4945	0.0563775	NAN	
11.74	1.39	0.506	0.472	0.06121	NAN	
11.75	1.4	0.5195	0.461	0.065875	NAN	
11.76	1.405	0.533	0.44	0.07038	NAN	
11.77	1.415	0.5465	0.432	0.07474	NAN	
11.78	1.42	0.56	0.405	0.078925	NAN	
11.79	1.43	0.574	0.3985	0.0829425	NAN	
11.8	1.44	0.5885	0.37	0.086785	NAN	
11.81	1.445	0.6025	0.364	0.090455	NAN	
11.82	1.455	0.617	0.34	0.093975	NAN	
11.83	1.46	0.6315	0.3285	0.0973175	NAN	
11.84	1.47	0.6455	0.302	0.10047	NAN	
11.85	1.48	0.6595	0.293	0.103445	NAN	
11.86	1.485	0.6735	0.266	0.10624	NAN	
11.87	1.495	0.687	0.264	0.10889	NAN	
11.88	1.5	0.7005	0.2355	0.1113875	NAN	
11.89	1.51	0.7135	0.2295	0.1137125	NAN	
11.9	1.52	0.726	0.21	0.11591	NAN	
11.91	1.525	0.738	0.2005	0.1179625	NAN	
11.92	1.535	0.75	0.1885	0.1199075	NAN	
11.93	1.54	0.762	0.1765	0.1217325	NAN	
11.94	1.55	0.773	0.166	0.123445	NAN	
11.95	1.56	0.7835	0.156	0.125055	NAN	
11.96	1.565	0.7935	0.138	0.126525	NAN	
11.97	1.575	0.8035	0.1345	0.1278875	NAN	
11.98	1.58	0.813	0.0975	0.1290475	NAN	
11.99	1.59	0.822	0.1185	0.1301275	NAN	
12	1.6	0.8305	0.1155	0.1312975	NAN	
12.01	1.605	0.839	0.111	0.13243	NAN	
12.02	1.615	0.8465	0.094	0.133455	NAN	
12.03	1.62	0.854	0.0905	0.1343775	NAN	
12.04	1.63	0.8615	0.093	0.135295	NAN	
12.05	1.64	0.8685	0.088	0.1362	NAN	
12.06	1.645	0.875	0.0805	0.1370425	NAN	
12.07	1.655	0.8815	0.076	0.137825	NAN	
12.08	1.66	0.888	0.068	0.138545	NAN	
12.09	1.67	0.894	0.0735	0.1392525	NAN	
12.1	1.68	0.9	0.0595	0.1399175	NAN	
12.11	1.685	0.906	0.071	0.14057	NAN	
12.12	1.695	0.9115	0.059	0.14122	NAN	
12.13	1.7	0.9175	0.0655	0.1418425	NAN	
12.14	1.71	0.9225	0.0565	0.1424525	NAN	
12.15	1.72	0.9275	0.058	0.143025	NAN	
12.16	1.725	0.933	0.0545	0.1435875	NAN	
12.17	1.735	0.938	0.056	0.14414	NAN	
12.18	1.74	0.943	0.0505	0.1446725	NAN	
12.19	1.75	0.948	0.0535	0.1451925	NAN	
12.2	1.76	0.9525	0.0425	0.1456725	NAN	
12.21	1.765	0.9575	0.0525	0.1461475	NAN	
12.22	1.775	0.962	0.044	0.14663	NAN	
12.23	1.78	0.967	0.05	0.1471	NAN	
12.24	1.79	0.9715	0.043	0.147565	NAN	
12.25	1.8	0.976	0.047	0.148015	NAN	
12.26	1.805	0.9805	0.044	0.14847	NAN	
12.27	1.815	0.985	0.0465	0.1489225	NAN	
12.28	1.82	0.9895	0.0425	0.1493675	NAN	
12.29	1.83	0.9945	0.0475	0.1498175	NAN	
12.3	1.84	0.9985	0.0375	0.1502425	NAN	
12.31	1.845	1.003	0.047	0.150665	NAN	
12.32	1.855	1.0075	0.037	0.151085	NAN	
12.33	1.86	1.012	0.0455	0.1514975	NAN	
12.34	1.87	1.0165	0.038	0.151915	NAN	
12.35	1.88	1.02	0.042	0.152315	NAN	
12.36	1.885	1.02	0.039	0.15272	NAN	
12.37	1.895	1.02	0.0435	0.1531325	NAN	
12.38	1.9	1.02	0.038	0.15354	NAN	
12.39	1.91	1.02	0.044	0.15395	NAN	
12.4	1.92	1.02	0.034	0.15434	NAN	
12.41	1.925	1.02	0.0435	0.1547275	NAN	
12.42	1.935	1.02	0.0315	0.1551025	NAN	
12.43	1.94	1.02	0.041	0.155465	NAN	
12.44	1.95	1.02	0.032	0.15583	NAN	
12.45	1.96	1.02	0.039	0.156185	NAN	
12.46	1.965	1.02	0.037	0.156565	NAN	
12.47	1.975	1.02	0.0415	0.1569575	NAN	
12.48	1.98	1.02	0.0355	0.1573425	NAN	
12.49	1.99	1.02	0.0415	0.1577275	NAN	
12.5	2	1.02	0.034	0.158105	NAN	
